Число узлов n = 11
--------------------------------------------------------------------------------------
|    x    |          u(z)          |          f(z)          |     f(z) integral      |
--------------------------------------------------------------------------------------
| 0.00000 |    3.8086206839e-07    |    0.0000000000e+00    |    0.0000000000e+00    |
| 0.10000 |    3.7839105432e-07    |   -0.0000000000e+00    |    1.1740503345e+03    |
| 0.20000 |    3.8086206839e-07    |    3.2247614033e+02    |    2.3345962451e+03    |
| 0.30000 |    3.7608621151e-07    |    2.0198529441e+03    |    3.4414918018e+03    |
| 0.40000 |    3.6664984037e-07    |    3.3474136071e+03    |    4.4001459869e+03    |
| 0.50000 |    3.5351462354e-07    |    4.6091754519e+03    |    5.0617794352e+03    |
| 0.60000 |    3.3829629401e-07    |    5.8006171235e+03    |    5.2825681304e+03    |
| 0.70000 |    3.2354524231e-07    |    6.9358113631e+03    |    5.0413723789e+03    |
| 0.80000 |    3.1205299545e-07    |    8.3321707991e+03    |    4.5220244631e+03    |
| 0.90000 |    3.0537731288e-07    |    1.1808486031e+04    |    3.9929614863e+03    |
| 1.00000 |    3.0296581384e-07    |    9.7350462754e+03    |    3.5771560827e+03    |
--------------------------------------------------------------------------------------