Число узлов n = 1001
--------------------------------------------------------------------------------------
|    x    |          u(z)          |          f(z)          |     f(z) integral      |
--------------------------------------------------------------------------------------
| 0.00000 |    3.9205105618e-07    |    0.0000000000e+00    |    0.0000000000e+00    |
| 0.00100 |    3.9205080892e-07    |   -1.4756992398e-09    |    1.1675152141e+01    |
| 0.00200 |    3.9205105618e-07    |    3.1884908650e+00    |    2.3350302951e+01    |
| 0.00300 |    3.9205058015e-07    |    1.9955639695e+01    |    3.5025455873e+01    |
| 0.00400 |    3.9204962439e-07    |    3.2843178568e+01    |    4.6700615423e+01    |
| 0.00500 |    3.9204822370e-07    |    4.5084124480e+01    |    5.8375785136e+01    |
| 0.00600 |    3.9204638967e-07    |    5.7089955345e+01    |    7.0050968432e+01    |
| 0.00700 |    3.9204412758e-07    |    6.8982760405e+01    |    8.1726168683e+01    |
| 0.00800 |    3.9204144027e-07    |    8.0812281714e+01    |    9.3401389231e+01    |
| 0.00900 |    3.9203832943e-07    |    9.2602727012e+01    |    1.0507663339e+02    |
| 0.01000 |    3.9203479617e-07    |    1.0436732875e+02    |    1.1675190443e+02    |
| 0.01100 |    3.9203084124e-07    |    1.1611394369e+02    |    1.2842720560e+02    |
| 0.01200 |    3.9202646517e-07    |    1.2784753626e+02    |    1.4010254012e+02    |
| 0.01300 |    3.9202166838e-07    |    1.3957139972e+02    |    1.5177791115e+02    |
| 0.01400 |    3.9201645114e-07    |    1.5128780606e+02    |    1.6345332183e+02    |
| 0.01500 |    3.9201081371e-07    |    1.6299837414e+02    |    1.7512877526e+02    |
| 0.01600 |    3.9200475627e-07    |    1.7470428916e+02    |    1.8680427446e+02    |
| 0.01700 |    3.9199827895e-07    |    1.8640643909e+02    |    1.9847982245e+02    |
| 0.01800 |    3.9199138190e-07    |    1.9810550263e+02    |    2.1015542216e+02    |
| 0.01900 |    3.9198406520e-07    |    2.0980200762e+02    |    2.2183107647e+02    |
| 0.02000 |    3.9197632894e-07    |    2.2149637091e+02    |    2.3350678821e+02    |
| 0.02100 |    3.9196817318e-07    |    2.3318892625e+02    |    2.4518256014e+02    |
| 0.02200 |    3.9195959800e-07    |    2.4487994409e+02    |    2.5685839497e+02    |
| 0.02300 |    3.9195060344e-07    |    2.5656964602e+02    |    2.6853429533e+02    |
| 0.02400 |    3.9194118954e-07    |    2.6825821541e+02    |    2.8021026377e+02    |
| 0.02500 |    3.9193135635e-07    |    2.7994580538e+02    |    2.9188630278e+02    |
| 0.02600 |    3.9192110389e-07    |    2.9163254483e+02    |    3.0356241475e+02    |
| 0.02700 |    3.9191043219e-07    |    3.0331854312e+02    |    3.1523860203e+02    |
| 0.02800 |    3.9189934128e-07    |    3.1500389367e+02    |    3.2691486684e+02    |
| 0.02900 |    3.9188783118e-07    |    3.2668867678e+02    |    3.3859121133e+02    |
| 0.03000 |    3.9187590192e-07    |    3.3837296189e+02    |    3.5026763757e+02    |
| 0.03100 |    3.9186355350e-07    |    3.5005680938e+02    |    3.6194414752e+02    |
| 0.03200 |    3.9185078594e-07    |    3.6174027203e+02    |    3.7362074304e+02    |
| 0.03300 |    3.9183759926e-07    |    3.7342339614e+02    |    3.8529742591e+02    |
| 0.03400 |    3.9182399347e-07    |    3.8510622256e+02    |    3.9697419779e+02    |
| 0.03500 |    3.9180996858e-07    |    3.9678878742e+02    |    4.0865106023e+02    |
| 0.03600 |    3.9179552460e-07    |    4.0847112284e+02    |    4.2032801467e+02    |
| 0.03700 |    3.9178066154e-07    |    4.2015325742e+02    |    4.3200506245e+02    |
| 0.03800 |    3.9176537940e-07    |    4.3183521673e+02    |    4.4368220477e+02    |
| 0.03900 |    3.9174967819e-07    |    4.4351702368e+02    |    4.5535944274e+02    |
| 0.04000 |    3.9173355792e-07    |    4.5519869884e+02    |    4.6703677731e+02    |
| 0.04100 |    3.9171701859e-07    |    4.6688026072e+02    |    4.7871420933e+02    |
| 0.04200 |    3.9170006021e-07    |    4.7856172602e+02    |    4.9039173951e+02    |
| 0.04300 |    3.9168268279e-07    |    4.9024310979e+02    |    5.0206936844e+02    |
| 0.04400 |    3.9166488632e-07    |    5.0192442563e+02    |    5.1374709654e+02    |
| 0.04500 |    3.9164667082e-07    |    5.1360568584e+02    |    5.2542492412e+02    |
| 0.04600 |    3.9162803628e-07    |    5.2528690153e+02    |    5.3710285134e+02    |
| 0.04700 |    3.9160898271e-07    |    5.3696808274e+02    |    5.4878087821e+02    |
| 0.04800 |    3.9158951011e-07    |    5.4864923854e+02    |    5.6045900460e+02    |
| 0.04900 |    3.9156961848e-07    |    5.6033037710e+02    |    5.7213723020e+02    |
| 0.05000 |    3.9154930783e-07    |    5.7201150578e+02    |    5.8381555457e+02    |
| 0.05100 |    3.9152857817e-07    |    5.8369263118e+02    |    5.9549397711e+02    |
| 0.05200 |    3.9150742948e-07    |    5.9537375920e+02    |    6.0717249704e+02    |
| 0.05300 |    3.9148586178e-07    |    6.0705489508e+02    |    6.1885111343e+02    |
| 0.05400 |    3.9146387506e-07    |    6.1873604348e+02    |    6.3052982517e+02    |
| 0.05500 |    3.9144146934e-07    |    6.3041720845e+02    |    6.4220863098e+02    |
| 0.05600 |    3.9141864460e-07    |    6.4209839354e+02    |    6.5388752941e+02    |
| 0.05700 |    3.9139540087e-07    |    6.5377960179e+02    |    6.6556651883e+02    |
| 0.05800 |    3.9137173813e-07    |    6.6546083572e+02    |    6.7724559742e+02    |
| 0.05900 |    3.9134765639e-07    |    6.7714209745e+02    |    6.8892476318e+02    |
| 0.06000 |    3.9132315565e-07    |    6.8882338861e+02    |    7.0060401392e+02    |
| 0.06100 |    3.9129823592e-07    |    7.0050471045e+02    |    7.1228334726e+02    |
| 0.06200 |    3.9127289720e-07    |    7.1218606379e+02    |    7.2396276061e+02    |
| 0.06300 |    3.9124713949e-07    |    7.2386744907e+02    |    7.3564225121e+02    |
| 0.06400 |    3.9122096280e-07    |    7.3554886636e+02    |    7.4732181608e+02    |
| 0.06500 |    3.9119436713e-07    |    7.4723031536e+02    |    7.5900145203e+02    |
| 0.06600 |    3.9116735249e-07    |    7.5891179539e+02    |    7.7068115568e+02    |
| 0.06700 |    3.9113991888e-07    |    7.7059330546e+02    |    7.8236092341e+02    |
| 0.06800 |    3.9111206630e-07    |    7.8227484422e+02    |    7.9404075141e+02    |
| 0.06900 |    3.9108379476e-07    |    7.9395640998e+02    |    8.0572063565e+02    |
| 0.07000 |    3.9105510426e-07    |    8.0563800073e+02    |    8.1740057187e+02    |
| 0.07100 |    3.9102599482e-07    |    8.1731961414e+02    |    8.2908055558e+02    |
| 0.07200 |    3.9099646643e-07    |    8.2900124754e+02    |    8.4076058207e+02    |
| 0.07300 |    3.9096651911e-07    |    8.4068289798e+02    |    8.5244064641e+02    |
| 0.07400 |    3.9093615285e-07    |    8.5236456215e+02    |    8.6412074342e+02    |
| 0.07500 |    3.9090536768e-07    |    8.6404623647e+02    |    8.7580086769e+02    |
| 0.07600 |    3.9087416359e-07    |    8.7572791702e+02    |    8.8748101355e+02    |
| 0.07700 |    3.9084254060e-07    |    8.8740959960e+02    |    8.9916117512e+02    |
| 0.07800 |    3.9081049871e-07    |    8.9909127969e+02    |    9.1084134625e+02    |
| 0.07900 |    3.9077803793e-07    |    9.1077295246e+02    |    9.2252152054e+02    |
| 0.08000 |    3.9074515828e-07    |    9.2245461279e+02    |    9.3420169133e+02    |
| 0.08100 |    3.9071185976e-07    |    9.3413625525e+02    |    9.4588185173e+02    |
| 0.08200 |    3.9067814238e-07    |    9.4581787409e+02    |    9.5756199457e+02    |
| 0.08300 |    3.9064400617e-07    |    9.5749946328e+02    |    9.6924211241e+02    |
| 0.08400 |    3.9060945112e-07    |    9.6918101648e+02    |    9.8092219756e+02    |
| 0.08500 |    3.9057447725e-07    |    9.8086252702e+02    |    9.9260224204e+02    |
| 0.08600 |    3.9053908458e-07    |    9.9254398797e+02    |    1.0042822376e+03    |
| 0.08700 |    3.9050327311e-07    |    1.0042253920e+03    |    1.0159621758e+03    |
| 0.08800 |    3.9046704288e-07    |    1.0159067317e+03    |    1.0276420477e+03    |
| 0.08900 |    3.9043039388e-07    |    1.0275879990e+03    |    1.0393218443e+03    |
| 0.09000 |    3.9039332614e-07    |    1.0392691858e+03    |    1.0510015563e+03    |
| 0.09100 |    3.9035583968e-07    |    1.0509502835e+03    |    1.0626811739e+03    |
| 0.09200 |    3.9031793451e-07    |    1.0626312834e+03    |    1.0743606873e+03    |
| 0.09300 |    3.9027961065e-07    |    1.0743121763e+03    |    1.0860400861e+03    |
| 0.09400 |    3.9024086812e-07    |    1.0859929528e+03    |    1.0977193599e+03    |
| 0.09500 |    3.9020170695e-07    |    1.0976736031e+03    |    1.1093984977e+03    |
| 0.09600 |    3.9016212715e-07    |    1.1093541171e+03    |    1.1210774885e+03    |
| 0.09700 |    3.9012212874e-07    |    1.1210344843e+03    |    1.1327563208e+03    |
| 0.09800 |    3.9008171176e-07    |    1.1327146941e+03    |    1.1444349827e+03    |
| 0.09900 |    3.9004087622e-07    |    1.1443947353e+03    |    1.1561134622e+03    |
| 0.10000 |    3.8999962215e-07    |    1.1560745966e+03    |    1.1677917470e+03    |
| 0.10100 |    3.8995794958e-07    |    1.1677542662e+03    |    1.1794698242e+03    |
| 0.10200 |    3.8991585853e-07    |    1.1794337320e+03    |    1.1911476808e+03    |
| 0.10300 |    3.8987334903e-07    |    1.1911129817e+03    |    1.2028253034e+03    |
| 0.10400 |    3.8983042111e-07    |    1.2027920024e+03    |    1.2145026783e+03    |
| 0.10500 |    3.8978707481e-07    |    1.2144707811e+03    |    1.2261797915e+03    |
| 0.10600 |    3.8974331014e-07    |    1.2261493044e+03    |    1.2378566286e+03    |
| 0.10700 |    3.8969912716e-07    |    1.2378275584e+03    |    1.2495331748e+03    |
| 0.10800 |    3.8965452588e-07    |    1.2495055290e+03    |    1.2612094151e+03    |
| 0.10900 |    3.8960950636e-07    |    1.2611832018e+03    |    1.2728853340e+03    |
| 0.11000 |    3.8956406861e-07    |    1.2728605618e+03    |    1.2845609158e+03    |
| 0.11100 |    3.8951821268e-07    |    1.2845375940e+03    |    1.2962361443e+03    |
| 0.11200 |    3.8947193861e-07    |    1.2962142826e+03    |    1.3079110032e+03    |
| 0.11300 |    3.8942524645e-07    |    1.3078906118e+03    |    1.3195854754e+03    |
| 0.11400 |    3.8937813622e-07    |    1.3195665653e+03    |    1.3312595438e+03    |
| 0.11500 |    3.8933060797e-07    |    1.3312421265e+03    |    1.3429331909e+03    |
| 0.11600 |    3.8928266176e-07    |    1.3429172782e+03    |    1.3546063987e+03    |
| 0.11700 |    3.8923429762e-07    |    1.3545920031e+03    |    1.3662791489e+03    |
| 0.11800 |    3.8918551560e-07    |    1.3662662834e+03    |    1.3779514228e+03    |
| 0.11900 |    3.8913631575e-07    |    1.3779401009e+03    |    1.3896232012e+03    |
| 0.12000 |    3.8908669812e-07    |    1.3896134370e+03    |    1.4012944649e+03    |
| 0.12100 |    3.8903666276e-07    |    1.4012862729e+03    |    1.4129651939e+03    |
| 0.12200 |    3.8898620973e-07    |    1.4129585891e+03    |    1.4246353679e+03    |
| 0.12300 |    3.8893533908e-07    |    1.4246303660e+03    |    1.4363049665e+03    |
| 0.12400 |    3.8888405086e-07    |    1.4363015834e+03    |    1.4479739684e+03    |
| 0.12500 |    3.8883234514e-07    |    1.4479722209e+03    |    1.4596423525e+03    |
| 0.12600 |    3.8878022197e-07    |    1.4596422574e+03    |    1.4713100967e+03    |
| 0.12700 |    3.8872768142e-07    |    1.4713116717e+03    |    1.4829771790e+03    |
| 0.12800 |    3.8867472355e-07    |    1.4829804420e+03    |    1.4946435766e+03    |
| 0.12900 |    3.8862134842e-07    |    1.4946485463e+03    |    1.5063092666e+03    |
| 0.13000 |    3.8856755611e-07    |    1.5063159619e+03    |    1.5179742255e+03    |
| 0.13100 |    3.8851334667e-07    |    1.5179826658e+03    |    1.5296384293e+03    |
| 0.13200 |    3.8845872018e-07    |    1.5296486348e+03    |    1.5413018539e+03    |
| 0.13300 |    3.8840367671e-07    |    1.5413138450e+03    |    1.5529644745e+03    |
| 0.13400 |    3.8834821634e-07    |    1.5529782721e+03    |    1.5646262659e+03    |
| 0.13500 |    3.8829233914e-07    |    1.5646418914e+03    |    1.5762872027e+03    |
| 0.13600 |    3.8823604519e-07    |    1.5763046780e+03    |    1.5879472587e+03    |
| 0.13700 |    3.8817933457e-07    |    1.5879666062e+03    |    1.5996064076e+03    |
| 0.13800 |    3.8812220736e-07    |    1.5996276502e+03    |    1.6112646224e+03    |
| 0.13900 |    3.8806466365e-07    |    1.6112877834e+03    |    1.6229218759e+03    |
| 0.14000 |    3.8800670352e-07    |    1.6229469791e+03    |    1.6345781403e+03    |
| 0.14100 |    3.8794832706e-07    |    1.6346052099e+03    |    1.6462333873e+03    |
| 0.14200 |    3.8788953436e-07    |    1.6462624482e+03    |    1.6578875883e+03    |
| 0.14300 |    3.8783032552e-07    |    1.6579186656e+03    |    1.6695407142e+03    |
| 0.14400 |    3.8777070062e-07    |    1.6695738337e+03    |    1.6811927354e+03    |
| 0.14500 |    3.8771065977e-07    |    1.6812279232e+03    |    1.6928436219e+03    |
| 0.14600 |    3.8765020307e-07    |    1.6928809047e+03    |    1.7044933432e+03    |
| 0.14700 |    3.8758933061e-07    |    1.7045327481e+03    |    1.7161418682e+03    |
| 0.14800 |    3.8752804251e-07    |    1.7161834228e+03    |    1.7277891656e+03    |
| 0.14900 |    3.8746633886e-07    |    1.7278328980e+03    |    1.7394352035e+03    |
| 0.15000 |    3.8740421978e-07    |    1.7394811421e+03    |    1.7510799494e+03    |
| 0.15100 |    3.8734168537e-07    |    1.7511281234e+03    |    1.7627233705e+03    |
| 0.15200 |    3.8727873576e-07    |    1.7627738093e+03    |    1.7743654335e+03    |
| 0.15300 |    3.8721537106e-07    |    1.7744181671e+03    |    1.7860061046e+03    |
| 0.15400 |    3.8715159139e-07    |    1.7860611633e+03    |    1.7976453493e+03    |
| 0.15500 |    3.8708739686e-07    |    1.7977027642e+03    |    1.8092831329e+03    |
| 0.15600 |    3.8702278761e-07    |    1.8093429354e+03    |    1.8209194202e+03    |
| 0.15700 |    3.8695776376e-07    |    1.8209816421e+03    |    1.8325541752e+03    |
| 0.15800 |    3.8689232544e-07    |    1.8326188489e+03    |    1.8441873618e+03    |
| 0.15900 |    3.8682647278e-07    |    1.8442545201e+03    |    1.8558189430e+03    |
| 0.16000 |    3.8676020592e-07    |    1.8558886194e+03    |    1.8674488817e+03    |
| 0.16100 |    3.8669352499e-07    |    1.8675211098e+03    |    1.8790771400e+03    |
| 0.16200 |    3.8662643014e-07    |    1.8791519541e+03    |    1.8907036795e+03    |
| 0.16300 |    3.8655892151e-07    |    1.8907811145e+03    |    1.9023284615e+03    |
| 0.16400 |    3.8649099925e-07    |    1.9024085525e+03    |    1.9139514465e+03    |
| 0.16500 |    3.8642266350e-07    |    1.9140342294e+03    |    1.9255725947e+03    |
| 0.16600 |    3.8635391442e-07    |    1.9256581057e+03    |    1.9371918658e+03    |
| 0.16700 |    3.8628475217e-07    |    1.9372801415e+03    |    1.9488092187e+03    |
| 0.16800 |    3.8621517689e-07    |    1.9489002965e+03    |    1.9604246121e+03    |
| 0.16900 |    3.8614518877e-07    |    1.9605185295e+03    |    1.9720380039e+03    |
| 0.17000 |    3.8607478795e-07    |    1.9721347993e+03    |    1.9836493517e+03    |
| 0.17100 |    3.8600397461e-07    |    1.9837490636e+03    |    1.9952586123e+03    |
| 0.17200 |    3.8593274892e-07    |    1.9953612800e+03    |    2.0068657422e+03    |
| 0.17300 |    3.8586111106e-07    |    2.0069714054e+03    |    2.0184706973e+03    |
| 0.17400 |    3.8578906119e-07    |    2.0185793961e+03    |    2.0300734329e+03    |
| 0.17500 |    3.8571659951e-07    |    2.0301852080e+03    |    2.0416739037e+03    |
| 0.17600 |    3.8564372620e-07    |    2.0417887963e+03    |    2.0532720640e+03    |
| 0.17700 |    3.8557044144e-07    |    2.0533901158e+03    |    2.0648678674e+03    |
| 0.17800 |    3.8549674543e-07    |    2.0649891206e+03    |    2.0764612671e+03    |
| 0.17900 |    3.8542263836e-07    |    2.0765857644e+03    |    2.0880522156e+03    |
| 0.18000 |    3.8534812044e-07    |    2.0881800001e+03    |    2.0996406649e+03    |
| 0.18100 |    3.8527319185e-07    |    2.0997717804e+03    |    2.1112265664e+03    |
| 0.18200 |    3.8519785282e-07    |    2.1113610571e+03    |    2.1228098709e+03    |
| 0.18300 |    3.8512210354e-07    |    2.1229477816e+03    |    2.1343905289e+03    |
| 0.18400 |    3.8504594424e-07    |    2.1345319047e+03    |    2.1459684899e+03    |
| 0.18500 |    3.8496937512e-07    |    2.1461133767e+03    |    2.1575437032e+03    |
| 0.18600 |    3.8489239642e-07    |    2.1576921472e+03    |    2.1691161172e+03    |
| 0.18700 |    3.8481500834e-07    |    2.1692681653e+03    |    2.1806856801e+03    |
| 0.18800 |    3.8473721113e-07    |    2.1808413795e+03    |    2.1922523391e+03    |
| 0.18900 |    3.8465900502e-07    |    2.1924117377e+03    |    2.2038160412e+03    |
| 0.19000 |    3.8458039023e-07    |    2.2039791873e+03    |    2.2153767324e+03    |
| 0.19100 |    3.8450136702e-07    |    2.2155436750e+03    |    2.2269343585e+03    |
| 0.19200 |    3.8442193562e-07    |    2.2271051470e+03    |    2.2384888646e+03    |
| 0.19300 |    3.8434209628e-07    |    2.2386635489e+03    |    2.2500401950e+03    |
| 0.19400 |    3.8426184926e-07    |    2.2502188256e+03    |    2.2615882936e+03    |
| 0.19500 |    3.8418119481e-07    |    2.2617709215e+03    |    2.2731331036e+03    |
| 0.19600 |    3.8410013320e-07    |    2.2733197804e+03    |    2.2846745678e+03    |
| 0.19700 |    3.8401866468e-07    |    2.2848653455e+03    |    2.2962126282e+03    |
| 0.19800 |    3.8393678954e-07    |    2.2964075594e+03    |    2.3077472261e+03    |
| 0.19900 |    3.8385450803e-07    |    2.3079463640e+03    |    2.3192783024e+03    |
| 0.20000 |    3.8377182045e-07    |    2.3194817007e+03    |    2.3308057974e+03    |
| 0.20100 |    3.8368872706e-07    |    2.3310135103e+03    |    2.3423296506e+03    |
| 0.20200 |    3.8360522817e-07    |    2.3425417329e+03    |    2.3538498009e+03    |
| 0.20300 |    3.8352132405e-07    |    2.3540663080e+03    |    2.3653661869e+03    |
| 0.20400 |    3.8343701502e-07    |    2.3655871746e+03    |    2.3768787461e+03    |
| 0.20500 |    3.8335230135e-07    |    2.3771042708e+03    |    2.3883874157e+03    |
| 0.20600 |    3.8326718338e-07    |    2.3886175345e+03    |    2.3998921322e+03    |
| 0.20700 |    3.8318166139e-07    |    2.4001269026e+03    |    2.4113928315e+03    |
| 0.20800 |    3.8309573571e-07    |    2.4116323115e+03    |    2.4228894487e+03    |
| 0.20900 |    3.8300940666e-07    |    2.4231336970e+03    |    2.4343819185e+03    |
| 0.21000 |    3.8292267456e-07    |    2.4346309943e+03    |    2.4458701748e+03    |
| 0.21100 |    3.8283553974e-07    |    2.4461241379e+03    |    2.4573541509e+03    |
| 0.21200 |    3.8274800253e-07    |    2.4576130616e+03    |    2.4688337796e+03    |
| 0.21300 |    3.8266006327e-07    |    2.4690976988e+03    |    2.4803089928e+03    |
| 0.21400 |    3.8257172232e-07    |    2.4805779819e+03    |    2.4917797220e+03    |
| 0.21500 |    3.8248298000e-07    |    2.4920538431e+03    |    2.5032458978e+03    |
| 0.21600 |    3.8239383669e-07    |    2.5035252135e+03    |    2.5147074504e+03    |
| 0.21700 |    3.8230429273e-07    |    2.5149920239e+03    |    2.5261643093e+03    |
| 0.21800 |    3.8221434850e-07    |    2.5264542042e+03    |    2.5376164032e+03    |
| 0.21900 |    3.8212400436e-07    |    2.5379116839e+03    |    2.5490636602e+03    |
| 0.22000 |    3.8203326069e-07    |    2.5493643917e+03    |    2.5605060079e+03    |
| 0.22100 |    3.8194211787e-07    |    2.5608122555e+03    |    2.5719433731e+03    |
| 0.22200 |    3.8185057628e-07    |    2.5722552029e+03    |    2.5833756819e+03    |
| 0.22300 |    3.8175863631e-07    |    2.5836931606e+03    |    2.5948028599e+03    |
| 0.22400 |    3.8166629837e-07    |    2.5951260546e+03    |    2.6062248318e+03    |
| 0.22500 |    3.8157356284e-07    |    2.6065538104e+03    |    2.6176415219e+03    |
| 0.22600 |    3.8148043015e-07    |    2.6179763528e+03    |    2.6290528537e+03    |
| 0.22700 |    3.8138690070e-07    |    2.6293936057e+03    |    2.6404587499e+03    |
| 0.22800 |    3.8129297491e-07    |    2.6408054928e+03    |    2.6518591328e+03    |
| 0.22900 |    3.8119865321e-07    |    2.6522119367e+03    |    2.6632539238e+03    |
| 0.23000 |    3.8110393602e-07    |    2.6636128594e+03    |    2.6746430438e+03    |
| 0.23100 |    3.8100882378e-07    |    2.6750081825e+03    |    2.6860264129e+03    |
| 0.23200 |    3.8091331694e-07    |    2.6863978266e+03    |    2.6974039505e+03    |
| 0.23300 |    3.8081741593e-07    |    2.6977817119e+03    |    2.7087755755e+03    |
| 0.23400 |    3.8072112122e-07    |    2.7091597576e+03    |    2.7201412060e+03    |
| 0.23500 |    3.8062443327e-07    |    2.7205318825e+03    |    2.7315007593e+03    |
| 0.23600 |    3.8052735253e-07    |    2.7318980047e+03    |    2.7428541522e+03    |
| 0.23700 |    3.8042987948e-07    |    2.7432580414e+03    |    2.7542013007e+03    |
| 0.23800 |    3.8033201460e-07    |    2.7546119093e+03    |    2.7655421202e+03    |
| 0.23900 |    3.8023375837e-07    |    2.7659595244e+03    |    2.7768765254e+03    |
| 0.24000 |    3.8013511128e-07    |    2.7773008020e+03    |    2.7882044303e+03    |
| 0.24100 |    3.8003607383e-07    |    2.7886356566e+03    |    2.7995257480e+03    |
| 0.24200 |    3.7993664652e-07    |    2.7999640021e+03    |    2.8108403914e+03    |
| 0.24300 |    3.7983682986e-07    |    2.8112857519e+03    |    2.8221482721e+03    |
| 0.24400 |    3.7973662436e-07    |    2.8226008183e+03    |    2.8334493015e+03    |
| 0.24500 |    3.7963603054e-07    |    2.8339091132e+03    |    2.8447433900e+03    |
| 0.24600 |    3.7953504893e-07    |    2.8452105478e+03    |    2.8560304475e+03    |
| 0.24700 |    3.7943368008e-07    |    2.8565050325e+03    |    2.8673103831e+03    |
| 0.24800 |    3.7933192451e-07    |    2.8677924769e+03    |    2.8785831051e+03    |
| 0.24900 |    3.7922978278e-07    |    2.8790727902e+03    |    2.8898485213e+03    |
| 0.25000 |    3.7912725543e-07    |    2.8903458807e+03    |    2.9011065387e+03    |
| 0.25100 |    3.7902434304e-07    |    2.9016116560e+03    |    2.9123570636e+03    |
| 0.25200 |    3.7892104617e-07    |    2.9128700230e+03    |    2.9236000016e+03    |
| 0.25300 |    3.7881736539e-07    |    2.9241208880e+03    |    2.9348352576e+03    |
| 0.25400 |    3.7871330128e-07    |    2.9353641565e+03    |    2.9460627357e+03    |
| 0.25500 |    3.7860885444e-07    |    2.9465997333e+03    |    2.9572823395e+03    |
| 0.25600 |    3.7850402546e-07    |    2.9578275226e+03    |    2.9684939717e+03    |
| 0.25700 |    3.7839881494e-07    |    2.9690474276e+03    |    2.9796975344e+03    |
| 0.25800 |    3.7829322349e-07    |    2.9802593513e+03    |    2.9908929289e+03    |
| 0.25900 |    3.7818725172e-07    |    2.9914631954e+03    |    3.0020800559e+03    |
| 0.26000 |    3.7808090027e-07    |    3.0026588613e+03    |    3.0132588153e+03    |
| 0.26100 |    3.7797416975e-07    |    3.0138462497e+03    |    3.0244291062e+03    |
| 0.26200 |    3.7786706082e-07    |    3.0250252602e+03    |    3.0355908273e+03    |
| 0.26300 |    3.7775957411e-07    |    3.0361957922e+03    |    3.0467438763e+03    |
| 0.26400 |    3.7765171027e-07    |    3.0473577439e+03    |    3.0578881502e+03    |
| 0.26500 |    3.7754346998e-07    |    3.0585110132e+03    |    3.0690235455e+03    |
| 0.26600 |    3.7743485388e-07    |    3.0696554970e+03    |    3.0801499577e+03    |
| 0.26700 |    3.7732586267e-07    |    3.0807910917e+03    |    3.0912672818e+03    |
| 0.26800 |    3.7721649702e-07    |    3.0919176928e+03    |    3.1023754121e+03    |
| 0.26900 |    3.7710675761e-07    |    3.1030351953e+03    |    3.1134742420e+03    |
| 0.27000 |    3.7699664516e-07    |    3.1141434931e+03    |    3.1245636643e+03    |
| 0.27100 |    3.7688616036e-07    |    3.1252424799e+03    |    3.1356435710e+03    |
| 0.27200 |    3.7677530393e-07    |    3.1363320482e+03    |    3.1467138536e+03    |
| 0.27300 |    3.7666407658e-07    |    3.1474120902e+03    |    3.1577744026e+03    |
| 0.27400 |    3.7655247905e-07    |    3.1584824971e+03    |    3.1688251080e+03    |
| 0.27500 |    3.7644051207e-07    |    3.1695431594e+03    |    3.1798658589e+03    |
| 0.27600 |    3.7632817638e-07    |    3.1805939671e+03    |    3.1908965438e+03    |
| 0.27700 |    3.7621547275e-07    |    3.1916348093e+03    |    3.2019170506e+03    |
| 0.27800 |    3.7610240192e-07    |    3.2026655744e+03    |    3.2129272662e+03    |
| 0.27900 |    3.7598896466e-07    |    3.2136861501e+03    |    3.2239270770e+03    |
| 0.28000 |    3.7587516176e-07    |    3.2246964234e+03    |    3.2349163685e+03    |
| 0.28100 |    3.7576099399e-07    |    3.2356962806e+03    |    3.2458950257e+03    |
| 0.28200 |    3.7564646215e-07    |    3.2466856072e+03    |    3.2568629328e+03    |
| 0.28300 |    3.7553156704e-07    |    3.2576642882e+03    |    3.2678199732e+03    |
| 0.28400 |    3.7541630946e-07    |    3.2686322075e+03    |    3.2787660296e+03    |
| 0.28500 |    3.7530069024e-07    |    3.2795892488e+03    |    3.2897009842e+03    |
| 0.28600 |    3.7518471020e-07    |    3.2905352946e+03    |    3.3006247181e+03    |
| 0.28700 |    3.7506837017e-07    |    3.3014702269e+03    |    3.3115371121e+03    |
| 0.28800 |    3.7495167099e-07    |    3.3123939270e+03    |    3.3224380460e+03    |
| 0.28900 |    3.7483461353e-07    |    3.3233062755e+03    |    3.3333273989e+03    |
| 0.29000 |    3.7471719862e-07    |    3.3342071523e+03    |    3.3442050494e+03    |
| 0.29100 |    3.7459942715e-07    |    3.3450964364e+03    |    3.3550708752e+03    |
| 0.29200 |    3.7448129998e-07    |    3.3559740063e+03    |    3.3659247533e+03    |
| 0.29300 |    3.7436281801e-07    |    3.3668397397e+03    |    3.3767665600e+03    |
| 0.29400 |    3.7424398212e-07    |    3.3776935137e+03    |    3.3875961711e+03    |
| 0.29500 |    3.7412479323e-07    |    3.3885352045e+03    |    3.3984134613e+03    |
| 0.29600 |    3.7400525223e-07    |    3.3993646877e+03    |    3.4092183049e+03    |
| 0.29700 |    3.7388536005e-07    |    3.4101818382e+03    |    3.4200105754e+03    |
| 0.29800 |    3.7376511763e-07    |    3.4209865301e+03    |    3.4307901456e+03    |
| 0.29900 |    3.7364452588e-07    |    3.4317786371e+03    |    3.4415568876e+03    |
| 0.30000 |    3.7352358577e-07    |    3.4425580317e+03    |    3.4523106727e+03    |
| 0.30100 |    3.7340229825e-07    |    3.4533245862e+03    |    3.4630513717e+03    |
| 0.30200 |    3.7328066428e-07    |    3.4640781718e+03    |    3.4737788545e+03    |
| 0.30300 |    3.7315868484e-07    |    3.4748186592e+03    |    3.4844929904e+03    |
| 0.30400 |    3.7303636090e-07    |    3.4855459185e+03    |    3.4951936480e+03    |
| 0.30500 |    3.7291369346e-07    |    3.4962598188e+03    |    3.5058806952e+03    |
| 0.30600 |    3.7279068353e-07    |    3.5069602288e+03    |    3.5165539992e+03    |
| 0.30700 |    3.7266733211e-07    |    3.5176470164e+03    |    3.5272134265e+03    |
| 0.30800 |    3.7254364021e-07    |    3.5283200487e+03    |    3.5378588430e+03    |
| 0.30900 |    3.7241960888e-07    |    3.5389791922e+03    |    3.5484901136e+03    |
| 0.31000 |    3.7229523915e-07    |    3.5496243127e+03    |    3.5591071030e+03    |
| 0.31100 |    3.7217053206e-07    |    3.5602552755e+03    |    3.5697096747e+03    |
| 0.31200 |    3.7204548867e-07    |    3.5708719449e+03    |    3.5802976920e+03    |
| 0.31300 |    3.7192011005e-07    |    3.5814741846e+03    |    3.5908710171e+03    |
| 0.31400 |    3.7179439727e-07    |    3.5920618578e+03    |    3.6014295119e+03    |
| 0.31500 |    3.7166835142e-07    |    3.6026348269e+03    |    3.6119730373e+03    |
| 0.31600 |    3.7154197360e-07    |    3.6131929535e+03    |    3.6225014536e+03    |
| 0.31700 |    3.7141526491e-07    |    3.6237360987e+03    |    3.6330146207e+03    |
| 0.31800 |    3.7128822646e-07    |    3.6342641230e+03    |    3.6435123974e+03    |
| 0.31900 |    3.7116085937e-07    |    3.6447768859e+03    |    3.6539946421e+03    |
| 0.32000 |    3.7103316479e-07    |    3.6552742466e+03    |    3.6644612125e+03    |
| 0.32100 |    3.7090514385e-07    |    3.6657560634e+03    |    3.6749119656e+03    |
| 0.32200 |    3.7077679771e-07    |    3.6762221939e+03    |    3.6853467578e+03    |
| 0.32300 |    3.7064812752e-07    |    3.6866724953e+03    |    3.6957654448e+03    |
| 0.32400 |    3.7051913447e-07    |    3.6971068240e+03    |    3.7061678816e+03    |
| 0.32500 |    3.7038981973e-07    |    3.7075250356e+03    |    3.7165539226e+03    |
| 0.32600 |    3.7026018450e-07    |    3.7179269853e+03    |    3.7269234215e+03    |
| 0.32700 |    3.7013022998e-07    |    3.7283125275e+03    |    3.7372762315e+03    |
| 0.32800 |    3.6999995739e-07    |    3.7386815159e+03    |    3.7476122049e+03    |
| 0.32900 |    3.6986936793e-07    |    3.7490338038e+03    |    3.7579311937e+03    |
| 0.33000 |    3.6973846286e-07    |    3.7593692435e+03    |    3.7682330489e+03    |
| 0.33100 |    3.6960724340e-07    |    3.7696876871e+03    |    3.7785176211e+03    |
| 0.33200 |    3.6947571082e-07    |    3.7799889856e+03    |    3.7887847602e+03    |
| 0.33300 |    3.6934386638e-07    |    3.7902729897e+03    |    3.7990343156e+03    |
| 0.33400 |    3.6921171134e-07    |    3.8005395494e+03    |    3.8092661358e+03    |
| 0.33500 |    3.6907924700e-07    |    3.8107885140e+03    |    3.8194800688e+03    |
| 0.33600 |    3.6894647464e-07    |    3.8210197323e+03    |    3.8296759622e+03    |
| 0.33700 |    3.6881339557e-07    |    3.8312330523e+03    |    3.8398536627e+03    |
| 0.33800 |    3.6868001110e-07    |    3.8414283216e+03    |    3.8500130166e+03    |
| 0.33900 |    3.6854632257e-07    |    3.8516053870e+03    |    3.8601538693e+03    |
| 0.34000 |    3.6841233129e-07    |    3.8617640948e+03    |    3.8702760660e+03    |
| 0.34100 |    3.6827803863e-07    |    3.8719042907e+03    |    3.8803794509e+03    |
| 0.34200 |    3.6814344592e-07    |    3.8820258198e+03    |    3.8904638679e+03    |
| 0.34300 |    3.6800855455e-07    |    3.8921285265e+03    |    3.9005291603e+03    |
| 0.34400 |    3.6787336588e-07    |    3.9022122548e+03    |    3.9105751706e+03    |
| 0.34500 |    3.6773788131e-07    |    3.9122768479e+03    |    3.9206017408e+03    |
| 0.34600 |    3.6760210223e-07    |    3.9223221487e+03    |    3.9306087125e+03    |
| 0.34700 |    3.6746603004e-07    |    3.9323479992e+03    |    3.9405959266e+03    |
| 0.34800 |    3.6732966617e-07    |    3.9423542410e+03    |    3.9505632233e+03    |
| 0.34900 |    3.6719301205e-07    |    3.9523407151e+03    |    3.9605104424e+03    |
| 0.35000 |    3.6705606912e-07    |    3.9623072620e+03    |    3.9704374232e+03    |
| 0.35100 |    3.6691883882e-07    |    3.9722537216e+03    |    3.9803440043e+03    |
| 0.35200 |    3.6678132261e-07    |    3.9821799332e+03    |    3.9902300238e+03    |
| 0.35300 |    3.6664352198e-07    |    3.9920857356e+03    |    4.0000953193e+03    |
| 0.35400 |    3.6650543840e-07    |    4.0019709669e+03    |    4.0099397278e+03    |
| 0.35500 |    3.6636707336e-07    |    4.0118354651e+03    |    4.0197630857e+03    |
| 0.35600 |    3.6622842836e-07    |    4.0216790671e+03    |    4.0295652291e+03    |
| 0.35700 |    3.6608950493e-07    |    4.0315016096e+03    |    4.0393459933e+03    |
| 0.35800 |    3.6595030459e-07    |    4.0413029288e+03    |    4.0491052134e+03    |
| 0.35900 |    3.6581082887e-07    |    4.0510828602e+03    |    4.0588427237e+03    |
| 0.36000 |    3.6567107933e-07    |    4.0608412389e+03    |    4.0685583580e+03    |
| 0.36100 |    3.6553105750e-07    |    4.0705778995e+03    |    4.0782519499e+03    |
| 0.36200 |    3.6539076498e-07    |    4.0802926761e+03    |    4.0879233322e+03    |
| 0.36300 |    3.6525020333e-07    |    4.0899854022e+03    |    4.0975723374e+03    |
| 0.36400 |    3.6510937415e-07    |    4.0996559109e+03    |    4.1071987973e+03    |
| 0.36500 |    3.6496827903e-07    |    4.1093040348e+03    |    4.1168025434e+03    |
| 0.36600 |    3.6482691959e-07    |    4.1189296060e+03    |    4.1263834067e+03    |
| 0.36700 |    3.6468529745e-07    |    4.1285324562e+03    |    4.1359412177e+03    |
| 0.36800 |    3.6454341425e-07    |    4.1381124165e+03    |    4.1454758065e+03    |
| 0.36900 |    3.6440127163e-07    |    4.1476693177e+03    |    4.1549870027e+03    |
| 0.37000 |    3.6425887124e-07    |    4.1572029900e+03    |    4.1644746353e+03    |
| 0.37100 |    3.6411621475e-07    |    4.1667132633e+03    |    4.1739385333e+03    |
| 0.37200 |    3.6397330385e-07    |    4.1761999668e+03    |    4.1833785247e+03    |
| 0.37300 |    3.6383014021e-07    |    4.1856629296e+03    |    4.1927944375e+03    |
| 0.37400 |    3.6368672553e-07    |    4.1951019802e+03    |    4.2021860991e+03    |
| 0.37500 |    3.6354306153e-07    |    4.2045169465e+03    |    4.2115533366e+03    |
| 0.37600 |    3.6339914993e-07    |    4.2139076564e+03    |    4.2208959765e+03    |
| 0.37700 |    3.6325499246e-07    |    4.2232739371e+03    |    4.2302138450e+03    |
| 0.37800 |    3.6311059087e-07    |    4.2326156153e+03    |    4.2395067681e+03    |
| 0.37900 |    3.6296594689e-07    |    4.2419325177e+03    |    4.2487745710e+03    |
| 0.38000 |    3.6282106232e-07    |    4.2512244702e+03    |    4.2580170789e+03    |
| 0.38100 |    3.6267593891e-07    |    4.2604912986e+03    |    4.2672341165e+03    |
| 0.38200 |    3.6253057845e-07    |    4.2697328282e+03    |    4.2764255080e+03    |
| 0.38300 |    3.6238498275e-07    |    4.2789488840e+03    |    4.2855910775e+03    |
| 0.38400 |    3.6223915361e-07    |    4.2881392905e+03    |    4.2947306485e+03    |
| 0.38500 |    3.6209309286e-07    |    4.2973038720e+03    |    4.3038440444e+03    |
| 0.38600 |    3.6194680231e-07    |    4.3064424524e+03    |    4.3129310881e+03    |
| 0.38700 |    3.6180028383e-07    |    4.3155548553e+03    |    4.3219916022e+03    |
| 0.38800 |    3.6165353925e-07    |    4.3246409039e+03    |    4.3310254090e+03    |
| 0.38900 |    3.6150657044e-07    |    4.3337004213e+03    |    4.3400323305e+03    |
| 0.39000 |    3.6135937928e-07    |    4.3427332299e+03    |    4.3490121884e+03    |
| 0.39100 |    3.6121196765e-07    |    4.3517391521e+03    |    4.3579648041e+03    |
| 0.39200 |    3.6106433746e-07    |    4.3607180100e+03    |    4.3668899988e+03    |
| 0.39300 |    3.6091649060e-07    |    4.3696696252e+03    |    4.3757875932e+03    |
| 0.39400 |    3.6076842900e-07    |    4.3785938193e+03    |    4.3846574080e+03    |
| 0.39500 |    3.6062015458e-07    |    4.3874904134e+03    |    4.3934992634e+03    |
| 0.39600 |    3.6047166929e-07    |    4.3963592284e+03    |    4.4023129796e+03    |
| 0.39700 |    3.6032297507e-07    |    4.4052000851e+03    |    4.4110983764e+03    |
| 0.39800 |    3.6017407390e-07    |    4.4140128038e+03    |    4.4198552734e+03    |
| 0.39900 |    3.6002496774e-07    |    4.4227972049e+03    |    4.4285834899e+03    |
| 0.40000 |    3.5987565858e-07    |    4.4315531081e+03    |    4.4372828451e+03    |
| 0.40100 |    3.5972614840e-07    |    4.4402803334e+03    |    4.4459531581e+03    |
| 0.40200 |    3.5957643923e-07    |    4.4489787003e+03    |    4.4545942475e+03    |
| 0.40300 |    3.5942653307e-07    |    4.4576480281e+03    |    4.4632059319e+03    |
| 0.40400 |    3.5927643195e-07    |    4.4662881360e+03    |    4.4717880297e+03    |
| 0.40500 |    3.5912613791e-07    |    4.4748988430e+03    |    4.4803403593e+03    |
| 0.40600 |    3.5897565300e-07    |    4.4834799679e+03    |    4.4888627386e+03    |
| 0.40700 |    3.5882497928e-07    |    4.4920313295e+03    |    4.4973549856e+03    |
| 0.40800 |    3.5867411882e-07    |    4.5005527461e+03    |    4.5058169181e+03    |
| 0.40900 |    3.5852307369e-07    |    4.5090440363e+03    |    4.5142483538e+03    |
| 0.41000 |    3.5837184600e-07    |    4.5175050181e+03    |    4.5226491102e+03    |
| 0.41100 |    3.5822043783e-07    |    4.5259355099e+03    |    4.5310190049e+03    |
| 0.41200 |    3.5806885132e-07    |    4.5343353296e+03    |    4.5393578551e+03    |
| 0.41300 |    3.5791708857e-07    |    4.5427042951e+03    |    4.5476654781e+03    |
| 0.41400 |    3.5776515173e-07    |    4.5510422242e+03    |    4.5559416912e+03    |
| 0.41500 |    3.5761304293e-07    |    4.5593489348e+03    |    4.5641863114e+03    |
| 0.41600 |    3.5746076434e-07    |    4.5676242445e+03    |    4.5723991558e+03    |
| 0.41700 |    3.5730831812e-07    |    4.5758679709e+03    |    4.5805800416e+03    |
| 0.41800 |    3.5715570644e-07    |    4.5840799317e+03    |    4.5887287856e+03    |
| 0.41900 |    3.5700293149e-07    |    4.5922599443e+03    |    4.5968452049e+03    |
| 0.42000 |    3.5684999547e-07    |    4.6004078264e+03    |    4.6049291164e+03    |
| 0.42100 |    3.5669690059e-07    |    4.6085233954e+03    |    4.6129803372e+03    |
| 0.42200 |    3.5654364905e-07    |    4.6166064689e+03    |    4.6209986842e+03    |
| 0.42300 |    3.5639024310e-07    |    4.6246568643e+03    |    4.6289839744e+03    |
| 0.42400 |    3.5623668497e-07    |    4.6326743993e+03    |    4.6369360249e+03    |
| 0.42500 |    3.5608297690e-07    |    4.6406588914e+03    |    4.6448546528e+03    |
| 0.42600 |    3.5592912115e-07    |    4.6486101582e+03    |    4.6527396752e+03    |
| 0.42700 |    3.5577512000e-07    |    4.6565280175e+03    |    4.6605909093e+03    |
| 0.42800 |    3.5562097572e-07    |    4.6644122869e+03    |    4.6684081725e+03    |
| 0.42900 |    3.5546669060e-07    |    4.6722627842e+03    |    4.6761912822e+03    |
| 0.43000 |    3.5531226694e-07    |    4.6800793275e+03    |    4.6839400559e+03    |
| 0.43100 |    3.5515770704e-07    |    4.6878617346e+03    |    4.6916543111e+03    |
| 0.43200 |    3.5500301323e-07    |    4.6956098239e+03    |    4.6993338658e+03    |
| 0.43300 |    3.5484818783e-07    |    4.7033234134e+03    |    4.7069785376e+03    |
| 0.43400 |    3.5469323318e-07    |    4.7110023216e+03    |    4.7145881449e+03    |
| 0.43500 |    3.5453815163e-07    |    4.7186463671e+03    |    4.7221625056e+03    |
| 0.43600 |    3.5438294553e-07    |    4.7262553685e+03    |    4.7297014383e+03    |
| 0.43700 |    3.5422761726e-07    |    4.7338291449e+03    |    4.7372047615e+03    |
| 0.43800 |    3.5407216918e-07    |    4.7413675151e+03    |    4.7446722941e+03    |
| 0.43900 |    3.5391660369e-07    |    4.7488702987e+03    |    4.7521038551e+03    |
| 0.44000 |    3.5376092318e-07    |    4.7563373149e+03    |    4.7594992637e+03    |
| 0.44100 |    3.5360513006e-07    |    4.7637683836e+03    |    4.7668583394e+03    |
| 0.44200 |    3.5344922674e-07    |    4.7711633248e+03    |    4.7741809020e+03    |
| 0.44300 |    3.5329321564e-07    |    4.7785219586e+03    |    4.7814667715e+03    |
| 0.44400 |    3.5313709920e-07    |    4.7858441056e+03    |    4.7887157682e+03    |
| 0.44500 |    3.5298087985e-07    |    4.7931295864e+03    |    4.7959277127e+03    |
| 0.44600 |    3.5282456006e-07    |    4.8003782223e+03    |    4.8031024260e+03    |
| 0.44700 |    3.5266814227e-07    |    4.8075898345e+03    |    4.8102397293e+03    |
| 0.44800 |    3.5251162896e-07    |    4.8147642448e+03    |    4.8173394442e+03    |
| 0.44900 |    3.5235502262e-07    |    4.8219012752e+03    |    4.8244013926e+03    |
| 0.45000 |    3.5219832571e-07    |    4.8290007480e+03    |    4.8314253969e+03    |
| 0.45100 |    3.5204154075e-07    |    4.8360624861e+03    |    4.8384112796e+03    |
| 0.45200 |    3.5188467023e-07    |    4.8430863124e+03    |    4.8453588639e+03    |
| 0.45300 |    3.5172771666e-07    |    4.8500720506e+03    |    4.8522679734e+03    |
| 0.45400 |    3.5157068258e-07    |    4.8570195246e+03    |    4.8591384318e+03    |
| 0.45500 |    3.5141357051e-07    |    4.8639285586e+03    |    4.8659700635e+03    |
| 0.45600 |    3.5125638298e-07    |    4.8707989774e+03    |    4.8727626934e+03    |
| 0.45700 |    3.5109912255e-07    |    4.8776306063e+03    |    4.8795161467e+03    |
| 0.45800 |    3.5094179177e-07    |    4.8844232709e+03    |    4.8862302491e+03    |
| 0.45900 |    3.5078439321e-07    |    4.8911767974e+03    |    4.8929048269e+03    |
| 0.46000 |    3.5062692943e-07    |    4.8978910124e+03    |    4.8995397068e+03    |
| 0.46100 |    3.5046940302e-07    |    4.9045657430e+03    |    4.9061347161e+03    |
| 0.46200 |    3.5031181656e-07    |    4.9112008170e+03    |    4.9126896826e+03    |
| 0.46300 |    3.5015417265e-07    |    4.9177960625e+03    |    4.9192044347e+03    |
| 0.46400 |    3.4999647389e-07    |    4.9243513082e+03    |    4.9256788013e+03    |
| 0.46500 |    3.4983872290e-07    |    4.9308663836e+03    |    4.9321126120e+03    |
| 0.46600 |    3.4968092229e-07    |    4.9373411184e+03    |    4.9385056967e+03    |
| 0.46700 |    3.4952307469e-07    |    4.9437753432e+03    |    4.9448578864e+03    |
| 0.46800 |    3.4936518273e-07    |    4.9501688890e+03    |    4.9511690123e+03    |
| 0.46900 |    3.4920724905e-07    |    4.9565215877e+03    |    4.9574389064e+03    |
| 0.47000 |    3.4904927630e-07    |    4.9628332715e+03    |    4.9636674015e+03    |
| 0.47100 |    3.4889126714e-07    |    4.9691037735e+03    |    4.9698543308e+03    |
| 0.47200 |    3.4873322423e-07    |    4.9753329274e+03    |    4.9759995285e+03    |
| 0.47300 |    3.4857515024e-07    |    4.9815205676e+03    |    4.9821028291e+03    |
| 0.47400 |    3.4841704785e-07    |    4.9876665292e+03    |    4.9881640683e+03    |
| 0.47500 |    3.4825891974e-07    |    4.9937706479e+03    |    4.9941830822e+03    |
| 0.47600 |    3.4810076859e-07    |    4.9998327603e+03    |    5.0001597077e+03    |
| 0.47700 |    3.4794259711e-07    |    5.0058527037e+03    |    5.0060937827e+03    |
| 0.47800 |    3.4778440800e-07    |    5.0118303162e+03    |    5.0119851456e+03    |
| 0.47900 |    3.4762620397e-07    |    5.0177654365e+03    |    5.0178336357e+03    |
| 0.48000 |    3.4746798773e-07    |    5.0236579045e+03    |    5.0236390932e+03    |
| 0.48100 |    3.4730976202e-07    |    5.0295075604e+03    |    5.0294013591e+03    |
| 0.48200 |    3.4715152954e-07    |    5.0353142456e+03    |    5.0351202752e+03    |
| 0.48300 |    3.4699329305e-07    |    5.0410778022e+03    |    5.0407956842e+03    |
| 0.48400 |    3.4683505527e-07    |    5.0467980733e+03    |    5.0464274297e+03    |
| 0.48500 |    3.4667681896e-07    |    5.0524749026e+03    |    5.0520153561e+03    |
| 0.48600 |    3.4651858687e-07    |    5.0581081351e+03    |    5.0575593088e+03    |
| 0.48700 |    3.4636036175e-07    |    5.0636976163e+03    |    5.0630591342e+03    |
| 0.48800 |    3.4620214637e-07    |    5.0692431928e+03    |    5.0685146796e+03    |
| 0.48900 |    3.4604394349e-07    |    5.0747447124e+03    |    5.0739257932e+03    |
| 0.49000 |    3.4588575589e-07    |    5.0802020233e+03    |    5.0792923243e+03    |
| 0.49100 |    3.4572758634e-07    |    5.0856149753e+03    |    5.0846141230e+03    |
| 0.49200 |    3.4556943764e-07    |    5.0909834188e+03    |    5.0898910407e+03    |
| 0.49300 |    3.4541131256e-07    |    5.0963072052e+03    |    5.0951229296e+03    |
| 0.49400 |    3.4525321390e-07    |    5.1015861872e+03    |    5.1003096430e+03    |
| 0.49500 |    3.4509514446e-07    |    5.1068202184e+03    |    5.1054510354e+03    |
| 0.49600 |    3.4493710704e-07    |    5.1120091533e+03    |    5.1105469622e+03    |
| 0.49700 |    3.4477910444e-07    |    5.1171528478e+03    |    5.1155972801e+03    |
| 0.49800 |    3.4462113948e-07    |    5.1222511587e+03    |    5.1206018467e+03    |
| 0.49900 |    3.4446321497e-07    |    5.1273039439e+03    |    5.1255605209e+03    |
| 0.50000 |    3.4430533374e-07    |    5.1323110625e+03    |    5.1304731627e+03    |
| 0.50100 |    3.4414749859e-07    |    5.1372723747e+03    |    5.1353396333e+03    |
| 0.50200 |    3.4398971237e-07    |    5.1421877420e+03    |    5.1401597950e+03    |
| 0.50300 |    3.4383197789e-07    |    5.1470570269e+03    |    5.1449335113e+03    |
| 0.50400 |    3.4367429800e-07    |    5.1518800932e+03    |    5.1496606471e+03    |
| 0.50500 |    3.4351667553e-07    |    5.1566568060e+03    |    5.1543410684e+03    |
| 0.50600 |    3.4335911332e-07    |    5.1613870314e+03    |    5.1589746425e+03    |
| 0.50700 |    3.4320161422e-07    |    5.1660706369e+03    |    5.1635612379e+03    |
| 0.50800 |    3.4304418106e-07    |    5.1707074913e+03    |    5.1681007245e+03    |
| 0.50900 |    3.4288681671e-07    |    5.1752974647e+03    |    5.1725929734e+03    |
| 0.51000 |    3.4272952400e-07    |    5.1798404285e+03    |    5.1770378571e+03    |
| 0.51100 |    3.4257230581e-07    |    5.1843362552e+03    |    5.1814352495e+03    |
| 0.51200 |    3.4241516498e-07    |    5.1887848189e+03    |    5.1857850256e+03    |
| 0.51300 |    3.4225810437e-07    |    5.1931859950e+03    |    5.1900870622e+03    |
| 0.51400 |    3.4210112684e-07    |    5.1975396602e+03    |    5.1943412370e+03    |
| 0.51500 |    3.4194423527e-07    |    5.2018456927e+03    |    5.1985474296e+03    |
| 0.51600 |    3.4178743251e-07    |    5.2061039721e+03    |    5.2027055208e+03    |
| 0.51700 |    3.4163072143e-07    |    5.2103143792e+03    |    5.2068153927e+03    |
| 0.51800 |    3.4147410489e-07    |    5.2144767966e+03    |    5.2108769291e+03    |
| 0.51900 |    3.4131758578e-07    |    5.2185911082e+03    |    5.2148900152e+03    |
| 0.52000 |    3.4116116696e-07    |    5.2226571992e+03    |    5.2188545377e+03    |
| 0.52100 |    3.4100485130e-07    |    5.2266749566e+03    |    5.2227703848e+03    |
| 0.52200 |    3.4084864168e-07    |    5.2306442687e+03    |    5.2266374463e+03    |
| 0.52300 |    3.4069254098e-07    |    5.2345650255e+03    |    5.2304556136e+03    |
| 0.52400 |    3.4053655206e-07    |    5.2384371184e+03    |    5.2342247794e+03    |
| 0.52500 |    3.4038067780e-07    |    5.2422604405e+03    |    5.2379448382e+03    |
| 0.52600 |    3.4022492109e-07    |    5.2460348864e+03    |    5.2416156862e+03    |
| 0.52700 |    3.4006928479e-07    |    5.2497603523e+03    |    5.2452372211e+03    |
| 0.52800 |    3.3991377178e-07    |    5.2534367360e+03    |    5.2488093421e+03    |
| 0.52900 |    3.3975838494e-07    |    5.2570639371e+03    |    5.2523319503e+03    |
| 0.53000 |    3.3960312715e-07    |    5.2606418566e+03    |    5.2558049483e+03    |
| 0.53100 |    3.3944800128e-07    |    5.2641703974e+03    |    5.2592282406e+03    |
| 0.53200 |    3.3929301020e-07    |    5.2676494640e+03    |    5.2626017331e+03    |
| 0.53300 |    3.3913815680e-07    |    5.2710789626e+03    |    5.2659253338e+03    |
| 0.53400 |    3.3898344395e-07    |    5.2744588010e+03    |    5.2691989521e+03    |
| 0.53500 |    3.3882887451e-07    |    5.2777888891e+03    |    5.2724224994e+03    |
| 0.53600 |    3.3867445137e-07    |    5.2810691382e+03    |    5.2755958888e+03    |
| 0.53700 |    3.3852017738e-07    |    5.2842994616e+03    |    5.2787190351e+03    |
| 0.53800 |    3.3836605543e-07    |    5.2874797742e+03    |    5.2817918551e+03    |
| 0.53900 |    3.3821208838e-07    |    5.2906099929e+03    |    5.2848142673e+03    |
| 0.54000 |    3.3805827909e-07    |    5.2936900363e+03    |    5.2877861920e+03    |
| 0.54100 |    3.3790463044e-07    |    5.2967198249e+03    |    5.2907075516e+03    |
| 0.54200 |    3.3775114527e-07    |    5.2996992811e+03    |    5.2935782701e+03    |
| 0.54300 |    3.3759782645e-07    |    5.3026283290e+03    |    5.2963982736e+03    |
| 0.54400 |    3.3744467683e-07    |    5.3055068950e+03    |    5.2991674900e+03    |
| 0.54500 |    3.3729169928e-07    |    5.3083349069e+03    |    5.3018858492e+03    |
| 0.54600 |    3.3713889664e-07    |    5.3111122947e+03    |    5.3045532831e+03    |
| 0.54700 |    3.3698627177e-07    |    5.3138389905e+03    |    5.3071697253e+03    |
| 0.54800 |    3.3683382750e-07    |    5.3165149280e+03    |    5.3097351117e+03    |
| 0.54900 |    3.3668156668e-07    |    5.3191400432e+03    |    5.3122493800e+03    |
| 0.55000 |    3.3652949215e-07    |    5.3217142739e+03    |    5.3147124701e+03    |
| 0.55100 |    3.3637760674e-07    |    5.3242375600e+03    |    5.3171243237e+03    |
| 0.55200 |    3.3622591329e-07    |    5.3267098435e+03    |    5.3194848847e+03    |
| 0.55300 |    3.3607441462e-07    |    5.3291310682e+03    |    5.3217940990e+03    |
| 0.55400 |    3.3592311356e-07    |    5.3315011802e+03    |    5.3240519147e+03    |
| 0.55500 |    3.3577201292e-07    |    5.3338201276e+03    |    5.3262582818e+03    |
| 0.55600 |    3.3562111552e-07    |    5.3360878606e+03    |    5.3284131525e+03    |
| 0.55700 |    3.3547042418e-07    |    5.3383043315e+03    |    5.3305164813e+03    |
| 0.55800 |    3.3531994169e-07    |    5.3404694947e+03    |    5.3325682246e+03    |
| 0.55900 |    3.3516967086e-07    |    5.3425833069e+03    |    5.3345683409e+03    |
| 0.56000 |    3.3501961448e-07    |    5.3446457268e+03    |    5.3365167912e+03    |
| 0.56100 |    3.3486977535e-07    |    5.3466567153e+03    |    5.3384135385e+03    |
| 0.56200 |    3.3472015624e-07    |    5.3486162354e+03    |    5.3402585480e+03    |
| 0.56300 |    3.3457075993e-07    |    5.3505242526e+03    |    5.3420517870e+03    |
| 0.56400 |    3.3442158921e-07    |    5.3523807342e+03    |    5.3437932253e+03    |
| 0.56500 |    3.3427264683e-07    |    5.3541856502e+03    |    5.3454828349e+03    |
| 0.56600 |    3.3412393555e-07    |    5.3559389726e+03    |    5.3471205898e+03    |
| 0.56700 |    3.3397545814e-07    |    5.3576406755e+03    |    5.3487064666e+03    |
| 0.56800 |    3.3382721734e-07    |    5.3592907356e+03    |    5.3502404440e+03    |
| 0.56900 |    3.3367921588e-07    |    5.3608891318e+03    |    5.3517225031e+03    |
| 0.57000 |    3.3353145651e-07    |    5.3624358453e+03    |    5.3531526272e+03    |
| 0.57100 |    3.3338394196e-07    |    5.3639308594e+03    |    5.3545308023e+03    |
| 0.57200 |    3.3323667493e-07    |    5.3653741602e+03    |    5.3558570162e+03    |
| 0.57300 |    3.3308965815e-07    |    5.3667657357e+03    |    5.3571312594e+03    |
| 0.57400 |    3.3294289432e-07    |    5.3681055765e+03    |    5.3583535249e+03    |
| 0.57500 |    3.3279638613e-07    |    5.3693936757e+03    |    5.3595238078e+03    |
| 0.57600 |    3.3265013628e-07    |    5.3706300285e+03    |    5.3606421058e+03    |
| 0.57700 |    3.3250414745e-07    |    5.3718146326e+03    |    5.3617084188e+03    |
| 0.57800 |    3.3235842232e-07    |    5.3729474883e+03    |    5.3627227495e+03    |
| 0.57900 |    3.3221296353e-07    |    5.3740285982e+03    |    5.3636851027e+03    |
| 0.58000 |    3.3206777376e-07    |    5.3750579674e+03    |    5.3645954858e+03    |
| 0.58100 |    3.3192285565e-07    |    5.3760356032e+03    |    5.3654539087e+03    |
| 0.58200 |    3.3177821183e-07    |    5.3769615159e+03    |    5.3662603837e+03    |
| 0.58300 |    3.3163384494e-07    |    5.3778357178e+03    |    5.3670149257e+03    |
| 0.58400 |    3.3148975759e-07    |    5.3786582239e+03    |    5.3677175520e+03    |
| 0.58500 |    3.3134595240e-07    |    5.3794290518e+03    |    5.3683682826e+03    |
| 0.58600 |    3.3120243197e-07    |    5.3801482214e+03    |    5.3689671397e+03    |
| 0.58700 |    3.3105919888e-07    |    5.3808157553e+03    |    5.3695141485e+03    |
| 0.58800 |    3.3091625572e-07    |    5.3814316787e+03    |    5.3700093363e+03    |
| 0.58900 |    3.3077360506e-07    |    5.3819960192e+03    |    5.3704527332e+03    |
| 0.59000 |    3.3063124946e-07    |    5.3825088071e+03    |    5.3708443720e+03    |
| 0.59100 |    3.3048919146e-07    |    5.3829700751e+03    |    5.3711842878e+03    |
| 0.59200 |    3.3034743361e-07    |    5.3833798588e+03    |    5.3714725184e+03    |
| 0.59300 |    3.3020597843e-07    |    5.3837381960e+03    |    5.3717091044e+03    |
| 0.59400 |    3.3006482845e-07    |    5.3840451276e+03    |    5.3718940888e+03    |
| 0.59500 |    3.2992398616e-07    |    5.3843006967e+03    |    5.3720275173e+03    |
| 0.59600 |    3.2978345406e-07    |    5.3845049492e+03    |    5.3721094382e+03    |
| 0.59700 |    3.2964323464e-07    |    5.3846579338e+03    |    5.3721399025e+03    |
| 0.59800 |    3.2950333035e-07    |    5.3847597015e+03    |    5.3721189639e+03    |
| 0.59900 |    3.2936374368e-07    |    5.3848103063e+03    |    5.3720466787e+03    |
| 0.60000 |    3.2922447705e-07    |    5.3848098047e+03    |    5.3719231058e+03    |
| 0.60100 |    3.2908553290e-07    |    5.3847582559e+03    |    5.3717483069e+03    |
| 0.60200 |    3.2894691366e-07    |    5.3846557219e+03    |    5.3715223465e+03    |
| 0.60300 |    3.2880862174e-07    |    5.3845022673e+03    |    5.3712452914e+03    |
| 0.60400 |    3.2867065953e-07    |    5.3842979593e+03    |    5.3709172116e+03    |
| 0.60500 |    3.2853302942e-07    |    5.3840428681e+03    |    5.3705381795e+03    |
| 0.60600 |    3.2839573377e-07    |    5.3837370664e+03    |    5.3701082703e+03    |
| 0.60700 |    3.2825877495e-07    |    5.3833806297e+03    |    5.3696275620e+03    |
| 0.60800 |    3.2812215529e-07    |    5.3829736363e+03    |    5.3690961351e+03    |
| 0.60900 |    3.2798587713e-07    |    5.3825161671e+03    |    5.3685140732e+03    |
| 0.61000 |    3.2784994279e-07    |    5.3820083058e+03    |    5.3678814625e+03    |
| 0.61100 |    3.2771435457e-07    |    5.3814501391e+03    |    5.3671983917e+03    |
| 0.61200 |    3.2757911476e-07    |    5.3808417560e+03    |    5.3664649527e+03    |
| 0.61300 |    3.2744422562e-07    |    5.3801832488e+03    |    5.3656812399e+03    |
| 0.61400 |    3.2730968943e-07    |    5.3794747121e+03    |    5.3648473504e+03    |
| 0.61500 |    3.2717550842e-07    |    5.3787162436e+03    |    5.3639633844e+03    |
| 0.61600 |    3.2704168483e-07    |    5.3779079436e+03    |    5.3630294445e+03    |
| 0.61700 |    3.2690822088e-07    |    5.3770499154e+03    |    5.3620456363e+03    |
| 0.61800 |    3.2677511875e-07    |    5.3761422649e+03    |    5.3610120683e+03    |
| 0.61900 |    3.2664238065e-07    |    5.3751851008e+03    |    5.3599288514e+03    |
| 0.62000 |    3.2651000874e-07    |    5.3741785348e+03    |    5.3587960997e+03    |
| 0.62100 |    3.2637800517e-07    |    5.3731226813e+03    |    5.3576139299e+03    |
| 0.62200 |    3.2624637209e-07    |    5.3720176573e+03    |    5.3563824616e+03    |
| 0.62300 |    3.2611511161e-07    |    5.3708635830e+03    |    5.3551018170e+03    |
| 0.62400 |    3.2598422585e-07    |    5.3696605812e+03    |    5.3537721214e+03    |
| 0.62500 |    3.2585371690e-07    |    5.3684087775e+03    |    5.3523935026e+03    |
| 0.62600 |    3.2572358682e-07    |    5.3671083004e+03    |    5.3509660915e+03    |
| 0.62700 |    3.2559383769e-07    |    5.3657592812e+03    |    5.3494900216e+03    |
| 0.62800 |    3.2546447154e-07    |    5.3643618540e+03    |    5.3479654293e+03    |
| 0.62900 |    3.2533549039e-07    |    5.3629161558e+03    |    5.3463924537e+03    |
| 0.63000 |    3.2520689627e-07    |    5.3614223262e+03    |    5.3447712370e+03    |
| 0.63100 |    3.2507869115e-07    |    5.3598805080e+03    |    5.3431019238e+03    |
| 0.63200 |    3.2495087701e-07    |    5.3582908465e+03    |    5.3413846619e+03    |
| 0.63300 |    3.2482345581e-07    |    5.3566534899e+03    |    5.3396196016e+03    |
| 0.63400 |    3.2469642950e-07    |    5.3549685894e+03    |    5.3378068961e+03    |
| 0.63500 |    3.2456979999e-07    |    5.3532362989e+03    |    5.3359467016e+03    |
| 0.63600 |    3.2444356918e-07    |    5.3514567750e+03    |    5.3340391768e+03    |
| 0.63700 |    3.2431773897e-07    |    5.3496301773e+03    |    5.3320844834e+03    |
| 0.63800 |    3.2419231122e-07    |    5.3477566682e+03    |    5.3300827859e+03    |
| 0.63900 |    3.2406728779e-07    |    5.3458364128e+03    |    5.3280342514e+03    |
| 0.64000 |    3.2394267050e-07    |    5.3438695792e+03    |    5.3259390499e+03    |
| 0.64100 |    3.2381846118e-07    |    5.3418563381e+03    |    5.3237973544e+03    |
| 0.64200 |    3.2369466162e-07    |    5.3397968631e+03    |    5.3216093403e+03    |
| 0.64300 |    3.2357127359e-07    |    5.3376913306e+03    |    5.3193751860e+03    |
| 0.64400 |    3.2344829886e-07    |    5.3355399199e+03    |    5.3170950727e+03    |
| 0.64500 |    3.2332573916e-07    |    5.3333428129e+03    |    5.3147691843e+03    |
| 0.64600 |    3.2320359623e-07    |    5.3311001944e+03    |    5.3123977074e+03    |
| 0.64700 |    3.2308187175e-07    |    5.3288122521e+03    |    5.3099808314e+03    |
| 0.64800 |    3.2296056741e-07    |    5.3264791761e+03    |    5.3075187486e+03    |
| 0.64900 |    3.2283968488e-07    |    5.3241011597e+03    |    5.3050116537e+03    |
| 0.65000 |    3.2271922580e-07    |    5.3216783988e+03    |    5.3024597445e+03    |
| 0.65100 |    3.2259919180e-07    |    5.3192110919e+03    |    5.2998632213e+03    |
| 0.65200 |    3.2247958448e-07    |    5.3166994404e+03    |    5.2972222871e+03    |
| 0.65300 |    3.2236040543e-07    |    5.3141436485e+03    |    5.2945371478e+03    |
| 0.65400 |    3.2224165622e-07    |    5.3115439231e+03    |    5.2918080118e+03    |
| 0.65500 |    3.2212333838e-07    |    5.3089004736e+03    |    5.2890350902e+03    |
| 0.65600 |    3.2200545345e-07    |    5.3062135124e+03    |    5.2862185970e+03    |
| 0.65700 |    3.2188800293e-07    |    5.3034832545e+03    |    5.2833587486e+03    |
| 0.65800 |    3.2177098830e-07    |    5.3007099176e+03    |    5.2804557642e+03    |
| 0.65900 |    3.2165441105e-07    |    5.2978937220e+03    |    5.2775098655e+03    |
| 0.66000 |    3.2153827260e-07    |    5.2950348908e+03    |    5.2745212771e+03    |
| 0.66100 |    3.2142257438e-07    |    5.2921336497e+03    |    5.2714902260e+03    |
| 0.66200 |    3.2130731780e-07    |    5.2891902271e+03    |    5.2684169418e+03    |
| 0.66300 |    3.2119250424e-07    |    5.2862048539e+03    |    5.2653016568e+03    |
| 0.66400 |    3.2107813507e-07    |    5.2831777638e+03    |    5.2621446059e+03    |
| 0.66500 |    3.2096421162e-07    |    5.2801091930e+03    |    5.2589460265e+03    |
| 0.66600 |    3.2085073522e-07    |    5.2769993803e+03    |    5.2557061585e+03    |
| 0.66700 |    3.2073770716e-07    |    5.2738485672e+03    |    5.2524252444e+03    |
| 0.66800 |    3.2062512873e-07    |    5.2706569977e+03    |    5.2491035293e+03    |
| 0.66900 |    3.2051300118e-07    |    5.2674249182e+03    |    5.2457412606e+03    |
| 0.67000 |    3.2040132575e-07    |    5.2641525779e+03    |    5.2423386885e+03    |
| 0.67100 |    3.2029010366e-07    |    5.2608402284e+03    |    5.2388960653e+03    |
| 0.67200 |    3.2017933609e-07    |    5.2574881237e+03    |    5.2354136461e+03    |
| 0.67300 |    3.2006902423e-07    |    5.2540965206e+03    |    5.2318916882e+03    |
| 0.67400 |    3.1995916922e-07    |    5.2506656780e+03    |    5.2283304515e+03    |
| 0.67500 |    3.1984977219e-07    |    5.2471958575e+03    |    5.2247301981e+03    |
| 0.67600 |    3.1974083425e-07    |    5.2436873231e+03    |    5.2210911926e+03    |
| 0.67700 |    3.1963235648e-07    |    5.2401403412e+03    |    5.2174137020e+03    |
| 0.67800 |    3.1952433996e-07    |    5.2365551806e+03    |    5.2136979957e+03    |
| 0.67900 |    3.1941678571e-07    |    5.2329321124e+03    |    5.2099443451e+03    |
| 0.68000 |    3.1930969477e-07    |    5.2292714102e+03    |    5.2061530244e+03    |
| 0.68100 |    3.1920306814e-07    |    5.2255733500e+03    |    5.2023243096e+03    |
| 0.68200 |    3.1909690678e-07    |    5.2218382098e+03    |    5.1984584792e+03    |
| 0.68300 |    3.1899121165e-07    |    5.2180662702e+03    |    5.1945558139e+03    |
| 0.68400 |    3.1888598370e-07    |    5.2142578141e+03    |    5.1906165968e+03    |
| 0.68500 |    3.1878122382e-07    |    5.2104131264e+03    |    5.1866411128e+03    |
| 0.68600 |    3.1867693290e-07    |    5.2065324945e+03    |    5.1826296492e+03    |
| 0.68700 |    3.1857311182e-07    |    5.2026162078e+03    |    5.1785824956e+03    |
| 0.68800 |    3.1846976142e-07    |    5.1986645580e+03    |    5.1744999434e+03    |
| 0.68900 |    3.1836688252e-07    |    5.1946778389e+03    |    5.1703822862e+03    |
| 0.69000 |    3.1826447591e-07    |    5.1906563466e+03    |    5.1662298198e+03    |
| 0.69100 |    3.1816254239e-07    |    5.1866003792e+03    |    5.1620428420e+03    |
| 0.69200 |    3.1806108270e-07    |    5.1825102368e+03    |    5.1578216525e+03    |
| 0.69300 |    3.1796009757e-07    |    5.1783862217e+03    |    5.1535665530e+03    |
| 0.69400 |    3.1785958772e-07    |    5.1742286382e+03    |    5.1492778473e+03    |
| 0.69500 |    3.1775955383e-07    |    5.1700377926e+03    |    5.1449558411e+03    |
| 0.69600 |    3.1765999658e-07    |    5.1658139932e+03    |    5.1406008419e+03    |
| 0.69700 |    3.1756091660e-07    |    5.1615575503e+03    |    5.1362131591e+03    |
| 0.69800 |    3.1746231452e-07    |    5.1572687760e+03    |    5.1317931040e+03    |
| 0.69900 |    3.1736419093e-07    |    5.1529479845e+03    |    5.1273409899e+03    |
| 0.70000 |    3.1726654642e-07    |    5.1485954916e+03    |    5.1228571315e+03    |
| 0.70100 |    3.1716938153e-07    |    5.1442116152e+03    |    5.1183418455e+03    |
| 0.70200 |    3.1707269680e-07    |    5.1397966749e+03    |    5.1137954503e+03    |
| 0.70300 |    3.1697649273e-07    |    5.1353509921e+03    |    5.1092182660e+03    |
| 0.70400 |    3.1688076982e-07    |    5.1308748899e+03    |    5.1046106144e+03    |
| 0.70500 |    3.1678552852e-07    |    5.1263686932e+03    |    5.0999728188e+03    |
| 0.70600 |    3.1669076929e-07    |    5.1218327286e+03    |    5.0953052042e+03    |
| 0.70700 |    3.1659649253e-07    |    5.1172673243e+03    |    5.0906080971e+03    |
| 0.70800 |    3.1650269865e-07    |    5.1126728101e+03    |    5.0858818258e+03    |
| 0.70900 |    3.1640938802e-07    |    5.1080495175e+03    |    5.0811267196e+03    |
| 0.71000 |    3.1631656100e-07    |    5.1033977795e+03    |    5.0763431098e+03    |
| 0.71100 |    3.1622421791e-07    |    5.0987179306e+03    |    5.0715313287e+03    |
| 0.71200 |    3.1613235906e-07    |    5.0940103068e+03    |    5.0666917103e+03    |
| 0.71300 |    3.1604098474e-07    |    5.0892752456e+03    |    5.0618245897e+03    |
| 0.71400 |    3.1595009521e-07    |    5.0845130859e+03    |    5.0569303036e+03    |
| 0.71500 |    3.1585969071e-07    |    5.0797241680e+03    |    5.0520091897e+03    |
| 0.71600 |    3.1576977147e-07    |    5.0749088335e+03    |    5.0470615873e+03    |
| 0.71700 |    3.1568033767e-07    |    5.0700674254e+03    |    5.0420878365e+03    |
| 0.71800 |    3.1559138949e-07    |    5.0652002880e+03    |    5.0370882788e+03    |
| 0.71900 |    3.1550292709e-07    |    5.0603077667e+03    |    5.0320632570e+03    |
| 0.72000 |    3.1541495059e-07    |    5.0553902082e+03    |    5.0270131146e+03    |
| 0.72100 |    3.1532746011e-07    |    5.0504479604e+03    |    5.0219381965e+03    |
| 0.72200 |    3.1524045573e-07    |    5.0454813723e+03    |    5.0168388485e+03    |
| 0.72300 |    3.1515393751e-07    |    5.0404907940e+03    |    5.0117154174e+03    |
| 0.72400 |    3.1506790550e-07    |    5.0354765765e+03    |    5.0065682507e+03    |
| 0.72500 |    3.1498235972e-07    |    5.0304390721e+03    |    5.0013976973e+03    |
| 0.72600 |    3.1489730016e-07    |    5.0253786338e+03    |    4.9962041065e+03    |
| 0.72700 |    3.1481272681e-07    |    5.0202956159e+03    |    4.9909878287e+03    |
| 0.72800 |    3.1472863962e-07    |    5.0151903731e+03    |    4.9857492149e+03    |
| 0.72900 |    3.1464503852e-07    |    5.0100632614e+03    |    4.9804886169e+03    |
| 0.73000 |    3.1456192343e-07    |    5.0049146373e+03    |    4.9752063872e+03    |
| 0.73100 |    3.1447929424e-07    |    4.9997448583e+03    |    4.9699028790e+03    |
| 0.73200 |    3.1439715081e-07    |    4.9945542826e+03    |    4.9645784460e+03    |
| 0.73300 |    3.1431549300e-07    |    4.9893432689e+03    |    4.9592334426e+03    |
| 0.73400 |    3.1423432063e-07    |    4.9841121767e+03    |    4.9538682236e+03    |
| 0.73500 |    3.1415363351e-07    |    4.9788613661e+03    |    4.9484831443e+03    |
| 0.73600 |    3.1407343142e-07    |    4.9735911978e+03    |    4.9430785604e+03    |
| 0.73700 |    3.1399371413e-07    |    4.9683020330e+03    |    4.9376548282e+03    |
| 0.73800 |    3.1391448137e-07    |    4.9629942333e+03    |    4.9322123040e+03    |
| 0.73900 |    3.1383573288e-07    |    4.9576681607e+03    |    4.9267513447e+03    |
| 0.74000 |    3.1375746835e-07    |    4.9523241779e+03    |    4.9212723073e+03    |
| 0.74100 |    3.1367968746e-07    |    4.9469626475e+03    |    4.9157755491e+03    |
| 0.74200 |    3.1360238987e-07    |    4.9415839327e+03    |    4.9102614275e+03    |
| 0.74300 |    3.1352557521e-07    |    4.9361883970e+03    |    4.9047303000e+03    |
| 0.74400 |    3.1344924312e-07    |    4.9307764039e+03    |    4.8991825242e+03    |
| 0.74500 |    3.1337339318e-07    |    4.9253483173e+03    |    4.8936184578e+03    |
| 0.74600 |    3.1329802498e-07    |    4.9199045009e+03    |    4.8880384583e+03    |
| 0.74700 |    3.1322313806e-07    |    4.9144453188e+03    |    4.8824428833e+03    |
| 0.74800 |    3.1314873197e-07    |    4.9089711351e+03    |    4.8768320902e+03    |
| 0.74900 |    3.1307480623e-07    |    4.9034823136e+03    |    4.8712064363e+03    |
| 0.75000 |    3.1300136033e-07    |    4.8979792184e+03    |    4.8655662786e+03    |
| 0.75100 |    3.1292839375e-07    |    4.8924622134e+03    |    4.8599119740e+03    |
| 0.75200 |    3.1285590594e-07    |    4.8869316621e+03    |    4.8542438789e+03    |
| 0.75300 |    3.1278389635e-07    |    4.8813879282e+03    |    4.8485623494e+03    |
| 0.75400 |    3.1271236440e-07    |    4.8758313748e+03    |    4.8428677414e+03    |
| 0.75500 |    3.1264130948e-07    |    4.8702623651e+03    |    4.8371604100e+03    |
| 0.75600 |    3.1257073097e-07    |    4.8646812615e+03    |    4.8314407102e+03    |
| 0.75700 |    3.1250062823e-07    |    4.8590884264e+03    |    4.8257089961e+03    |
| 0.75800 |    3.1243100061e-07    |    4.8534842217e+03    |    4.8199656214e+03    |
| 0.75900 |    3.1236184743e-07    |    4.8478690086e+03    |    4.8142109392e+03    |
| 0.76000 |    3.1229316799e-07    |    4.8422431481e+03    |    4.8084453017e+03    |
| 0.76100 |    3.1222496157e-07    |    4.8366070005e+03    |    4.8026690606e+03    |
| 0.76200 |    3.1215722745e-07    |    4.8309609253e+03    |    4.7968825667e+03    |
| 0.76300 |    3.1208996487e-07    |    4.8253052817e+03    |    4.7910861699e+03    |
| 0.76400 |    3.1202317306e-07    |    4.8196404279e+03    |    4.7852802194e+03    |
| 0.76500 |    3.1195685123e-07    |    4.8139667215e+03    |    4.7794650633e+03    |
| 0.76600 |    3.1189099858e-07    |    4.8082845193e+03    |    4.7736410487e+03    |
| 0.76700 |    3.1182561427e-07    |    4.8025941771e+03    |    4.7678085219e+03    |
| 0.76800 |    3.1176069747e-07    |    4.7968960500e+03    |    4.7619678279e+03    |
| 0.76900 |    3.1169624732e-07    |    4.7911904920e+03    |    4.7561193107e+03    |
| 0.77000 |    3.1163226294e-07    |    4.7854778563e+03    |    4.7502633130e+03    |
| 0.77100 |    3.1156874342e-07    |    4.7797584950e+03    |    4.7444001764e+03    |
| 0.77200 |    3.1150568787e-07    |    4.7740327589e+03    |    4.7385302412e+03    |
| 0.77300 |    3.1144309534e-07    |    4.7683009981e+03    |    4.7326538464e+03    |
| 0.77400 |    3.1138096489e-07    |    4.7625635611e+03    |    4.7267713294e+03    |
| 0.77500 |    3.1131929555e-07    |    4.7568207955e+03    |    4.7208830266e+03    |
| 0.77600 |    3.1125808635e-07    |    4.7510730475e+03    |    4.7149892727e+03    |
| 0.77700 |    3.1119733629e-07    |    4.7453206619e+03    |    4.7090904007e+03    |
| 0.77800 |    3.1113704434e-07    |    4.7395639824e+03    |    4.7031867425e+03    |
| 0.77900 |    3.1107720948e-07    |    4.7338033512e+03    |    4.6972786281e+03    |
| 0.78000 |    3.1101783067e-07    |    4.7280391089e+03    |    4.6913663858e+03    |
| 0.78100 |    3.1095890682e-07    |    4.7222715948e+03    |    4.6854503424e+03    |
| 0.78200 |    3.1090043688e-07    |    4.7165011466e+03    |    4.6795308229e+03    |
| 0.78300 |    3.1084241973e-07    |    4.7107281005e+03    |    4.6736081503e+03    |
| 0.78400 |    3.1078485427e-07    |    4.7049527909e+03    |    4.6676826460e+03    |
| 0.78500 |    3.1072773937e-07    |    4.6991755508e+03    |    4.6617546295e+03    |
| 0.78600 |    3.1067107389e-07    |    4.6933967113e+03    |    4.6558244183e+03    |
| 0.78700 |    3.1061485666e-07    |    4.6876166018e+03    |    4.6498923280e+03    |
| 0.78800 |    3.1055908652e-07    |    4.6818355499e+03    |    4.6439586720e+03    |
| 0.78900 |    3.1050376228e-07    |    4.6760538815e+03    |    4.6380237618e+03    |
| 0.79000 |    3.1044888272e-07    |    4.6702719205e+03    |    4.6320879069e+03    |
| 0.79100 |    3.1039444663e-07    |    4.6644899889e+03    |    4.6261514143e+03    |
| 0.79200 |    3.1034045279e-07    |    4.6587084067e+03    |    4.6202145892e+03    |
| 0.79300 |    3.1028689993e-07    |    4.6529274921e+03    |    4.6142777343e+03    |
| 0.79400 |    3.1023378680e-07    |    4.6471475610e+03    |    4.6083411501e+03    |
| 0.79500 |    3.1018111212e-07    |    4.6413689275e+03    |    4.6024051348e+03    |
| 0.79600 |    3.1012887460e-07    |    4.6355919034e+03    |    4.5964699843e+03    |
| 0.79700 |    3.1007707293e-07    |    4.6298167984e+03    |    4.5905359918e+03    |
| 0.79800 |    3.1002570580e-07    |    4.6240439201e+03    |    4.5846034485e+03    |
| 0.79900 |    3.0997477187e-07    |    4.6182735738e+03    |    4.5786726428e+03    |
| 0.80000 |    3.0992426980e-07    |    4.6125060624e+03    |    4.5727438606e+03    |
| 0.80100 |    3.0987419822e-07    |    4.6067416869e+03    |    4.5668173855e+03    |
| 0.80200 |    3.0982455577e-07    |    4.6009807456e+03    |    4.5608934980e+03    |
| 0.80300 |    3.0977534105e-07    |    4.5952235345e+03    |    4.5549724766e+03    |
| 0.80400 |    3.0972655267e-07    |    4.5894703474e+03    |    4.5490545965e+03    |
| 0.80500 |    3.0967818921e-07    |    4.5837214755e+03    |    4.5431401307e+03    |
| 0.80600 |    3.0963024925e-07    |    4.5779772075e+03    |    4.5372293490e+03    |
| 0.80700 |    3.0958273136e-07    |    4.5722378298e+03    |    4.5313225189e+03    |
| 0.80800 |    3.0953563408e-07    |    4.5665036261e+03    |    4.5254199046e+03    |
| 0.80900 |    3.0948895595e-07    |    4.5607748777e+03    |    4.5195217677e+03    |
| 0.81000 |    3.0944269549e-07    |    4.5550518631e+03    |    4.5136283670e+03    |
| 0.81100 |    3.0939685123e-07    |    4.5493348584e+03    |    4.5077399581e+03    |
| 0.81200 |    3.0935142165e-07    |    4.5436241369e+03    |    4.5018567940e+03    |
| 0.81300 |    3.0930640525e-07    |    4.5379199694e+03    |    4.4959791243e+03    |
| 0.81400 |    3.0926180052e-07    |    4.5322226238e+03    |    4.4901071959e+03    |
| 0.81500 |    3.0921760590e-07    |    4.5265323655e+03    |    4.4842412527e+03    |
| 0.81600 |    3.0917381987e-07    |    4.5208494570e+03    |    4.4783815352e+03    |
| 0.81700 |    3.0913044086e-07    |    4.5151741581e+03    |    4.4725282811e+03    |
| 0.81800 |    3.0908746731e-07    |    4.5095067258e+03    |    4.4666817247e+03    |
| 0.81900 |    3.0904489764e-07    |    4.5038474143e+03    |    4.4608420976e+03    |
| 0.82000 |    3.0900273026e-07    |    4.4981964749e+03    |    4.4550096277e+03    |
| 0.82100 |    3.0896096357e-07    |    4.4925541563e+03    |    4.4491845399e+03    |
| 0.82200 |    3.0891959596e-07    |    4.4869207040e+03    |    4.4433670560e+03    |
| 0.82300 |    3.0887862581e-07    |    4.4812963607e+03    |    4.4375573944e+03    |
| 0.82400 |    3.0883805148e-07    |    4.4756813664e+03    |    4.4317557703e+03    |
| 0.82500 |    3.0879787135e-07    |    4.4700759580e+03    |    4.4259623955e+03    |
| 0.82600 |    3.0875808375e-07    |    4.4644803696e+03    |    4.4201774785e+03    |
| 0.82700 |    3.0871868703e-07    |    4.4588948321e+03    |    4.4144012247e+03    |
| 0.82800 |    3.0867967952e-07    |    4.4533195738e+03    |    4.4086338357e+03    |
| 0.82900 |    3.0864105953e-07    |    4.4477548198e+03    |    4.4028755102e+03    |
| 0.83000 |    3.0860282538e-07    |    4.4422007922e+03    |    4.3971264431e+03    |
| 0.83100 |    3.0856497537e-07    |    4.4366577103e+03    |    4.3913868263e+03    |
| 0.83200 |    3.0852750778e-07    |    4.4311257902e+03    |    4.3856568478e+03    |
| 0.83300 |    3.0849042091e-07    |    4.4256052452e+03    |    4.3799366926e+03    |
| 0.83400 |    3.0845371302e-07    |    4.4200962856e+03    |    4.3742265421e+03    |
| 0.83500 |    3.0841738238e-07    |    4.4145991184e+03    |    4.3685265741e+03    |
| 0.83600 |    3.0838142724e-07    |    4.4091139479e+03    |    4.3628369632e+03    |
| 0.83700 |    3.0834584586e-07    |    4.4036409753e+03    |    4.3571578802e+03    |
| 0.83800 |    3.0831063647e-07    |    4.3981803988e+03    |    4.3514894927e+03    |
| 0.83900 |    3.0827579730e-07    |    4.3927324136e+03    |    4.3458319647e+03    |
| 0.84000 |    3.0824132658e-07    |    4.3872972117e+03    |    4.3401854566e+03    |
| 0.84100 |    3.0820722252e-07    |    4.3818749826e+03    |    4.3345501255e+03    |
| 0.84200 |    3.0817348332e-07    |    4.3764659122e+03    |    4.3289261247e+03    |
| 0.84300 |    3.0814010719e-07    |    4.3710701838e+03    |    4.3233136043e+03    |
| 0.84400 |    3.0810709231e-07    |    4.3656879777e+03    |    4.3177127107e+03    |
| 0.84500 |    3.0807443687e-07    |    4.3603194711e+03    |    4.3121235868e+03    |
| 0.84600 |    3.0804213904e-07    |    4.3549648384e+03    |    4.3065463720e+03    |
| 0.84700 |    3.0801019699e-07    |    4.3496242508e+03    |    4.3009812022e+03    |
| 0.84800 |    3.0797860888e-07    |    4.3442978769e+03    |    4.2954282097e+03    |
| 0.84900 |    3.0794737286e-07    |    4.3389858821e+03    |    4.2898875235e+03    |
| 0.85000 |    3.0791648709e-07    |    4.3336884292e+03    |    4.2843592688e+03    |
| 0.85100 |    3.0788594970e-07    |    4.3284056778e+03    |    4.2788435675e+03    |
| 0.85200 |    3.0785575881e-07    |    4.3231377850e+03    |    4.2733405380e+03    |
| 0.85300 |    3.0782591257e-07    |    4.3178849047e+03    |    4.2678502951e+03    |
| 0.85400 |    3.0779640909e-07    |    4.3126471884e+03    |    4.2623729502e+03    |
| 0.85500 |    3.0776724648e-07    |    4.3074247844e+03    |    4.2569086113e+03    |
| 0.85600 |    3.0773842284e-07    |    4.3022178386e+03    |    4.2514573827e+03    |
| 0.85700 |    3.0770993628e-07    |    4.2970264939e+03    |    4.2460193655e+03    |
| 0.85800 |    3.0768178489e-07    |    4.2918508906e+03    |    4.2405946574e+03    |
| 0.85900 |    3.0765396676e-07    |    4.2866911666e+03    |    4.2351833524e+03    |
| 0.86000 |    3.0762647997e-07    |    4.2815474567e+03    |    4.2297855413e+03    |
| 0.86100 |    3.0759932260e-07    |    4.2764198934e+03    |    4.2244013115e+03    |
| 0.86200 |    3.0757249271e-07    |    4.2713086066e+03    |    4.2190307470e+03    |
| 0.86300 |    3.0754598838e-07    |    4.2662137236e+03    |    4.2136739285e+03    |
| 0.86400 |    3.0751980765e-07    |    4.2611353695e+03    |    4.2083309333e+03    |
| 0.86500 |    3.0749394859e-07    |    4.2560736665e+03    |    4.2030018354e+03    |
| 0.86600 |    3.0746840924e-07    |    4.2510287348e+03    |    4.1976867055e+03    |
| 0.86700 |    3.0744318764e-07    |    4.2460006921e+03    |    4.1923856112e+03    |
| 0.86800 |    3.0741828183e-07    |    4.2409896538e+03    |    4.1870986166e+03    |
| 0.86900 |    3.0739368985e-07    |    4.2359957331e+03    |    4.1818257828e+03    |
| 0.87000 |    3.0736940972e-07    |    4.2310190409e+03    |    4.1765671676e+03    |
| 0.87100 |    3.0734543946e-07    |    4.2260596862e+03    |    4.1713228256e+03    |
| 0.87200 |    3.0732177709e-07    |    4.2211177755e+03    |    4.1660928084e+03    |
| 0.87300 |    3.0729842064e-07    |    4.2161934138e+03    |    4.1608771644e+03    |
| 0.87400 |    3.0727536809e-07    |    4.2112867036e+03    |    4.1556759390e+03    |
| 0.87500 |    3.0725261746e-07    |    4.2063977459e+03    |    4.1504891743e+03    |
| 0.87600 |    3.0723016676e-07    |    4.2015266395e+03    |    4.1453169099e+03    |
| 0.87700 |    3.0720801396e-07    |    4.1966734818e+03    |    4.1401591818e+03    |
| 0.87800 |    3.0718615708e-07    |    4.1918383681e+03    |    4.1350160235e+03    |
| 0.87900 |    3.0716459408e-07    |    4.1870213924e+03    |    4.1298874654e+03    |
| 0.88000 |    3.0714332296e-07    |    4.1822226468e+03    |    4.1247735351e+03    |
| 0.88100 |    3.0712234170e-07    |    4.1774422222e+03    |    4.1196742573e+03    |
| 0.88200 |    3.0710164827e-07    |    4.1726802079e+03    |    4.1145896539e+03    |
| 0.88300 |    3.0708124064e-07    |    4.1679366917e+03    |    4.1095197440e+03    |
| 0.88400 |    3.0706111679e-07    |    4.1632117606e+03    |    4.1044645441e+03    |
| 0.88500 |    3.0704127467e-07    |    4.1585054998e+03    |    4.0994240678e+03    |
| 0.88600 |    3.0702171224e-07    |    4.1538179939e+03    |    4.0943983263e+03    |
| 0.88700 |    3.0700242748e-07    |    4.1491493263e+03    |    4.0893873279e+03    |
| 0.88800 |    3.0698341832e-07    |    4.1444995794e+03    |    4.0843910785e+03    |
| 0.88900 |    3.0696468273e-07    |    4.1398688348e+03    |    4.0794095815e+03    |
| 0.89000 |    3.0694621864e-07    |    4.1352571734e+03    |    4.0744428377e+03    |
| 0.89100 |    3.0692802402e-07    |    4.1306646754e+03    |    4.0694908455e+03    |
| 0.89200 |    3.0691009679e-07    |    4.1260914205e+03    |    4.0645536009e+03    |
| 0.89300 |    3.0689243490e-07    |    4.1215374879e+03    |    4.0596310976e+03    |
| 0.89400 |    3.0687503628e-07    |    4.1170029565e+03    |    4.0547233268e+03    |
| 0.89500 |    3.0685789888e-07    |    4.1124879049e+03    |    4.0498302777e+03    |
| 0.89600 |    3.0684102062e-07    |    4.1079924116e+03    |    4.0449519369e+03    |
| 0.89700 |    3.0682439943e-07    |    4.1035165551e+03    |    4.0400882892e+03    |
| 0.89800 |    3.0680803325e-07    |    4.0990604140e+03    |    4.0352393170e+03    |
| 0.89900 |    3.0679191998e-07    |    4.0946240670e+03    |    4.0304050007e+03    |
| 0.90000 |    3.0677605757e-07    |    4.0902075933e+03    |    4.0255853187e+03    |
| 0.90100 |    3.0676044393e-07    |    4.0858110725e+03    |    4.0207802473e+03    |
| 0.90200 |    3.0674507697e-07    |    4.0814345847e+03    |    4.0159897610e+03    |
| 0.90300 |    3.0672995462e-07    |    4.0770782108e+03    |    4.0112138321e+03    |
| 0.90400 |    3.0671507479e-07    |    4.0727420326e+03    |    4.0064524312e+03    |
| 0.90500 |    3.0670043540e-07    |    4.0684261327e+03    |    4.0017055273e+03    |
| 0.90600 |    3.0668603436e-07    |    4.0641305951e+03    |    3.9969730874e+03    |
| 0.90700 |    3.0667186957e-07    |    4.0598555048e+03    |    3.9922550766e+03    |
| 0.90800 |    3.0665793895e-07    |    4.0556009485e+03    |    3.9875514587e+03    |
| 0.90900 |    3.0664424042e-07    |    4.0513670142e+03    |    3.9828621957e+03    |
| 0.91000 |    3.0663077186e-07    |    4.0471537918e+03    |    3.9781872480e+03    |
| 0.91100 |    3.0661753120e-07    |    4.0429613731e+03    |    3.9735265744e+03    |
| 0.91200 |    3.0660451633e-07    |    4.0387898520e+03    |    3.9688801324e+03    |
| 0.91300 |    3.0659172516e-07    |    4.0346393244e+03    |    3.9642478778e+03    |
| 0.91400 |    3.0657915560e-07    |    4.0305098889e+03    |    3.9596297653e+03    |
| 0.91500 |    3.0656680554e-07    |    4.0264016467e+03    |    3.9550257479e+03    |
| 0.91600 |    3.0655467290e-07    |    4.0223147014e+03    |    3.9504357777e+03    |
| 0.91700 |    3.0654275556e-07    |    4.0182491601e+03    |    3.9458598051e+03    |
| 0.91800 |    3.0653105145e-07    |    4.0142051327e+03    |    3.9412977796e+03    |
| 0.91900 |    3.0651955844e-07    |    4.0101827327e+03    |    3.9367496494e+03    |
| 0.92000 |    3.0650827446e-07    |    4.0061820771e+03    |    3.9322153616e+03    |
| 0.92100 |    3.0649719740e-07    |    4.0022032867e+03    |    3.9276948621e+03    |
| 0.92200 |    3.0648632515e-07    |    3.9982464864e+03    |    3.9231880959e+03    |
| 0.92300 |    3.0647565563e-07    |    3.9943118055e+03    |    3.9186950069e+03    |
| 0.92400 |    3.0646518674e-07    |    3.9903993775e+03    |    3.9142155381e+03    |
| 0.92500 |    3.0645491638e-07    |    3.9865093409e+03    |    3.9097496315e+03    |
| 0.92600 |    3.0644484245e-07    |    3.9826418393e+03    |    3.9052972284e+03    |
| 0.92700 |    3.0643496286e-07    |    3.9787970215e+03    |    3.9008582690e+03    |
| 0.92800 |    3.0642527551e-07    |    3.9749750419e+03    |    3.8964326928e+03    |
| 0.92900 |    3.0641577831e-07    |    3.9711760608e+03    |    3.8920204386e+03    |
| 0.93000 |    3.0640646917e-07    |    3.9674002448e+03    |    3.8876214444e+03    |
| 0.93100 |    3.0639734599e-07    |    3.9636477667e+03    |    3.8832356476e+03    |
| 0.93200 |    3.0638840668e-07    |    3.9599188064e+03    |    3.8788629848e+03    |
| 0.93300 |    3.0637964917e-07    |    3.9562135509e+03    |    3.8745033921e+03    |
| 0.93400 |    3.0637107135e-07    |    3.9525321946e+03    |    3.8701568049e+03    |
| 0.93500 |    3.0636267115e-07    |    3.9488749401e+03    |    3.8658231582e+03    |
| 0.93600 |    3.0635444648e-07    |    3.9452419980e+03    |    3.8615023864e+03    |
| 0.93700 |    3.0634639526e-07    |    3.9416335876e+03    |    3.8571944234e+03    |
| 0.93800 |    3.0633851541e-07    |    3.9380499375e+03    |    3.8528992027e+03    |
| 0.93900 |    3.0633080486e-07    |    3.9344912856e+03    |    3.8486166573e+03    |
| 0.94000 |    3.0632326152e-07    |    3.9309578800e+03    |    3.8443467199e+03    |
| 0.94100 |    3.0631588333e-07    |    3.9274499792e+03    |    3.8400893228e+03    |
| 0.94200 |    3.0630866823e-07    |    3.9239678528e+03    |    3.8358443979e+03    |
| 0.94300 |    3.0630161413e-07    |    3.9205117816e+03    |    3.8316118769e+03    |
| 0.94400 |    3.0629471899e-07    |    3.9170820589e+03    |    3.8273916911e+03    |
| 0.94500 |    3.0628798073e-07    |    3.9136789904e+03    |    3.8231837717e+03    |
| 0.94600 |    3.0628139731e-07    |    3.9103028951e+03    |    3.8189880495e+03    |
| 0.94700 |    3.0627496667e-07    |    3.9069541059e+03    |    3.8148044553e+03    |
| 0.94800 |    3.0626868676e-07    |    3.9036329703e+03    |    3.8106329196e+03    |
| 0.94900 |    3.0626255554e-07    |    3.9003398511e+03    |    3.8064733726e+03    |
| 0.95000 |    3.0625657096e-07    |    3.8970751272e+03    |    3.8023257446e+03    |
| 0.95100 |    3.0625073098e-07    |    3.8938391943e+03    |    3.7981899657e+03    |
| 0.95200 |    3.0624503358e-07    |    3.8906324656e+03    |    3.7940659659e+03    |
| 0.95300 |    3.0623947672e-07    |    3.8874553732e+03    |    3.7899536751e+03    |
| 0.95400 |    3.0623405838e-07    |    3.8843083683e+03    |    3.7858530231e+03    |
| 0.95500 |    3.0622877655e-07    |    3.8811919227e+03    |    3.7817639398e+03    |
| 0.95600 |    3.0622362920e-07    |    3.8781065298e+03    |    3.7776863550e+03    |
| 0.95700 |    3.0621861432e-07    |    3.8750527054e+03    |    3.7736201985e+03    |
| 0.95800 |    3.0621372992e-07    |    3.8720309892e+03    |    3.7695654000e+03    |
| 0.95900 |    3.0620897399e-07    |    3.8690419457e+03    |    3.7655218895e+03    |
| 0.96000 |    3.0620434455e-07    |    3.8660861658e+03    |    3.7614895968e+03    |
| 0.96100 |    3.0619983960e-07    |    3.8631642683e+03    |    3.7574684518e+03    |
| 0.96200 |    3.0619545716e-07    |    3.8602769007e+03    |    3.7534583846e+03    |
| 0.96300 |    3.0619119526e-07    |    3.8574247416e+03    |    3.7494593252e+03    |
| 0.96400 |    3.0618705194e-07    |    3.8546085019e+03    |    3.7454712038e+03    |
| 0.96500 |    3.0618302523e-07    |    3.8518289264e+03    |    3.7414939507e+03    |
| 0.96600 |    3.0617911317e-07    |    3.8490867964e+03    |    3.7375274963e+03    |
| 0.96700 |    3.0617531382e-07    |    3.8463829309e+03    |    3.7335717711e+03    |
| 0.96800 |    3.0617162524e-07    |    3.8437181894e+03    |    3.7296267059e+03    |
| 0.96900 |    3.0616804549e-07    |    3.8410934738e+03    |    3.7256922314e+03    |
| 0.97000 |    3.0616457266e-07    |    3.8385097308e+03    |    3.7217682787e+03    |
| 0.97100 |    3.0616120482e-07    |    3.8359679550e+03    |    3.7178547789e+03    |
| 0.97200 |    3.0615794007e-07    |    3.8334691914e+03    |    3.7139516634e+03    |
| 0.97300 |    3.0615477649e-07    |    3.8310145381e+03    |    3.7100588637e+03    |
| 0.97400 |    3.0615171221e-07    |    3.8286051502e+03    |    3.7061763115e+03    |
| 0.97500 |    3.0614874534e-07    |    3.8262422429e+03    |    3.7023039389e+03    |
| 0.97600 |    3.0614587400e-07    |    3.8239270952e+03    |    3.6984416779e+03    |
| 0.97700 |    3.0614309634e-07    |    3.8216610538e+03    |    3.6945894609e+03    |
| 0.97800 |    3.0614041048e-07    |    3.8194455378e+03    |    3.6907472206e+03    |
| 0.97900 |    3.0613781459e-07    |    3.8172820432e+03    |    3.6869148898e+03    |
| 0.98000 |    3.0613530683e-07    |    3.8151721474e+03    |    3.6830924017e+03    |
| 0.98100 |    3.0613288538e-07    |    3.8131175153e+03    |    3.6792796895e+03    |
| 0.98200 |    3.0613054841e-07    |    3.8111199047e+03    |    3.6754766870e+03    |
| 0.98300 |    3.0612829413e-07    |    3.8091811730e+03    |    3.6716833280e+03    |
| 0.98400 |    3.0612612074e-07    |    3.8073032837e+03    |    3.6678995466e+03    |
| 0.98500 |    3.0612402646e-07    |    3.8054883136e+03    |    3.6641252775e+03    |
| 0.98600 |    3.0612200951e-07    |    3.8037384616e+03    |    3.6603604553e+03    |
| 0.98700 |    3.0612006814e-07    |    3.8020560564e+03    |    3.6566050151e+03    |
| 0.98800 |    3.0611820059e-07    |    3.8004435669e+03    |    3.6528588922e+03    |
| 0.98900 |    3.0611640513e-07    |    3.7989036119e+03    |    3.6491220224e+03    |
| 0.99000 |    3.0611468005e-07    |    3.7974389715e+03    |    3.6453943416e+03    |
| 0.99100 |    3.0611302362e-07    |    3.7960525994e+03    |    3.6416757863e+03    |
| 0.99200 |    3.0611143415e-07    |    3.7947476363e+03    |    3.6379662930e+03    |
| 0.99300 |    3.0610990995e-07    |    3.7935274251e+03    |    3.6342657988e+03    |
| 0.99400 |    3.0610844936e-07    |    3.7923955261e+03    |    3.6305742412e+03    |
| 0.99500 |    3.0610705072e-07    |    3.7913557346e+03    |    3.6268915578e+03    |
| 0.99600 |    3.0610571238e-07    |    3.7904121017e+03    |    3.6232176867e+03    |
| 0.99700 |    3.0610443271e-07    |    3.7895689540e+03    |    3.6195525666e+03    |
| 0.99800 |    3.0610321010e-07    |    3.7888309179e+03    |    3.6158961361e+03    |
| 0.99900 |    3.0610204296e-07    |    3.7882029454e+03    |    3.6122483347e+03    |
| 1.00000 |    3.0610092969e-07    |    3.7849581758e+03    |    3.6086091021e+03    |
--------------------------------------------------------------------------------------