Число узлов n = 501
--------------------------------------------------------------------------------------
|    x    |          u(z)          |          f(z)          |     f(z) integral      |
--------------------------------------------------------------------------------------
| 0.00000 |    3.9204513749e-07    |    0.0000000000e+00    |    0.0000000000e+00    |
| 0.00200 |    3.9204414845e-07    |   -0.0000000000e+00    |    2.3350375962e+01    |
| 0.00400 |    3.9204513749e-07    |    6.3770255268e+00    |    4.6700741240e+01    |
| 0.00600 |    3.9204323336e-07    |    3.9911411152e+01    |    7.0051123281e+01    |
| 0.00800 |    3.9203941032e-07    |    6.5686603911e+01    |    9.3401557953e+01    |
| 0.01000 |    3.9203380754e-07    |    9.0168667395e+01    |    1.1675207302e+02    |
| 0.01200 |    3.9202647140e-07    |    1.1418057906e+02    |    1.4010269504e+02    |
| 0.01400 |    3.9201742299e-07    |    1.3796653773e+02    |    1.6345344981e+02    |
| 0.01600 |    3.9200667364e-07    |    1.6162604714e+02    |    1.8680436236e+02    |
| 0.01800 |    3.9199423016e-07    |    1.8520754173e+02    |    2.1015545698e+02    |
| 0.02000 |    3.9198009694e-07    |    2.0873750471e+02    |    2.3350675704e+02    |
| 0.02200 |    3.9196427699e-07    |    2.3223166717e+02    |    2.5685828498e+02    |
| 0.02400 |    3.9194677244e-07    |    2.5569997469e+02    |    2.8021006216e+02    |
| 0.02600 |    3.9192758487e-07    |    2.7914902962e+02    |    3.0356210879e+02    |
| 0.02800 |    3.9190671547e-07    |    3.0258339074e+02    |    3.2691444381e+02    |
| 0.03000 |    3.9188416516e-07    |    3.2600630949e+02    |    3.5026708480e+02    |
| 0.03200 |    3.9185993467e-07    |    3.4942016877e+02    |    3.7362004788e+02    |
| 0.03400 |    3.9183402458e-07    |    3.7282675575e+02    |    3.9697334760e+02    |
| 0.03600 |    3.9180643536e-07    |    3.9622743764e+02    |    4.2032699684e+02    |
| 0.03800 |    3.9177716741e-07    |    4.1962327847e+02    |    4.4368100670e+02    |
| 0.04000 |    3.9174622103e-07    |    4.4301511873e+02    |    4.6703538640e+02    |
| 0.04200 |    3.9171359651e-07    |    4.6640363097e+02    |    4.9039014318e+02    |
| 0.04400 |    3.9167929407e-07    |    4.8978935941e+02    |    5.1374528221e+02    |
| 0.04600 |    3.9164331390e-07    |    5.1317274866e+02    |    5.3710080646e+02    |
| 0.04800 |    3.9160565617e-07    |    5.3655416493e+02    |    5.6045671658e+02    |
| 0.05000 |    3.9156632103e-07    |    5.5993391182e+02    |    5.8381301087e+02    |
| 0.05200 |    3.9152530861e-07    |    5.8331224238e+02    |    6.0716968509e+02    |
| 0.05400 |    3.9148261901e-07    |    6.0668936829e+02    |    6.3052673242e+02    |
| 0.05600 |    3.9143825235e-07    |    6.3006546696e+02    |    6.5388414330e+02    |
| 0.05800 |    3.9139220872e-07    |    6.5344068714e+02    |    6.7724190540e+02    |
| 0.06000 |    3.9134448820e-07    |    6.7681515331e+02    |    7.0060000343e+02    |
| 0.06200 |    3.9129509088e-07    |    7.0018896914e+02    |    7.2395841909e+02    |
| 0.06400 |    3.9124401683e-07    |    7.2356222034e+02    |    7.4731713097e+02    |
| 0.06600 |    3.9119126614e-07    |    7.4693497687e+02    |    7.7067611442e+02    |
| 0.06800 |    3.9113683887e-07    |    7.7030729477e+02    |    7.9403534144e+02    |
| 0.07000 |    3.9108073511e-07    |    7.9367921767e+02    |    8.1739478062e+02    |
| 0.07200 |    3.9102295494e-07    |    8.1705077795e+02    |    8.4075439698e+02    |
| 0.07400 |    3.9096349844e-07    |    8.4042199778e+02    |    8.6411415191e+02    |
| 0.07600 |    3.9090236569e-07    |    8.6379288989e+02    |    8.8747400305e+02    |
| 0.07800 |    3.9083955678e-07    |    8.8716345829e+02    |    9.1083390418e+02    |
| 0.08000 |    3.9077507181e-07    |    9.1053369874e+02    |    9.3419380511e+02    |
| 0.08200 |    3.9070891088e-07    |    9.3390359931e+02    |    9.5755365161e+02    |
| 0.08400 |    3.9064107410e-07    |    9.5727314062e+02    |    9.8091338528e+02    |
| 0.08600 |    3.9057156158e-07    |    9.8064229626e+02    |    1.0042729434e+03    |
| 0.08800 |    3.9050037346e-07    |    1.0040110330e+03    |    1.0276322590e+03    |
| 0.09000 |    3.9042750986e-07    |    1.0273793108e+03    |    1.0509912605e+03    |
| 0.09200 |    3.9035297095e-07    |    1.0507470835e+03    |    1.0743498718e+03    |
| 0.09400 |    3.9027675686e-07    |    1.0741142982e+03    |    1.0977080120e+03    |
| 0.09600 |    3.9019886777e-07    |    1.0974808959e+03    |    1.1210655957e+03    |
| 0.09800 |    3.9011930387e-07    |    1.1208468115e+03    |    1.1444225324e+03    |
| 0.10000 |    3.9003806535e-07    |    1.1442119736e+03    |    1.1677787265e+03    |
| 0.10200 |    3.8995515243e-07    |    1.1675763048e+03    |    1.1911340775e+03    |
| 0.10400 |    3.8987056532e-07    |    1.1909397215e+03    |    1.2144884796e+03    |
| 0.10600 |    3.8978430427e-07    |    1.2143021340e+03    |    1.2378418218e+03    |
| 0.10800 |    3.8969636954e-07    |    1.2376634468e+03    |    1.2611939876e+03    |
| 0.11000 |    3.8960676141e-07    |    1.2610235577e+03    |    1.2845448550e+03    |
| 0.11200 |    3.8951548017e-07    |    1.2843823589e+03    |    1.3078942964e+03    |
| 0.11400 |    3.8942252614e-07    |    1.3077397361e+03    |    1.3312421785e+03    |
| 0.11600 |    3.8932789965e-07    |    1.3310955689e+03    |    1.3545883622e+03    |
| 0.11800 |    3.8923160107e-07    |    1.3544497304e+03    |    1.3779327024e+03    |
| 0.12000 |    3.8913363076e-07    |    1.3778020876e+03    |    1.4012750480e+03    |
| 0.12200 |    3.8903398914e-07    |    1.4011525009e+03    |    1.4246152419e+03    |
| 0.12400 |    3.8893267663e-07    |    1.4245008245e+03    |    1.4479531206e+03    |
| 0.12600 |    3.8882969368e-07    |    1.4478469059e+03    |    1.4712885144e+03    |
| 0.12800 |    3.8872504077e-07    |    1.4711905858e+03    |    1.4946212472e+03    |
| 0.13000 |    3.8861871840e-07    |    1.4945316987e+03    |    1.5179511363e+03    |
| 0.13200 |    3.8851072710e-07    |    1.5178700718e+03    |    1.5412779924e+03    |
| 0.13400 |    3.8840106744e-07    |    1.5412055260e+03    |    1.5646016194e+03    |
| 0.13600 |    3.8828974001e-07    |    1.5645378750e+03    |    1.5879218145e+03    |
| 0.13800 |    3.8817674541e-07    |    1.5878669254e+03    |    1.6112383678e+03    |
| 0.14000 |    3.8806208432e-07    |    1.6111924771e+03    |    1.6345510627e+03    |
| 0.14200 |    3.8794575742e-07    |    1.6345143225e+03    |    1.6578596752e+03    |
| 0.14400 |    3.8782776541e-07    |    1.6578322470e+03    |    1.6811639741e+03    |
| 0.14600 |    3.8770810907e-07    |    1.6811460286e+03    |    1.7044637209e+03    |
| 0.14800 |    3.8758678917e-07    |    1.7044554379e+03    |    1.7277586699e+03    |
| 0.15000 |    3.8746380656e-07    |    1.7277602379e+03    |    1.7510485675e+03    |
| 0.15200 |    3.8733916208e-07    |    1.7510601842e+03    |    1.7743331529e+03    |
| 0.15400 |    3.8721285665e-07    |    1.7743550246e+03    |    1.7976121573e+03    |
| 0.15600 |    3.8708489121e-07    |    1.7976444993e+03    |    1.8208853042e+03    |
| 0.15800 |    3.8695526674e-07    |    1.8209283406e+03    |    1.8441523093e+03    |
| 0.16000 |    3.8682398429e-07    |    1.8442062727e+03    |    1.8674128801e+03    |
| 0.16200 |    3.8669104491e-07    |    1.8674780120e+03    |    1.8906667161e+03    |
| 0.16400 |    3.8655644974e-07    |    1.8907432668e+03    |    1.9139135088e+03    |
| 0.16600 |    3.8642019992e-07    |    1.9140017370e+03    |    1.9371529413e+03    |
| 0.16800 |    3.8628229668e-07    |    1.9372531144e+03    |    1.9603846881e+03    |
| 0.17000 |    3.8614274126e-07    |    1.9604970825e+03    |    1.9836084157e+03    |
| 0.17200 |    3.8600153499e-07    |    1.9837333162e+03    |    2.0068237818e+03    |
| 0.17400 |    3.8585867923e-07    |    2.0069614818e+03    |    2.0300304354e+03    |
| 0.17600 |    3.8571417537e-07    |    2.0301812373e+03    |    2.0532280170e+03    |
| 0.17800 |    3.8556802490e-07    |    2.0533922316e+03    |    2.0764161581e+03    |
| 0.18000 |    3.8542022933e-07    |    2.0765941051e+03    |    2.0995944813e+03    |
| 0.18200 |    3.8527079024e-07    |    2.0997864891e+03    |    2.1227626004e+03    |
| 0.18400 |    3.8511970925e-07    |    2.1229690061e+03    |    2.1459201200e+03    |
| 0.18600 |    3.8496698808e-07    |    2.1461412695e+03    |    2.1690666355e+03    |
| 0.18800 |    3.8481262845e-07    |    2.1693028836e+03    |    2.1922017331e+03    |
| 0.19000 |    3.8465663220e-07    |    2.1924534434e+03    |    2.2153249897e+03    |
| 0.19200 |    3.8449900119e-07    |    2.2155925347e+03    |    2.2384359729e+03    |
| 0.19400 |    3.8433973737e-07    |    2.2387197339e+03    |    2.2615342405e+03    |
| 0.19600 |    3.8417884274e-07    |    2.2618346079e+03    |    2.2846193411e+03    |
| 0.19800 |    3.8401631937e-07    |    2.2849367141e+03    |    2.3076908133e+03    |
| 0.20000 |    3.8385216940e-07    |    2.3080256004e+03    |    2.3307481863e+03    |
| 0.20200 |    3.8368639504e-07    |    2.3311008048e+03    |    2.3537909793e+03    |
| 0.20400 |    3.8351899857e-07    |    2.3541618557e+03    |    2.3768187017e+03    |
| 0.20600 |    3.8334998234e-07    |    2.3772082717e+03    |    2.3998308528e+03    |
| 0.20800 |    3.8317934877e-07    |    2.4002395612e+03    |    2.4228269221e+03    |
| 0.21000 |    3.8300710037e-07    |    2.4232552230e+03    |    2.4458063889e+03    |
| 0.21200 |    3.8283323970e-07    |    2.4462547456e+03    |    2.4687687223e+03    |
| 0.21400 |    3.8265776943e-07    |    2.4692376074e+03    |    2.4917133812e+03    |
| 0.21600 |    3.8248069229e-07    |    2.4922032767e+03    |    2.5146398141e+03    |
| 0.21800 |    3.8230201109e-07    |    2.5151512115e+03    |    2.5375474593e+03    |
| 0.22000 |    3.8212172872e-07    |    2.5380808595e+03    |    2.5604357445e+03    |
| 0.22200 |    3.8193984816e-07    |    2.5609916579e+03    |    2.5833040870e+03    |
| 0.22400 |    3.8175637249e-07    |    2.5838830335e+03    |    2.6061518935e+03    |
| 0.22600 |    3.8157130484e-07    |    2.6067544026e+03    |    2.6289785600e+03    |
| 0.22800 |    3.8138464845e-07    |    2.6296051710e+03    |    2.6517834720e+03    |
| 0.23000 |    3.8119640666e-07    |    2.6524347338e+03    |    2.6745660042e+03    |
| 0.23200 |    3.8100658288e-07    |    2.6752424753e+03    |    2.6973255203e+03    |
| 0.23400 |    3.8081518062e-07    |    2.6980277692e+03    |    2.7200613734e+03    |
| 0.23600 |    3.8062220349e-07    |    2.7207899783e+03    |    2.7427729056e+03    |
| 0.23800 |    3.8042765518e-07    |    2.7435284546e+03    |    2.7654594481e+03    |
| 0.24000 |    3.8023153949e-07    |    2.7662425393e+03    |    2.7881203210e+03    |
| 0.24200 |    3.8003386032e-07    |    2.7889315624e+03    |    2.8107548335e+03    |
| 0.24400 |    3.7983462167e-07    |    2.8115948432e+03    |    2.8333622835e+03    |
| 0.24600 |    3.7963382761e-07    |    2.8342316896e+03    |    2.8559419581e+03    |
| 0.24800 |    3.7943148237e-07    |    2.8568413987e+03    |    2.8784931328e+03    |
| 0.25000 |    3.7922759023e-07    |    2.8794232564e+03    |    2.9010150723e+03    |
| 0.25200 |    3.7902215561e-07    |    2.9019765375e+03    |    2.9235070299e+03    |
| 0.25400 |    3.7881518303e-07    |    2.9245005055e+03    |    2.9459682475e+03    |
| 0.25600 |    3.7860667710e-07    |    2.9469944126e+03    |    2.9683979559e+03    |
| 0.25800 |    3.7839664257e-07    |    2.9694574999e+03    |    2.9907953744e+03    |
| 0.26000 |    3.7818508427e-07    |    2.9918889972e+03    |    3.0131597111e+03    |
| 0.26200 |    3.7797200719e-07    |    3.0142881228e+03    |    3.0354901626e+03    |
| 0.26400 |    3.7775741637e-07    |    3.0366540840e+03    |    3.0577859141e+03    |
| 0.26600 |    3.7754131703e-07    |    3.0589860763e+03    |    3.0800461394e+03    |
| 0.26800 |    3.7732371446e-07    |    3.0812832841e+03    |    3.1022700010e+03    |
| 0.27000 |    3.7710461411e-07    |    3.1035448805e+03    |    3.1244566496e+03    |
| 0.27200 |    3.7688402151e-07    |    3.1257700268e+03    |    3.1466052249e+03    |
| 0.27400 |    3.7666194234e-07    |    3.1479578733e+03    |    3.1687148548e+03    |
| 0.27600 |    3.7643838240e-07    |    3.1701075585e+03    |    3.1907846557e+03    |
| 0.27800 |    3.7621334761e-07    |    3.1922182097e+03    |    3.2128137328e+03    |
| 0.28000 |    3.7598684401e-07    |    3.2142889428e+03    |    3.2348011797e+03    |
| 0.28200 |    3.7575887778e-07    |    3.2363188619e+03    |    3.2567460783e+03    |
| 0.28400 |    3.7552945524e-07    |    3.2583070602e+03    |    3.2786474995e+03    |
| 0.28600 |    3.7529858280e-07    |    3.2802526190e+03    |    3.3005045024e+03    |
| 0.28800 |    3.7506626706e-07    |    3.3021546084e+03    |    3.3223161347e+03    |
| 0.29000 |    3.7483251470e-07    |    3.3240120871e+03    |    3.3440814328e+03    |
| 0.29200 |    3.7459733257e-07    |    3.3458241024e+03    |    3.3657994217e+03    |
| 0.29400 |    3.7436072764e-07    |    3.3675896900e+03    |    3.3874691149e+03    |
| 0.29600 |    3.7412270703e-07    |    3.3893078747e+03    |    3.4090895146e+03    |
| 0.29800 |    3.7388327799e-07    |    3.4109776695e+03    |    3.4306596118e+03    |
| 0.30000 |    3.7364244791e-07    |    3.4325980764e+03    |    3.4521783861e+03    |
| 0.30200 |    3.7340022434e-07    |    3.4541680861e+03    |    3.4736448059e+03    |
| 0.30400 |    3.7315661495e-07    |    3.4756866780e+03    |    3.4950578284e+03    |
| 0.30600 |    3.7291162757e-07    |    3.4971528204e+03    |    3.5164163996e+03    |
| 0.30800 |    3.7266527016e-07    |    3.5185654703e+03    |    3.5377194545e+03    |
| 0.31000 |    3.7241755085e-07    |    3.5399235738e+03    |    3.5589659168e+03    |
| 0.31200 |    3.7216847791e-07    |    3.5612260659e+03    |    3.5801546996e+03    |
| 0.31400 |    3.7191805975e-07    |    3.5824718706e+03    |    3.6012847048e+03    |
| 0.31600 |    3.7166630494e-07    |    3.6036599009e+03    |    3.6223548233e+03    |
| 0.31800 |    3.7141322220e-07    |    3.6247890591e+03    |    3.6433639356e+03    |
| 0.32000 |    3.7115882042e-07    |    3.6458582366e+03    |    3.6643109112e+03    |
| 0.32200 |    3.7090310861e-07    |    3.6668663140e+03    |    3.6851946090e+03    |
| 0.32400 |    3.7064609596e-07    |    3.6878121614e+03    |    3.7060138772e+03    |
| 0.32600 |    3.7038779182e-07    |    3.7086946384e+03    |    3.7267675539e+03    |
| 0.32800 |    3.7012820569e-07    |    3.7295125938e+03    |    3.7474544665e+03    |
| 0.33000 |    3.6986734722e-07    |    3.7502648664e+03    |    3.7680734321e+03    |
| 0.33200 |    3.6960522624e-07    |    3.7709502844e+03    |    3.7886232578e+03    |
| 0.33400 |    3.6934185274e-07    |    3.7915676661e+03    |    3.8091027404e+03    |
| 0.33600 |    3.6907723685e-07    |    3.8121158193e+03    |    3.8295106669e+03    |
| 0.33800 |    3.6881138888e-07    |    3.8325935421e+03    |    3.8498458144e+03    |
| 0.34000 |    3.6854431931e-07    |    3.8529996228e+03    |    3.8701069501e+03    |
| 0.34200 |    3.6827603877e-07    |    3.8733328397e+03    |    3.8902928318e+03    |
| 0.34400 |    3.6800655807e-07    |    3.8935919615e+03    |    3.9104022077e+03    |
| 0.34600 |    3.6773588817e-07    |    3.9137757476e+03    |    3.9304338167e+03    |
| 0.34800 |    3.6746404021e-07    |    3.9338829477e+03    |    3.9503863882e+03    |
| 0.35000 |    3.6719102550e-07    |    3.9539123026e+03    |    3.9702586430e+03    |
| 0.35200 |    3.6691685552e-07    |    3.9738625438e+03    |    3.9900492925e+03    |
| 0.35400 |    3.6664154191e-07    |    3.9937323938e+03    |    4.0097570398e+03    |
| 0.35600 |    3.6636509649e-07    |    4.0135205665e+03    |    4.0293805789e+03    |
| 0.35800 |    3.6608753124e-07    |    4.0332257669e+03    |    4.0489185957e+03    |
| 0.36000 |    3.6580885832e-07    |    4.0528466918e+03    |    4.0683697676e+03    |
| 0.36200 |    3.6552909006e-07    |    4.0723820294e+03    |    4.0877327642e+03    |
| 0.36400 |    3.6524823898e-07    |    4.0918304599e+03    |    4.1070062467e+03    |
| 0.36600 |    3.6496631774e-07    |    4.1111906556e+03    |    4.1261888690e+03    |
| 0.36800 |    3.6468333920e-07    |    4.1304612809e+03    |    4.1452792772e+03    |
| 0.37000 |    3.6439931639e-07    |    4.1496409928e+03    |    4.1642761102e+03    |
| 0.37200 |    3.6411426250e-07    |    4.1687284405e+03    |    4.1831779996e+03    |
| 0.37400 |    3.6382819091e-07    |    4.1877222665e+03    |    4.2019835702e+03    |
| 0.37600 |    3.6354111517e-07    |    4.2066211061e+03    |    4.2206914400e+03    |
| 0.37800 |    3.6325304900e-07    |    4.2254235876e+03    |    4.2393002206e+03    |
| 0.38000 |    3.6296400632e-07    |    4.2441283331e+03    |    4.2578085170e+03    |
| 0.38200 |    3.6267400119e-07    |    4.2627339583e+03    |    4.2762149286e+03    |
| 0.38400 |    3.6238304787e-07    |    4.2812390725e+03    |    4.2945180487e+03    |
| 0.38600 |    3.6209116078e-07    |    4.2996422795e+03    |    4.3127164652e+03    |
| 0.38800 |    3.6179835454e-07    |    4.3179421772e+03    |    4.3308087604e+03    |
| 0.39000 |    3.6150464392e-07    |    4.3361373584e+03    |    4.3487935118e+03    |
| 0.39200 |    3.6121004387e-07    |    4.3542264104e+03    |    4.3666692921e+03    |
| 0.39400 |    3.6091456953e-07    |    4.3722079160e+03    |    4.3844346694e+03    |
| 0.39600 |    3.6061823620e-07    |    4.3900804532e+03    |    4.4020882074e+03    |
| 0.39800 |    3.6032105937e-07    |    4.4078425957e+03    |    4.4196284660e+03    |
| 0.40000 |    3.6002305469e-07    |    4.4254929131e+03    |    4.4370540014e+03    |
| 0.40200 |    3.5972423798e-07    |    4.4430299713e+03    |    4.4543633663e+03    |
| 0.40400 |    3.5942462525e-07    |    4.4604523326e+03    |    4.4715551104e+03    |
| 0.40600 |    3.5912423268e-07    |    4.4777585563e+03    |    4.4886277804e+03    |
| 0.40800 |    3.5882307661e-07    |    4.4949471987e+03    |    4.5055799208e+03    |
| 0.41000 |    3.5852117356e-07    |    4.5120168135e+03    |    4.5224100737e+03    |
| 0.41200 |    3.5821854022e-07    |    4.5289659522e+03    |    4.5391167793e+03    |
| 0.41400 |    3.5791519346e-07    |    4.5457931643e+03    |    4.5556985765e+03    |
| 0.41600 |    3.5761115030e-07    |    4.5624969977e+03    |    4.5721540029e+03    |
| 0.41800 |    3.5730642795e-07    |    4.5790759991e+03    |    4.5884815951e+03    |
| 0.42000 |    3.5700104376e-07    |    4.5955287140e+03    |    4.6046798895e+03    |
| 0.42200 |    3.5669501528e-07    |    4.6118536876e+03    |    4.6207474221e+03    |
| 0.42400 |    3.5638836020e-07    |    4.6280494647e+03    |    4.6366827291e+03    |
| 0.42600 |    3.5608109638e-07    |    4.6441145903e+03    |    4.6524843474e+03    |
| 0.42800 |    3.5577324185e-07    |    4.6600476096e+03    |    4.6681508148e+03    |
| 0.43000 |    3.5546481480e-07    |    4.6758470689e+03    |    4.6836806704e+03    |
| 0.43200 |    3.5515583357e-07    |    4.6915115158e+03    |    4.6990724551e+03    |
| 0.43400 |    3.5484631667e-07    |    4.7070394991e+03    |    4.7143247117e+03    |
| 0.43600 |    3.5453628276e-07    |    4.7224295700e+03    |    4.7294359856e+03    |
| 0.43800 |    3.5422575067e-07    |    4.7376802818e+03    |    4.7444048252e+03    |
| 0.44000 |    3.5391473937e-07    |    4.7527901907e+03    |    4.7592297819e+03    |
| 0.44200 |    3.5360326798e-07    |    4.7677578562e+03    |    4.7739094112e+03    |
| 0.44400 |    3.5329135579e-07    |    4.7825818410e+03    |    4.7884422723e+03    |
| 0.44600 |    3.5297902221e-07    |    4.7972607123e+03    |    4.8028269294e+03    |
| 0.44800 |    3.5266628683e-07    |    4.8117930413e+03    |    4.8170619513e+03    |
| 0.45000 |    3.5235316935e-07    |    4.8261774044e+03    |    4.8311459125e+03    |
| 0.45200 |    3.5203968965e-07    |    4.8404123832e+03    |    4.8450773931e+03    |
| 0.45400 |    3.5172586772e-07    |    4.8544965649e+03    |    4.8588549797e+03    |
| 0.45600 |    3.5141172370e-07    |    4.8684285430e+03    |    4.8724772657e+03    |
| 0.45800 |    3.5109727787e-07    |    4.8822069177e+03    |    4.8859428516e+03    |
| 0.46000 |    3.5078255064e-07    |    4.8958302961e+03    |    4.8992503456e+03    |
| 0.46200 |    3.5046756255e-07    |    4.9092972932e+03    |    4.9123983641e+03    |
| 0.46400 |    3.5015233426e-07    |    4.9226065316e+03    |    4.9253855320e+03    |
| 0.46600 |    3.4983688658e-07    |    4.9357566427e+03    |    4.9382104835e+03    |
| 0.46800 |    3.4952124043e-07    |    4.9487462667e+03    |    4.9508718624e+03    |
| 0.47000 |    3.4920541683e-07    |    4.9615740535e+03    |    4.9633683222e+03    |
| 0.47200 |    3.4888943696e-07    |    4.9742386627e+03    |    4.9756985275e+03    |
| 0.47400 |    3.4857332209e-07    |    4.9867387645e+03    |    4.9878611536e+03    |
| 0.47600 |    3.4825709359e-07    |    4.9990730399e+03    |    4.9998548876e+03    |
| 0.47800 |    3.4794077297e-07    |    5.0112401814e+03    |    5.0116784284e+03    |
| 0.48000 |    3.4762438182e-07    |    5.0232388935e+03    |    5.0233304879e+03    |
| 0.48200 |    3.4730794185e-07    |    5.0350678932e+03    |    5.0348097906e+03    |
| 0.48400 |    3.4699147485e-07    |    5.0467259103e+03    |    5.0461150751e+03    |
| 0.48600 |    3.4667500273e-07    |    5.0582116883e+03    |    5.0572450938e+03    |
| 0.48800 |    3.4635854747e-07    |    5.0695239845e+03    |    5.0681986141e+03    |
| 0.49000 |    3.4604213115e-07    |    5.0806615710e+03    |    5.0789744183e+03    |
| 0.49200 |    3.4572577594e-07    |    5.0916232347e+03    |    5.0895713046e+03    |
| 0.49400 |    3.4540950409e-07    |    5.1024077784e+03    |    5.0999880874e+03    |
| 0.49600 |    3.4509333791e-07    |    5.1130140207e+03    |    5.1102235981e+03    |
| 0.49800 |    3.4477729980e-07    |    5.1234407973e+03    |    5.1202766851e+03    |
| 0.50000 |    3.4446141224e-07    |    5.1336869608e+03    |    5.1301462152e+03    |
| 0.50200 |    3.4414569776e-07    |    5.1437513817e+03    |    5.1398310731e+03    |
| 0.50400 |    3.4383017896e-07    |    5.1536329488e+03    |    5.1493301629e+03    |
| 0.50600 |    3.4351487848e-07    |    5.1633305699e+03    |    5.1586424082e+03    |
| 0.50800 |    3.4319981905e-07    |    5.1728431722e+03    |    5.1677667525e+03    |
| 0.51000 |    3.4288502342e-07    |    5.1821697026e+03    |    5.1767021603e+03    |
| 0.51200 |    3.4257051440e-07    |    5.1913091290e+03    |    5.1854476169e+03    |
| 0.51400 |    3.4225631483e-07    |    5.2002604401e+03    |    5.1940021296e+03    |
| 0.51600 |    3.4194244759e-07    |    5.2090226463e+03    |    5.2023647283e+03    |
| 0.51800 |    3.4162893561e-07    |    5.2175947804e+03    |    5.2105344652e+03    |
| 0.52000 |    3.4131580183e-07    |    5.2259758977e+03    |    5.2185104165e+03    |
| 0.52200 |    3.4100306921e-07    |    5.2341650772e+03    |    5.2262916821e+03    |
| 0.52400 |    3.4069076074e-07    |    5.2421614215e+03    |    5.2338773866e+03    |
| 0.52600 |    3.4037889941e-07    |    5.2499640579e+03    |    5.2412666798e+03    |
| 0.52800 |    3.4006750825e-07    |    5.2575721385e+03    |    5.2484587369e+03    |
| 0.53000 |    3.3975661025e-07    |    5.2649848414e+03    |    5.2554527597e+03    |
| 0.53200 |    3.3944622844e-07    |    5.2722013704e+03    |    5.2622479766e+03    |
| 0.53400 |    3.3913638582e-07    |    5.2792209564e+03    |    5.2688436434e+03    |
| 0.53600 |    3.3882710538e-07    |    5.2860428573e+03    |    5.2752390438e+03    |
| 0.53800 |    3.3851841010e-07    |    5.2926663591e+03    |    5.2814334902e+03    |
| 0.54000 |    3.3821032295e-07    |    5.2990907760e+03    |    5.2874263236e+03    |
| 0.54200 |    3.3790286686e-07    |    5.3053154512e+03    |    5.2932169149e+03    |
| 0.54400 |    3.3759606472e-07    |    5.3113397575e+03    |    5.2988046649e+03    |
| 0.54600 |    3.3728993942e-07    |    5.3171630977e+03    |    5.3041890051e+03    |
| 0.54800 |    3.3698451376e-07    |    5.3227849051e+03    |    5.3093693983e+03    |
| 0.55000 |    3.3667981054e-07    |    5.3282046443e+03    |    5.3143453388e+03    |
| 0.55200 |    3.3637585246e-07    |    5.3334218114e+03    |    5.3191163534e+03    |
| 0.55400 |    3.3607266222e-07    |    5.3384359349e+03    |    5.3236820013e+03    |
| 0.55600 |    3.3577026239e-07    |    5.3432465760e+03    |    5.3280418754e+03    |
| 0.55800 |    3.3546867553e-07    |    5.3478533290e+03    |    5.3321956019e+03    |
| 0.56000 |    3.3516792410e-07    |    5.3522558221e+03    |    5.3361428418e+03    |
| 0.56200 |    3.3486803048e-07    |    5.3564537178e+03    |    5.3398832905e+03    |
| 0.56400 |    3.3456901696e-07    |    5.3604467134e+03    |    5.3434166789e+03    |
| 0.56600 |    3.3427090576e-07    |    5.3642345416e+03    |    5.3467427736e+03    |
| 0.56800 |    3.3397371899e-07    |    5.3678169706e+03    |    5.3498613774e+03    |
| 0.57000 |    3.3367747865e-07    |    5.3711938052e+03    |    5.3527723298e+03    |
| 0.57200 |    3.3338220664e-07    |    5.3743648868e+03    |    5.3554755076e+03    |
| 0.57400 |    3.3308792477e-07    |    5.3773300940e+03    |    5.3579708252e+03    |
| 0.57600 |    3.3279465470e-07    |    5.3800893433e+03    |    5.3602582350e+03    |
| 0.57800 |    3.3250241797e-07    |    5.3826425891e+03    |    5.3623377278e+03    |
| 0.58000 |    3.3221123601e-07    |    5.3849898246e+03    |    5.3642093337e+03    |
| 0.58200 |    3.3192113010e-07    |    5.3871310818e+03    |    5.3658731217e+03    |
| 0.58400 |    3.3163212137e-07    |    5.3890664324e+03    |    5.3673292009e+03    |
| 0.58600 |    3.3134423083e-07    |    5.3907959878e+03    |    5.3685777204e+03    |
| 0.58800 |    3.3105747931e-07    |    5.3923198997e+03    |    5.3696188696e+03    |
| 0.59000 |    3.3077188750e-07    |    5.3936383606e+03    |    5.3704528792e+03    |
| 0.59200 |    3.3048747593e-07    |    5.3947516038e+03    |    5.3710800207e+03    |
| 0.59400 |    3.3020426494e-07    |    5.3956599041e+03    |    5.3715006077e+03    |
| 0.59600 |    3.2992227472e-07    |    5.3963635783e+03    |    5.3717149951e+03    |
| 0.59800 |    3.2964152526e-07    |    5.3968629849e+03    |    5.3717235805e+03    |
| 0.60000 |    3.2936203638e-07    |    5.3971585252e+03    |    5.3715268038e+03    |
| 0.60200 |    3.2908382770e-07    |    5.3972506430e+03    |    5.3711251477e+03    |
| 0.60400 |    3.2880691865e-07    |    5.3971398252e+03    |    5.3705191381e+03    |
| 0.60600 |    3.2853132845e-07    |    5.3968266021e+03    |    5.3697093441e+03    |
| 0.60800 |    3.2825707611e-07    |    5.3963115476e+03    |    5.3686963783e+03    |
| 0.61000 |    3.2798418045e-07    |    5.3955952794e+03    |    5.3674808972e+03    |
| 0.61200 |    3.2771266006e-07    |    5.3946784593e+03    |    5.3660636014e+03    |
| 0.61400 |    3.2744253329e-07    |    5.3935617935e+03    |    5.3644452353e+03    |
| 0.61600 |    3.2717381829e-07    |    5.3922460324e+03    |    5.3626265880e+03    |
| 0.61800 |    3.2690653297e-07    |    5.3907319716e+03    |    5.3606084929e+03    |
| 0.62000 |    3.2664069498e-07    |    5.3890204512e+03    |    5.3583918280e+03    |
| 0.62200 |    3.2637632175e-07    |    5.3871123563e+03    |    5.3559775161e+03    |
| 0.62400 |    3.2611343046e-07    |    5.3850086174e+03    |    5.3533665248e+03    |
| 0.62600 |    3.2585203804e-07    |    5.3827102099e+03    |    5.3505598664e+03    |
| 0.62800 |    3.2559216114e-07    |    5.3802181550e+03    |    5.3475585984e+03    |
| 0.63000 |    3.2533381617e-07    |    5.3775335188e+03    |    5.3443638230e+03    |
| 0.63200 |    3.2507701927e-07    |    5.3746574133e+03    |    5.3409766875e+03    |
| 0.63400 |    3.2482178630e-07    |    5.3715909956e+03    |    5.3373983840e+03    |
| 0.63600 |    3.2456813286e-07    |    5.3683354686e+03    |    5.3336301498e+03    |
| 0.63800 |    3.2431607425e-07    |    5.3648920804e+03    |    5.3296732666e+03    |
| 0.64000 |    3.2406562550e-07    |    5.3612621248e+03    |    5.3255290611e+03    |
| 0.64200 |    3.2381680134e-07    |    5.3574469408e+03    |    5.3211989046e+03    |
| 0.64400 |    3.2356961622e-07    |    5.3534479127e+03    |    5.3166842128e+03    |
| 0.64600 |    3.2332408428e-07    |    5.3492664699e+03    |    5.3119864459e+03    |
| 0.64800 |    3.2308021938e-07    |    5.3449040871e+03    |    5.3071071082e+03    |
| 0.65000 |    3.2283803505e-07    |    5.3403622835e+03    |    5.3020477477e+03    |
| 0.65200 |    3.2259754452e-07    |    5.3356426234e+03    |    5.2968099564e+03    |
| 0.65400 |    3.2235876073e-07    |    5.3307467152e+03    |    5.2913953696e+03    |
| 0.65600 |    3.2212169628e-07    |    5.3256762118e+03    |    5.2858056657e+03    |
| 0.65800 |    3.2188636345e-07    |    5.3204328100e+03    |    5.2800425661e+03    |
| 0.66000 |    3.2165277422e-07    |    5.3150182503e+03    |    5.2741078345e+03    |
| 0.66200 |    3.2142094023e-07    |    5.3094343167e+03    |    5.2680032768e+03    |
| 0.66400 |    3.2119087278e-07    |    5.3036828361e+03    |    5.2617307406e+03    |
| 0.66600 |    3.2096258288e-07    |    5.2977656782e+03    |    5.2552921148e+03    |
| 0.66800 |    3.2073608116e-07    |    5.2916847549e+03    |    5.2486893291e+03    |
| 0.67000 |    3.2051137795e-07    |    5.2854420201e+03    |    5.2419243535e+03    |
| 0.67200 |    3.2028848322e-07    |    5.2790394689e+03    |    5.2349991980e+03    |
| 0.67400 |    3.2006740661e-07    |    5.2724791375e+03    |    5.2279159117e+03    |
| 0.67600 |    3.1984815741e-07    |    5.2657631026e+03    |    5.2206765825e+03    |
| 0.67800 |    3.1963074457e-07    |    5.2588934806e+03    |    5.2132833366e+03    |
| 0.68000 |    3.1941517669e-07    |    5.2518724275e+03    |    5.2057383373e+03    |
| 0.68200 |    3.1920146203e-07    |    5.2447021378e+03    |    5.1980437852e+03    |
| 0.68400 |    3.1898960849e-07    |    5.2373848442e+03    |    5.1902019165e+03    |
| 0.68600 |    3.1877962362e-07    |    5.2299228171e+03    |    5.1822150034e+03    |
| 0.68800 |    3.1857151462e-07    |    5.2223183633e+03    |    5.1740853524e+03    |
| 0.69000 |    3.1836528833e-07    |    5.2145738262e+03    |    5.1658153041e+03    |
| 0.69200 |    3.1816095125e-07    |    5.2066915841e+03    |    5.1574072320e+03    |
| 0.69400 |    3.1795850950e-07    |    5.1986740501e+03    |    5.1488635420e+03    |
| 0.69600 |    3.1775796886e-07    |    5.1905236713e+03    |    5.1401866715e+03    |
| 0.69800 |    3.1755933475e-07    |    5.1822429275e+03    |    5.1313790881e+03    |
| 0.70000 |    3.1736261222e-07    |    5.1738343308e+03    |    5.1224432893e+03    |
| 0.70200 |    3.1716780599e-07    |    5.1653004246e+03    |    5.1133818010e+03    |
| 0.70400 |    3.1697492039e-07    |    5.1566437825e+03    |    5.1041971769e+03    |
| 0.70600 |    3.1678395941e-07    |    5.1478670078e+03    |    5.0948919972e+03    |
| 0.70800 |    3.1659492667e-07    |    5.1389727320e+03    |    5.0854688677e+03    |
| 0.71000 |    3.1640782544e-07    |    5.1299636143e+03    |    5.0759304188e+03    |
| 0.71200 |    3.1622265863e-07    |    5.1208423404e+03    |    5.0662793044e+03    |
| 0.71400 |    3.1603942879e-07    |    5.1116116212e+03    |    5.0565182006e+03    |
| 0.71600 |    3.1585813812e-07    |    5.1022741922e+03    |    5.0466498046e+03    |
| 0.71800 |    3.1567878845e-07    |    5.0928328122e+03    |    5.0366768338e+03    |
| 0.72000 |    3.1550138128e-07    |    5.0832902621e+03    |    5.0266020241e+03    |
| 0.72200 |    3.1532591774e-07    |    5.0736493437e+03    |    5.0164281293e+03    |
| 0.72400 |    3.1515239859e-07    |    5.0639128790e+03    |    5.0061579193e+03    |
| 0.72600 |    3.1498082428e-07    |    5.0540837084e+03    |    4.9957941790e+03    |
| 0.72800 |    3.1481119488e-07    |    5.0441646899e+03    |    4.9853397072e+03    |
| 0.73000 |    3.1464351013e-07    |    5.0341586978e+03    |    4.9747973150e+03    |
| 0.73200 |    3.1447776940e-07    |    5.0240686213e+03    |    4.9641698247e+03    |
| 0.73400 |    3.1431397175e-07    |    5.0138973634e+03    |    4.9534600681e+03    |
| 0.73600 |    3.1415211587e-07    |    5.0036478396e+03    |    4.9426708856e+03    |
| 0.73800 |    3.1399220013e-07    |    4.9933229763e+03    |    4.9318051243e+03    |
| 0.74000 |    3.1383422254e-07    |    4.9829257099e+03    |    4.9208656370e+03    |
| 0.74200 |    3.1367818080e-07    |    4.9724589853e+03    |    4.9098552803e+03    |
| 0.74400 |    3.1352407226e-07    |    4.9619257545e+03    |    4.8987769138e+03    |
| 0.74600 |    3.1337189396e-07    |    4.9513289751e+03    |    4.8876333979e+03    |
| 0.74800 |    3.1322164260e-07    |    4.9406716091e+03    |    4.8764275929e+03    |
| 0.75000 |    3.1307331455e-07    |    4.9299566218e+03    |    4.8651623570e+03    |
| 0.75200 |    3.1292690587e-07    |    4.9191869795e+03    |    4.8538405452e+03    |
| 0.75400 |    3.1278241230e-07    |    4.9083656491e+03    |    4.8424650077e+03    |
| 0.75600 |    3.1263982927e-07    |    4.8974955961e+03    |    4.8310385883e+03    |
| 0.75800 |    3.1249915190e-07    |    4.8865797832e+03    |    4.8195641226e+03    |
| 0.76000 |    3.1236037500e-07    |    4.8756211692e+03    |    4.8080444371e+03    |
| 0.76200 |    3.1222349306e-07    |    4.8646227072e+03    |    4.7964823470e+03    |
| 0.76400 |    3.1208850030e-07    |    4.8535873434e+03    |    4.7848806551e+03    |
| 0.76600 |    3.1195539062e-07    |    4.8425180154e+03    |    4.7732421499e+03    |
| 0.76800 |    3.1182415765e-07    |    4.8314176512e+03    |    4.7615696043e+03    |
| 0.77000 |    3.1169479470e-07    |    4.8202891674e+03    |    4.7498657741e+03    |
| 0.77200 |    3.1156729483e-07    |    4.8091354679e+03    |    4.7381333961e+03    |
| 0.77400 |    3.1144165079e-07    |    4.7979594425e+03    |    4.7263751869e+03    |
| 0.77600 |    3.1131785508e-07    |    4.7867639657e+03    |    4.7145938412e+03    |
| 0.77800 |    3.1119589990e-07    |    4.7755518948e+03    |    4.7027920303e+03    |
| 0.78000 |    3.1107577720e-07    |    4.7643260691e+03    |    4.6909724006e+03    |
| 0.78200 |    3.1095747867e-07    |    4.7530893081e+03    |    4.6791375722e+03    |
| 0.78400 |    3.1084099572e-07    |    4.7418444104e+03    |    4.6672901371e+03    |
| 0.78600 |    3.1072631953e-07    |    4.7305941524e+03    |    4.6554326580e+03    |
| 0.78800 |    3.1061344101e-07    |    4.7193412868e+03    |    4.6435676667e+03    |
| 0.79000 |    3.1050235082e-07    |    4.7080885416e+03    |    4.6316976630e+03    |
| 0.79200 |    3.1039303940e-07    |    4.6968386187e+03    |    4.6198251126e+03    |
| 0.79400 |    3.1028549694e-07    |    4.6855941927e+03    |    4.6079524463e+03    |
| 0.79600 |    3.1017971338e-07    |    4.6743579096e+03    |    4.5960820586e+03    |
| 0.79800 |    3.1007567847e-07    |    4.6631323861e+03    |    4.5842163059e+03    |
| 0.80000 |    3.0997338169e-07    |    4.6519202079e+03    |    4.5723575058e+03    |
| 0.80200 |    3.0987281235e-07    |    4.6407239292e+03    |    4.5605079354e+03    |
| 0.80400 |    3.0977395949e-07    |    4.6295460711e+03    |    4.5486698301e+03    |
| 0.80600 |    3.0967681199e-07    |    4.6183891214e+03    |    4.5368453825e+03    |
| 0.80800 |    3.0958135849e-07    |    4.6072555328e+03    |    4.5250367415e+03    |
| 0.81000 |    3.0948758745e-07    |    4.5961477229e+03    |    4.5132460106e+03    |
| 0.81200 |    3.0939548710e-07    |    4.5850680725e+03    |    4.5014752471e+03    |
| 0.81400 |    3.0930504553e-07    |    4.5740189256e+03    |    4.4897264613e+03    |
| 0.81600 |    3.0921625058e-07    |    4.5630025884e+03    |    4.4780016151e+03    |
| 0.81800 |    3.0912908996e-07    |    4.5520213287e+03    |    4.4663026213e+03    |
| 0.82000 |    3.0904355117e-07    |    4.5410773753e+03    |    4.4546313427e+03    |
| 0.82200 |    3.0895962154e-07    |    4.5301729173e+03    |    4.4429895911e+03    |
| 0.82400 |    3.0887728824e-07    |    4.5193101044e+03    |    4.4313791267e+03    |
| 0.82600 |    3.0879653825e-07    |    4.5084910457e+03    |    4.4198016573e+03    |
| 0.82800 |    3.0871735842e-07    |    4.4977178100e+03    |    4.4082588377e+03    |
| 0.83000 |    3.0863973540e-07    |    4.4869924254e+03    |    4.3967522690e+03    |
| 0.83200 |    3.0856365574e-07    |    4.4763168794e+03    |    4.3852834978e+03    |
| 0.83400 |    3.0848910579e-07    |    4.4656931186e+03    |    4.3738540164e+03    |
| 0.83600 |    3.0841607178e-07    |    4.4551230491e+03    |    4.3624652617e+03    |
| 0.83800 |    3.0834453979e-07    |    4.4446085364e+03    |    4.3511186152e+03    |
| 0.84000 |    3.0827449577e-07    |    4.4341514060e+03    |    4.3398154025e+03    |
| 0.84200 |    3.0820592553e-07    |    4.4237534436e+03    |    4.3285568933e+03    |
| 0.84400 |    3.0813881475e-07    |    4.4134163957e+03    |    4.3173443011e+03    |
| 0.84600 |    3.0807314899e-07    |    4.4031419700e+03    |    4.3061787832e+03    |
| 0.84800 |    3.0800891367e-07    |    4.3929318366e+03    |    4.2950614404e+03    |
| 0.85000 |    3.0794609412e-07    |    4.3827876283e+03    |    4.2839933176e+03    |
| 0.85200 |    3.0788467553e-07    |    4.3727109420e+03    |    4.2729754034e+03    |
| 0.85400 |    3.0782464299e-07    |    4.3627033393e+03    |    4.2620086304e+03    |
| 0.85600 |    3.0776598148e-07    |    4.3527663485e+03    |    4.2510938759e+03    |
| 0.85800 |    3.0770867588e-07    |    4.3429014653e+03    |    4.2402319615e+03    |
| 0.86000 |    3.0765271096e-07    |    4.3331101544e+03    |    4.2294236542e+03    |
| 0.86200 |    3.0759807140e-07    |    4.3233938514e+03    |    4.2186696665e+03    |
| 0.86400 |    3.0754474178e-07    |    4.3137539645e+03    |    4.2079706569e+03    |
| 0.86600 |    3.0749270659e-07    |    4.3041918764e+03    |    4.1973272308e+03    |
| 0.86800 |    3.0744195025e-07    |    4.2947089465e+03    |    4.1867399410e+03    |
| 0.87000 |    3.0739245706e-07    |    4.2853065128e+03    |    4.1762092883e+03    |
| 0.87200 |    3.0734421129e-07    |    4.2759858952e+03    |    4.1657357227e+03    |
| 0.87400 |    3.0729719707e-07    |    4.2667483971e+03    |    4.1553196440e+03    |
| 0.87600 |    3.0725139851e-07    |    4.2575953089e+03    |    4.1449614027e+03    |
| 0.87800 |    3.0720679962e-07    |    4.2485279110e+03    |    4.1346613012e+03    |
| 0.88000 |    3.0716338434e-07    |    4.2395474766e+03    |    4.1244195946e+03    |
| 0.88200 |    3.0712113657e-07    |    4.2306552754e+03    |    4.1142364920e+03    |
| 0.88400 |    3.0708004011e-07    |    4.2218525774e+03    |    4.1041121578e+03    |
| 0.88600 |    3.0704007874e-07    |    4.2131406562e+03    |    4.0940467122e+03    |
| 0.88800 |    3.0700123614e-07    |    4.2045207938e+03    |    4.0840402335e+03    |
| 0.89000 |    3.0696349599e-07    |    4.1959942848e+03    |    4.0740927586e+03    |
| 0.89200 |    3.0692684186e-07    |    4.1875624406e+03    |    4.0642042844e+03    |
| 0.89400 |    3.0689125733e-07    |    4.1792265948e+03    |    4.0543747695e+03    |
| 0.89600 |    3.0685672589e-07    |    4.1709881085e+03    |    4.0446041355e+03    |
| 0.89800 |    3.0682323101e-07    |    4.1628483756e+03    |    4.0348922682e+03    |
| 0.90000 |    3.0679075612e-07    |    4.1548088287e+03    |    4.0252390193e+03    |
| 0.90200 |    3.0675928462e-07    |    4.1468709458e+03    |    4.0156442075e+03    |
| 0.90400 |    3.0672879986e-07    |    4.1390362565e+03    |    4.0061076204e+03    |
| 0.90600 |    3.0669928518e-07    |    4.1313063496e+03    |    3.9966290159e+03    |
| 0.90800 |    3.0667072388e-07    |    4.1236828803e+03    |    3.9872081233e+03    |
| 0.91000 |    3.0664309924e-07    |    4.1161675787e+03    |    3.9778446454e+03    |
| 0.91200 |    3.0661639452e-07    |    4.1087622583e+03    |    3.9685382593e+03    |
| 0.91400 |    3.0659059298e-07    |    4.1014688251e+03    |    3.9592886184e+03    |
| 0.91600 |    3.0656567785e-07    |    4.0942892879e+03    |    3.9500953539e+03    |
| 0.91800 |    3.0654163233e-07    |    4.0872257687e+03    |    3.9409580757e+03    |
| 0.92000 |    3.0651843967e-07    |    4.0802805144e+03    |    3.9318763743e+03    |
| 0.92200 |    3.0649608306e-07    |    4.0734559088e+03    |    3.9228498221e+03    |
| 0.92400 |    3.0647454572e-07    |    4.0667544863e+03    |    3.9138779748e+03    |
| 0.92600 |    3.0645381087e-07    |    4.0601789460e+03    |    3.9049603724e+03    |
| 0.92800 |    3.0643386173e-07    |    4.0537321672e+03    |    3.8960965411e+03    |
| 0.93000 |    3.0641468155e-07    |    4.0474172268e+03    |    3.8872859940e+03    |
| 0.93200 |    3.0639625358e-07    |    4.0412374170e+03    |    3.8785282326e+03    |
| 0.93400 |    3.0637856109e-07    |    4.0351962655e+03    |    3.8698227480e+03    |
| 0.93600 |    3.0636158738e-07    |    4.0292975577e+03    |    3.8611690218e+03    |
| 0.93800 |    3.0634531578e-07    |    4.0235453601e+03    |    3.8525665275e+03    |
| 0.94000 |    3.0632972964e-07    |    4.0179440466e+03    |    3.8440147312e+03    |
| 0.94200 |    3.0631481235e-07    |    4.0124983275e+03    |    3.8355130927e+03    |
| 0.94400 |    3.0630054736e-07    |    4.0072132809e+03    |    3.8270610667e+03    |
| 0.94600 |    3.0628691815e-07    |    4.0020943876e+03    |    3.8186581032e+03    |
| 0.94800 |    3.0627390825e-07    |    3.9971475705e+03    |    3.8103036484e+03    |
| 0.95000 |    3.0626150125e-07    |    3.9923792367e+03    |    3.8019971458e+03    |
| 0.95200 |    3.0624968079e-07    |    3.9877963257e+03    |    3.7937380367e+03    |
| 0.95400 |    3.0623843060e-07    |    3.9834063627e+03    |    3.7855257609e+03    |
| 0.95600 |    3.0622773447e-07    |    3.9792175177e+03    |    3.7773597570e+03    |
| 0.95800 |    3.0621757625e-07    |    3.9752386727e+03    |    3.7692394635e+03    |
| 0.96000 |    3.0620793989e-07    |    3.9714794962e+03    |    3.7611643191e+03    |
| 0.96200 |    3.0619880943e-07    |    3.9679505274e+03    |    3.7531337631e+03    |
| 0.96400 |    3.0619016900e-07    |    3.9646632717e+03    |    3.7451472358e+03    |
| 0.96600 |    3.0618200282e-07    |    3.9616303082e+03    |    3.7372041792e+03    |
| 0.96800 |    3.0617429524e-07    |    3.9588654122e+03    |    3.7293040372e+03    |
| 0.97000 |    3.0616703069e-07    |    3.9563836946e+03    |    3.7214462557e+03    |
| 0.97200 |    3.0616019376e-07    |    3.9542017608e+03    |    3.7136302836e+03    |
| 0.97400 |    3.0615376913e-07    |    3.9523378936e+03    |    3.7058555723e+03    |
| 0.97600 |    3.0614774163e-07    |    3.9508122622e+03    |    3.6981215767e+03    |
| 0.97800 |    3.0614209623e-07    |    3.9496471647e+03    |    3.6904277550e+03    |
| 0.98000 |    3.0613681804e-07    |    3.9488673077e+03    |    3.6827735691e+03    |
| 0.98200 |    3.0613189233e-07    |    3.9485001320e+03    |    3.6751584850e+03    |
| 0.98400 |    3.0612730454e-07    |    3.9485761915e+03    |    3.6675819728e+03    |
| 0.98600 |    3.0612304027e-07    |    3.9491295982e+03    |    3.6600435071e+03    |
| 0.98800 |    3.0611908530e-07    |    3.9501985450e+03    |    3.6525425672e+03    |
| 0.99000 |    3.0611542559e-07    |    3.9518259234e+03    |    3.6450786375e+03    |
| 0.99200 |    3.0611204731e-07    |    3.9540600573e+03    |    3.6376512074e+03    |
| 0.99400 |    3.0610893682e-07    |    3.9569555781e+03    |    3.6302597717e+03    |
| 0.99600 |    3.0610608070e-07    |    3.9605744756e+03    |    3.6229038311e+03    |
| 0.99800 |    3.0610346575e-07    |    3.9649873654e+03    |    3.6155828920e+03    |
| 1.00000 |    3.0610107899e-07    |    3.9591837590e+03    |    3.6082964672e+03    |
--------------------------------------------------------------------------------------