Число узлов n = 61
--------------------------------------------------------------------------------------
|    x    |          u(z)          |          f(z)          |     f(z) integral      |
--------------------------------------------------------------------------------------
| 0.00000 |    3.9162498380e-07    |    0.0000000000e+00    |    0.0000000000e+00    |
| 0.01667 |    3.9155630139e-07    |   -0.0000000000e+00    |    1.9463011454e+02    |
| 0.03333 |    3.9162498380e-07    |    5.3167933697e+01    |    3.8925249928e+02    |
| 0.05000 |    3.9149272297e-07    |    3.3267656050e+02    |    5.8387736601e+02    |
| 0.06667 |    3.9122717269e-07    |    5.4754878697e+02    |    7.7851154964e+02    |
| 0.08333 |    3.9083799116e-07    |    7.5168496886e+02    |    9.7314481924e+02    |
| 0.10000 |    3.9032840632e-07    |    9.5194591208e+02    |    1.1677497419e+03    |
| 0.11667 |    3.8969992043e-07    |    1.1503553568e+03    |    1.3622778354e+03    |
| 0.13333 |    3.8895341449e-07    |    1.3477135933e+03    |    1.5566554990e+03    |
| 0.15000 |    3.8808953674e-07    |    1.5443736336e+03    |    1.7507799443e+03    |
| 0.16667 |    3.8710888406e-07    |    1.7404797857e+03    |    1.9445151886e+03    |
| 0.18333 |    3.8601211004e-07    |    1.9360569448e+03    |    2.1376881616e+03    |
| 0.20000 |    3.8480000428e-07    |    2.1310480373e+03    |    2.3300849813e+03    |
| 0.21667 |    3.8347356008e-07    |    2.3253305731e+03    |    2.5214474657e+03    |
| 0.23333 |    3.8203403787e-07    |    2.5187238825e+03    |    2.7114699612e+03    |
| 0.25000 |    3.8048302748e-07    |    2.7109919388e+03    |    2.8997965821e+03    |
| 0.26667 |    3.7882251066e-07    |    2.9018440731e+03    |    3.0860189705e+03    |
| 0.28333 |    3.7705492389e-07    |    3.0909347790e+03    |    3.2696747005e+03    |
| 0.30000 |    3.7518322122e-07    |    3.2778633028e+03    |    3.4502464639e+03    |
| 0.31667 |    3.7321093607e-07    |    3.4621734663e+03    |    3.6271621890e+03    |
| 0.33333 |    3.7114224091e-07    |    3.6433540543e+03    |    3.7997962497e+03    |
| 0.35000 |    3.6898200306e-07    |    3.8208400328e+03    |    3.9674719335e+03    |
| 0.36667 |    3.6673583488e-07    |    3.9940148327e+03    |    4.1294653350e+03    |
| 0.38333 |    3.6441013622e-07    |    4.1622139135e+03    |    4.2850108393e+03    |
| 0.40000 |    3.6201212667e-07    |    4.3247298079e+03    |    4.4333083465e+03    |
| 0.41667 |    3.5954986543e-07    |    4.4808188296e+03    |    4.5735323689e+03    |
| 0.43333 |    3.5703225594e-07    |    4.6297096072e+03    |    4.7048431008e+03    |
| 0.45000 |    3.5446903294e-07    |    4.7706135793e+03    |    4.8263995159e+03    |
| 0.46667 |    3.5187072963e-07    |    4.9027375466e+03    |    4.9373744920e+03    |
| 0.48333 |    3.4924862255e-07    |    5.0252983263e+03    |    5.0369718887e+03    |
| 0.50000 |    3.4661465281e-07    |    5.1375394940e+03    |    5.1244454168e+03    |
| 0.51667 |    3.4398132236e-07    |    5.2387501170e+03    |    5.1991190338e+03    |
| 0.53333 |    3.4136156515e-07    |    5.3282852935e+03    |    5.2604084822e+03    |
| 0.55000 |    3.3876859362e-07    |    5.4055882066e+03    |    5.3078434527e+03    |
| 0.56667 |    3.3621572249e-07    |    5.4702132826e+03    |    5.3410897146e+03    |
| 0.58333 |    3.3371617272e-07    |    5.5218499159e+03    |    5.3599704072e+03    |
| 0.60000 |    3.3128285988e-07    |    5.5603460952e+03    |    5.3644855415e+03    |
| 0.61667 |    3.2892817263e-07    |    5.5857311345e+03    |    5.3548286278e+03    |
| 0.63333 |    3.2666374807e-07    |    5.5982366075e+03    |    5.3313992407e+03    |
| 0.65000 |    3.2450025184e-07    |    5.5983144979e+03    |    5.2948102612e+03    |
| 0.66667 |    3.2244717143e-07    |    5.5866515517e+03    |    5.2458885361e+03    |
| 0.68333 |    3.2051263176e-07    |    5.5641788617e+03    |    5.1856677642e+03    |
| 0.70000 |    3.1870324132e-07    |    5.5320758685e+03    |    5.1153726077e+03    |
| 0.71667 |    3.1702397675e-07    |    5.4917682685e+03    |    5.0363933354e+03    |
| 0.73333 |    3.1547811172e-07    |    5.4449198293e+03    |    4.9502507737e+03    |
| 0.75000 |    3.1406719410e-07    |    5.3934188984e+03    |    4.8585519757e+03    |
| 0.76667 |    3.1279107210e-07    |    5.3393615523e+03    |    4.7629378212e+03    |
| 0.78333 |    3.1164796730e-07    |    5.2850349994e+03    |    4.6650247160e+03    |
| 0.80000 |    3.1063458882e-07    |    5.2329072540e+03    |    4.5663436036e+03    |
| 0.81667 |    3.0974628021e-07    |    5.1856325805e+03    |    4.4682805349e+03    |
| 0.83333 |    3.0897718797e-07    |    5.1460874544e+03    |    4.3720238891e+03    |
| 0.85000 |    3.0832044013e-07    |    5.1174600730e+03    |    4.2785237608e+03    |
| 0.86667 |    3.0776832317e-07    |    5.1034304565e+03    |    4.1884687180e+03    |
| 0.88333 |    3.0731244844e-07    |    5.1085037364e+03    |    4.1022837717e+03    |
| 0.90000 |    3.0694390258e-07    |    5.1386096708e+03    |    4.0201507684e+03    |
| 0.91667 |    3.0665338175e-07    |    5.2021892247e+03    |    3.9420486230e+03    |
| 0.93333 |    3.0643131482e-07    |    5.3122389682e+03    |    3.8678065256e+03    |
| 0.95000 |    3.0626798508e-07    |    5.4904188119e+03    |    3.7971599796e+03    |
| 0.96667 |    3.0615366317e-07    |    5.7761311471e+03    |    3.7297992214e+03    |
| 0.98333 |    3.0607876460e-07    |    6.2494072976e+03    |    3.6654035336e+03    |
| 1.00000 |    3.0603404387e-07    |    6.1945493181e+03    |    3.6036618151e+03    |
--------------------------------------------------------------------------------------