Число узлов n = 601
--------------------------------------------------------------------------------------
|    x    |          u(z)          |          f(z)          |     f(z) integral      |
--------------------------------------------------------------------------------------
| 0.00000 |    3.9204749764e-07    |    0.0000000000e+00    |    0.0000000000e+00    |
| 0.00167 |    3.9204681081e-07    |   -4.4270977193e-10    |    1.9458622758e+01    |
| 0.00333 |    3.9204749764e-07    |    5.3141733773e+00    |    3.8917239341e+01    |
| 0.00500 |    3.9204617534e-07    |    3.3259465412e+01    |    5.8375865657e+01    |
| 0.00667 |    3.9204352045e-07    |    5.4738754137e+01    |    7.7834522524e+01    |
| 0.00833 |    3.9203962964e-07    |    7.5140415900e+01    |    9.7293226131e+01    |
| 0.01000 |    3.9203453511e-07    |    9.5150257949e+01    |    1.1675199203e+02    |
| 0.01167 |    3.9202825150e-07    |    1.1497177248e+02    |    1.3621083544e+02    |
| 0.01333 |    3.9202078670e-07    |    1.3468787273e+02    |    1.5566977124e+02    |
| 0.01500 |    3.9201214543e-07    |    1.5433891448e+02    |    1.7512881400e+02    |
| 0.01667 |    3.9200233074e-07    |    1.7394696112e+02    |    1.9458797793e+02    |
| 0.01833 |    3.9199134473e-07    |    1.9352511628e+02    |    2.1404727684e+02    |
| 0.02000 |    3.9197918887e-07    |    2.1308166270e+02    |    2.3350672411e+02    |
| 0.02167 |    3.9196586427e-07    |    2.3262209752e+02    |    2.5296633266e+02    |
| 0.02333 |    3.9195137176e-07    |    2.5215021534e+02    |    2.7242611490e+02    |
| 0.02500 |    3.9193571199e-07    |    2.7166872187e+02    |    2.9188608268e+02    |
| 0.02667 |    3.9191888545e-07    |    2.9117959954e+02    |    3.1134624727e+02    |
| 0.02833 |    3.9190089256e-07    |    3.1068433494e+02    |    3.3080661931e+02    |
| 0.03000 |    3.9188173365e-07    |    3.3018406536e+02    |    3.5026720876e+02    |
| 0.03167 |    3.9186140898e-07    |    3.4967967609e+02    |    3.6972802488e+02    |
| 0.03333 |    3.9183991880e-07    |    3.6917186689e+02    |    3.8918907615e+02    |
| 0.03500 |    3.9181726327e-07    |    3.8866119833e+02    |    4.0865037028e+02    |
| 0.03667 |    3.9179344257e-07    |    4.0814812484e+02    |    4.2811191412e+02    |
| 0.03833 |    3.9176845683e-07    |    4.2763301873e+02    |    4.4757371366e+02    |
| 0.04000 |    3.9174230617e-07    |    4.4711618786e+02    |    4.6703577394e+02    |
| 0.04167 |    3.9171499068e-07    |    4.6659788891e+02    |    4.8649809907e+02    |
| 0.04333 |    3.9168651045e-07    |    4.8607833740e+02    |    5.0596069213e+02    |
| 0.04500 |    3.9165686557e-07    |    5.0555771540e+02    |    5.2542355517e+02    |
| 0.04667 |    3.9162605609e-07    |    5.2503617755e+02    |    5.4488668912e+02    |
| 0.04833 |    3.9159408207e-07    |    5.4451385571e+02    |    5.6435009382e+02    |
| 0.05000 |    3.9156094357e-07    |    5.6399086270e+02    |    5.8381376791e+02    |
| 0.05167 |    3.9152664064e-07    |    5.8346729523e+02    |    6.0327770883e+02    |
| 0.05333 |    3.9149117332e-07    |    6.0294323629e+02    |    6.2274191275e+02    |
| 0.05500 |    3.9145454165e-07    |    6.2241875706e+02    |    6.4220637454e+02    |
| 0.05667 |    3.9141674566e-07    |    6.4189391851e+02    |    6.6167108775e+02    |
| 0.05833 |    3.9137778540e-07    |    6.6136877262e+02    |    6.8113604454e+02    |
| 0.06000 |    3.9133766090e-07    |    6.8084336348e+02    |    7.0060123563e+02    |
| 0.06167 |    3.9129637218e-07    |    7.0031772813e+02    |    7.2006665029e+02    |
| 0.06333 |    3.9125391929e-07    |    7.1979189732e+02    |    7.3953227628e+02    |
| 0.06500 |    3.9121030226e-07    |    7.3926589607e+02    |    7.5899809981e+02    |
| 0.06667 |    3.9116552112e-07    |    7.5873974420e+02    |    7.7846410550e+02    |
| 0.06833 |    3.9111957591e-07    |    7.7821345674e+02    |    7.9793027634e+02    |
| 0.07000 |    3.9107246666e-07    |    7.9768704427e+02    |    8.1739659362e+02    |
| 0.07167 |    3.9102419340e-07    |    8.1716051323e+02    |    8.3686303696e+02    |
| 0.07333 |    3.9097475619e-07    |    8.3663386620e+02    |    8.5632958418e+02    |
| 0.07500 |    3.9092415506e-07    |    8.5610710203e+02    |    8.7579621131e+02    |
| 0.07667 |    3.9087239005e-07    |    8.7558021612e+02    |    8.9526289256e+02    |
| 0.07833 |    3.9081946121e-07    |    8.9505320045e+02    |    9.1472960022e+02    |
| 0.08000 |    3.9076536860e-07    |    9.1452604382e+02    |    9.3419630468e+02    |
| 0.08167 |    3.9071011227e-07    |    9.3399873187e+02    |    9.5366297436e+02    |
| 0.08333 |    3.9065369227e-07    |    9.5347124718e+02    |    9.7312957566e+02    |
| 0.08500 |    3.9059610867e-07    |    9.7294356939e+02    |    9.9259607294e+02    |
| 0.08667 |    3.9053736154e-07    |    9.9241567519e+02    |    1.0120624285e+03    |
| 0.08833 |    3.9047745095e-07    |    1.0118875384e+03    |    1.0315286023e+03    |
| 0.09000 |    3.9041637697e-07    |    1.0313591300e+03    |    1.0509945525e+03    |
| 0.09167 |    3.9035413968e-07    |    1.0508304181e+03    |    1.0704602348e+03    |
| 0.09333 |    3.9029073919e-07    |    1.0703013682e+03    |    1.0899256026e+03    |
| 0.09500 |    3.9022617557e-07    |    1.0897719428e+03    |    1.1093906071e+03    |
| 0.09667 |    3.9016044893e-07    |    1.1092421018e+03    |    1.1288551971e+03    |
| 0.09833 |    3.9009355938e-07    |    1.1287118021e+03    |    1.1483193191e+03    |
| 0.10000 |    3.9002550703e-07    |    1.1481809981e+03    |    1.1677829172e+03    |
| 0.10167 |    3.8995629200e-07    |    1.1676496413e+03    |    1.1872459328e+03    |
| 0.10333 |    3.8988591443e-07    |    1.1871176804e+03    |    1.2067083050e+03    |
| 0.10500 |    3.8981437444e-07    |    1.2065850612e+03    |    1.2261699703e+03    |
| 0.10667 |    3.8974167219e-07    |    1.2260517268e+03    |    1.2456308626e+03    |
| 0.10833 |    3.8966780782e-07    |    1.2455176176e+03    |    1.2650909132e+03    |
| 0.11000 |    3.8959278151e-07    |    1.2649826709e+03    |    1.2845500508e+03    |
| 0.11167 |    3.8951659341e-07    |    1.2844468211e+03    |    1.3040082011e+03    |
| 0.11333 |    3.8943924372e-07    |    1.3039100000e+03    |    1.3234652873e+03    |
| 0.11500 |    3.8936073263e-07    |    1.3233721363e+03    |    1.3429212298e+03    |
| 0.11667 |    3.8928106033e-07    |    1.3428331556e+03    |    1.3623759460e+03    |
| 0.11833 |    3.8920022704e-07    |    1.3622929807e+03    |    1.3818293506e+03    |
| 0.12000 |    3.8911823298e-07    |    1.3817515315e+03    |    1.4012813553e+03    |
| 0.12167 |    3.8903507839e-07    |    1.4012087245e+03    |    1.4207318687e+03    |
| 0.12333 |    3.8895076352e-07    |    1.4206644735e+03    |    1.4401807968e+03    |
| 0.12500 |    3.8886528861e-07    |    1.4401186890e+03    |    1.4596280420e+03    |
| 0.12667 |    3.8877865395e-07    |    1.4595712784e+03    |    1.4790735042e+03    |
| 0.12833 |    3.8869085982e-07    |    1.4790221460e+03    |    1.4985170796e+03    |
| 0.13000 |    3.8860190651e-07    |    1.4984711928e+03    |    1.5179586618e+03    |
| 0.13167 |    3.8851179433e-07    |    1.5179183167e+03    |    1.5373981408e+03    |
| 0.13333 |    3.8842052361e-07    |    1.5373634123e+03    |    1.5568354035e+03    |
| 0.13500 |    3.8832809469e-07    |    1.5568063708e+03    |    1.5762703335e+03    |
| 0.13667 |    3.8823450793e-07    |    1.5762470802e+03    |    1.5957028111e+03    |
| 0.13833 |    3.8813976368e-07    |    1.5956854249e+03    |    1.6151327131e+03    |
| 0.14000 |    3.8804386234e-07    |    1.6151212863e+03    |    1.6345599132e+03    |
| 0.14167 |    3.8794680431e-07    |    1.6345545420e+03    |    1.6539842814e+03    |
| 0.14333 |    3.8784858999e-07    |    1.6539850663e+03    |    1.6734056842e+03    |
| 0.14500 |    3.8774921984e-07    |    1.6734127299e+03    |    1.6928239847e+03    |
| 0.14667 |    3.8764869429e-07    |    1.6928374001e+03    |    1.7122390425e+03    |
| 0.14833 |    3.8754701382e-07    |    1.7122589404e+03    |    1.7316507134e+03    |
| 0.15000 |    3.8744417892e-07    |    1.7316772109e+03    |    1.7510588498e+03    |
| 0.15167 |    3.8734019008e-07    |    1.7510920679e+03    |    1.7704633002e+03    |
| 0.15333 |    3.8723504784e-07    |    1.7705033641e+03    |    1.7898639094e+03    |
| 0.15500 |    3.8712875274e-07    |    1.7899109483e+03    |    1.8092605187e+03    |
| 0.15667 |    3.8702130534e-07    |    1.8093146659e+03    |    1.8286529653e+03    |
| 0.15833 |    3.8691270623e-07    |    1.8287143581e+03    |    1.8480410828e+03    |
| 0.16000 |    3.8680295601e-07    |    1.8481098625e+03    |    1.8674247008e+03    |
| 0.16167 |    3.8669205531e-07    |    1.8675010128e+03    |    1.8868036449e+03    |
| 0.16333 |    3.8658000478e-07    |    1.8868876387e+03    |    1.9061777371e+03    |
| 0.16500 |    3.8646680509e-07    |    1.9062695661e+03    |    1.9255467951e+03    |
| 0.16667 |    3.8635245692e-07    |    1.9256466168e+03    |    1.9449106326e+03    |
| 0.16833 |    3.8623696101e-07    |    1.9450186086e+03    |    1.9642690595e+03    |
| 0.17000 |    3.8612031808e-07    |    1.9643853553e+03    |    1.9836218813e+03    |
| 0.17167 |    3.8600252891e-07    |    1.9837466667e+03    |    2.0029688997e+03    |
| 0.17333 |    3.8588359428e-07    |    2.0031023483e+03    |    2.0223099118e+03    |
| 0.17500 |    3.8576351501e-07    |    2.0224522014e+03    |    2.0416447109e+03    |
| 0.17667 |    3.8564229193e-07    |    2.0417960235e+03    |    2.0609730859e+03    |
| 0.17833 |    3.8551992591e-07    |    2.0611336074e+03    |    2.0802948215e+03    |
| 0.18000 |    3.8539641785e-07    |    2.0804647419e+03    |    2.0996096979e+03    |
| 0.18167 |    3.8527176867e-07    |    2.0997892114e+03    |    2.1189174913e+03    |
| 0.18333 |    3.8514597931e-07    |    2.1191067962e+03    |    2.1382179731e+03    |
| 0.18500 |    3.8501905075e-07    |    2.1384172719e+03    |    2.1575109107e+03    |
| 0.18667 |    3.8489098399e-07    |    2.1577204100e+03    |    2.1767960667e+03    |
| 0.18833 |    3.8476178008e-07    |    2.1770159774e+03    |    2.1960731996e+03    |
| 0.19000 |    3.8463144006e-07    |    2.1963037365e+03    |    2.2153420630e+03    |
| 0.19167 |    3.8449996505e-07    |    2.2155834454e+03    |    2.2346024062e+03    |
| 0.19333 |    3.8436735615e-07    |    2.2348548575e+03    |    2.2538539740e+03    |
| 0.19500 |    3.8423361453e-07    |    2.2541177217e+03    |    2.2730965062e+03    |
| 0.19667 |    3.8409874138e-07    |    2.2733717824e+03    |    2.2923297385e+03    |
| 0.19833 |    3.8396273792e-07    |    2.2926167792e+03    |    2.3115534014e+03    |
| 0.20000 |    3.8382560541e-07    |    2.3118524471e+03    |    2.3307672211e+03    |
| 0.20167 |    3.8368734512e-07    |    2.3310785166e+03    |    2.3499709189e+03    |
| 0.20333 |    3.8354795839e-07    |    2.3502947132e+03    |    2.3691642112e+03    |
| 0.20500 |    3.8340744656e-07    |    2.3695007579e+03    |    2.3883468100e+03    |
| 0.20667 |    3.8326581104e-07    |    2.3886963667e+03    |    2.4075184220e+03    |
| 0.20833 |    3.8312305325e-07    |    2.4078812510e+03    |    2.4266787494e+03    |
| 0.21000 |    3.8297917465e-07    |    2.4270551172e+03    |    2.4458274893e+03    |
| 0.21167 |    3.8283417675e-07    |    2.4462176670e+03    |    2.4649643341e+03    |
| 0.21333 |    3.8268806109e-07    |    2.4653685971e+03    |    2.4840889711e+03    |
| 0.21500 |    3.8254082923e-07    |    2.4845075993e+03    |    2.5032010826e+03    |
| 0.21667 |    3.8239248281e-07    |    2.5036343605e+03    |    2.5223003461e+03    |
| 0.21833 |    3.8224302347e-07    |    2.5227485625e+03    |    2.5413864339e+03    |
| 0.22000 |    3.8209245290e-07    |    2.5418498823e+03    |    2.5604590133e+03    |
| 0.22167 |    3.8194077286e-07    |    2.5609379916e+03    |    2.5795177467e+03    |
| 0.22333 |    3.8178798510e-07    |    2.5800125574e+03    |    2.5985622911e+03    |
| 0.22500 |    3.8163409146e-07    |    2.5990732414e+03    |    2.6175922987e+03    |
| 0.22667 |    3.8147909378e-07    |    2.6181197002e+03    |    2.6366074162e+03    |
| 0.22833 |    3.8132299398e-07    |    2.6371515854e+03    |    2.6556072855e+03    |
| 0.23000 |    3.8116579400e-07    |    2.6561685432e+03    |    2.6745915431e+03    |
| 0.23167 |    3.8100749584e-07    |    2.6751702150e+03    |    2.6935598203e+03    |
| 0.23333 |    3.8084810152e-07    |    2.6941562368e+03    |    2.7125117432e+03    |
| 0.23500 |    3.8068761313e-07    |    2.7131262393e+03    |    2.7314469327e+03    |
| 0.23667 |    3.8052603280e-07    |    2.7320798481e+03    |    2.7503650043e+03    |
| 0.23833 |    3.8036336270e-07    |    2.7510166836e+03    |    2.7692655684e+03    |
| 0.24000 |    3.8019960505e-07    |    2.7699363608e+03    |    2.7881482298e+03    |
| 0.24167 |    3.8003476212e-07    |    2.7888384894e+03    |    2.8070125884e+03    |
| 0.24333 |    3.7986883622e-07    |    2.8077226740e+03    |    2.8258582383e+03    |
| 0.24500 |    3.7970182973e-07    |    2.8265885135e+03    |    2.8446847684e+03    |
| 0.24667 |    3.7953374505e-07    |    2.8454356018e+03    |    2.8634917624e+03    |
| 0.24833 |    3.7936458464e-07    |    2.8642635273e+03    |    2.8822787984e+03    |
| 0.25000 |    3.7919435103e-07    |    2.8830718731e+03    |    2.9010454491e+03    |
| 0.25167 |    3.7902304678e-07    |    2.9018602167e+03    |    2.9197912818e+03    |
| 0.25333 |    3.7885067452e-07    |    2.9206281304e+03    |    2.9385158586e+03    |
| 0.25500 |    3.7867723690e-07    |    2.9393751811e+03    |    2.9572187356e+03    |
| 0.25667 |    3.7850273666e-07    |    2.9581009300e+03    |    2.9758994641e+03    |
| 0.25833 |    3.7832717657e-07    |    2.9768049332e+03    |    2.9945575893e+03    |
| 0.26000 |    3.7815055946e-07    |    2.9954867411e+03    |    3.0131926515e+03    |
| 0.26167 |    3.7797288823e-07    |    3.0141458988e+03    |    3.0318041850e+03    |
| 0.26333 |    3.7779416581e-07    |    3.0327819458e+03    |    3.0503917190e+03    |
| 0.26500 |    3.7761439521e-07    |    3.0513944161e+03    |    3.0689547769e+03    |
| 0.26667 |    3.7743357947e-07    |    3.0699828384e+03    |    3.0874928768e+03    |
| 0.26833 |    3.7725172172e-07    |    3.0885467356e+03    |    3.1060055311e+03    |
| 0.27000 |    3.7706882511e-07    |    3.1070856255e+03    |    3.1244922468e+03    |
| 0.27167 |    3.7688489289e-07    |    3.1255990199e+03    |    3.1429525254e+03    |
| 0.27333 |    3.7669992834e-07    |    3.1440864255e+03    |    3.1613858627e+03    |
| 0.27500 |    3.7651393481e-07    |    3.1625473434e+03    |    3.1797917491e+03    |
| 0.27667 |    3.7632691570e-07    |    3.1809812689e+03    |    3.1981696695e+03    |
| 0.27833 |    3.7613887449e-07    |    3.1993876922e+03    |    3.2165191031e+03    |
| 0.28000 |    3.7594981471e-07    |    3.2177660977e+03    |    3.2348395238e+03    |
| 0.28167 |    3.7575973994e-07    |    3.2361159643e+03    |    3.2531303997e+03    |
| 0.28333 |    3.7556865385e-07    |    3.2544367654e+03    |    3.2713911937e+03    |
| 0.28500 |    3.7537656015e-07    |    3.2727279691e+03    |    3.2896213629e+03    |
| 0.28667 |    3.7518346263e-07    |    3.2909890377e+03    |    3.3078203589e+03    |
| 0.28833 |    3.7498936513e-07    |    3.3092194281e+03    |    3.3259876279e+03    |
| 0.29000 |    3.7479427156e-07    |    3.3274185917e+03    |    3.3441226107e+03    |
| 0.29167 |    3.7459818591e-07    |    3.3455859744e+03    |    3.3622247423e+03    |
| 0.29333 |    3.7440111221e-07    |    3.3637210167e+03    |    3.3802934524e+03    |
| 0.29500 |    3.7420305458e-07    |    3.3818231535e+03    |    3.3983281653e+03    |
| 0.29667 |    3.7400401719e-07    |    3.3998918143e+03    |    3.4163282997e+03    |
| 0.29833 |    3.7380400429e-07    |    3.4179264231e+03    |    3.4342932689e+03    |
| 0.30000 |    3.7360302018e-07    |    3.4359263986e+03    |    3.4522224808e+03    |
| 0.30167 |    3.7340106927e-07    |    3.4538911538e+03    |    3.4701153377e+03    |
| 0.30333 |    3.7319815598e-07    |    3.4718200965e+03    |    3.4879712367e+03    |
| 0.30500 |    3.7299428485e-07    |    3.4897126291e+03    |    3.5057895696e+03    |
| 0.30667 |    3.7278946047e-07    |    3.5075681486e+03    |    3.5235697225e+03    |
| 0.30833 |    3.7258368749e-07    |    3.5253860465e+03    |    3.5413110764e+03    |
| 0.31000 |    3.7237697066e-07    |    3.5431657093e+03    |    3.5590130070e+03    |
| 0.31167 |    3.7216931478e-07    |    3.5609065177e+03    |    3.5766748846e+03    |
| 0.31333 |    3.7196072473e-07    |    3.5786078476e+03    |    3.5942960742e+03    |
| 0.31500 |    3.7175120546e-07    |    3.5962690693e+03    |    3.6118759357e+03    |
| 0.31667 |    3.7154076199e-07    |    3.6138895480e+03    |    3.6294138236e+03    |
| 0.31833 |    3.7132939943e-07    |    3.6314686436e+03    |    3.6469090873e+03    |
| 0.32000 |    3.7111712294e-07    |    3.6490057109e+03    |    3.6643610711e+03    |
| 0.32167 |    3.7090393778e-07    |    3.6665000994e+03    |    3.6817691141e+03    |
| 0.32333 |    3.7068984926e-07    |    3.6839511537e+03    |    3.6991325502e+03    |
| 0.32500 |    3.7047486279e-07    |    3.7013582130e+03    |    3.7164507086e+03    |
| 0.32667 |    3.7025898385e-07    |    3.7187206118e+03    |    3.7337229129e+03    |
| 0.32833 |    3.7004221798e-07    |    3.7360376793e+03    |    3.7509484823e+03    |
| 0.33000 |    3.6982457081e-07    |    3.7533087398e+03    |    3.7681267307e+03    |
| 0.33167 |    3.6960604805e-07    |    3.7705331127e+03    |    3.7852569672e+03    |
| 0.33333 |    3.6938665548e-07    |    3.7877101123e+03    |    3.8023384960e+03    |
| 0.33500 |    3.6916639897e-07    |    3.8048390483e+03    |    3.8193706165e+03    |
| 0.33667 |    3.6894528446e-07    |    3.8219192253e+03    |    3.8363526233e+03    |
| 0.33833 |    3.6872331797e-07    |    3.8389499434e+03    |    3.8532838064e+03    |
| 0.34000 |    3.6850050560e-07    |    3.8559304979e+03    |    3.8701634508e+03    |
| 0.34167 |    3.6827685352e-07    |    3.8728601791e+03    |    3.8869908373e+03    |
| 0.34333 |    3.6805236801e-07    |    3.8897382731e+03    |    3.9037652419e+03    |
| 0.34500 |    3.6782705539e-07    |    3.9065640611e+03    |    3.9204859359e+03    |
| 0.34667 |    3.6760092209e-07    |    3.9233368200e+03    |    3.9371521864e+03    |
| 0.34833 |    3.6737397461e-07    |    3.9400558220e+03    |    3.9537632561e+03    |
| 0.35000 |    3.6714621953e-07    |    3.9567203351e+03    |    3.9703184030e+03    |
| 0.35167 |    3.6691766353e-07    |    3.9733296227e+03    |    3.9868168813e+03    |
| 0.35333 |    3.6668831334e-07    |    3.9898829441e+03    |    4.0032579406e+03    |
| 0.35500 |    3.6645817581e-07    |    4.0063795543e+03    |    4.0196408264e+03    |
| 0.35667 |    3.6622725783e-07    |    4.0228187040e+03    |    4.0359647803e+03    |
| 0.35833 |    3.6599556640e-07    |    4.0391996399e+03    |    4.0522290396e+03    |
| 0.36000 |    3.6576310861e-07    |    4.0555216048e+03    |    4.0684328377e+03    |
| 0.36167 |    3.6552989161e-07    |    4.0717838371e+03    |    4.0845754042e+03    |
| 0.36333 |    3.6529592265e-07    |    4.0879855717e+03    |    4.1006559649e+03    |
| 0.36500 |    3.6506120906e-07    |    4.1041260394e+03    |    4.1166737416e+03    |
| 0.36667 |    3.6482575825e-07    |    4.1202044675e+03    |    4.1326279528e+03    |
| 0.36833 |    3.6458957771e-07    |    4.1362200793e+03    |    4.1485178131e+03    |
| 0.37000 |    3.6435267502e-07    |    4.1521720947e+03    |    4.1643425337e+03    |
| 0.37167 |    3.6411505786e-07    |    4.1680597301e+03    |    4.1801013224e+03    |
| 0.37333 |    3.6387673396e-07    |    4.1838821982e+03    |    4.1957933836e+03    |
| 0.37500 |    3.6363771117e-07    |    4.1996387086e+03    |    4.2114179185e+03    |
| 0.37667 |    3.6339799739e-07    |    4.2153284674e+03    |    4.2269741251e+03    |
| 0.37833 |    3.6315760064e-07    |    4.2309506778e+03    |    4.2424611982e+03    |
| 0.38000 |    3.6291652899e-07    |    4.2465045395e+03    |    4.2578783298e+03    |
| 0.38167 |    3.6267479063e-07    |    4.2619892496e+03    |    4.2732247089e+03    |
| 0.38333 |    3.6243239380e-07    |    4.2774040020e+03    |    4.2884995217e+03    |
| 0.38500 |    3.6218934685e-07    |    4.2927479878e+03    |    4.3037019517e+03    |
| 0.38667 |    3.6194565821e-07    |    4.3080203955e+03    |    4.3188311798e+03    |
| 0.38833 |    3.6170133638e-07    |    4.3232204109e+03    |    4.3338863844e+03    |
| 0.39000 |    3.6145638996e-07    |    4.3383472171e+03    |    4.3488667415e+03    |
| 0.39167 |    3.6121082763e-07    |    4.3533999952e+03    |    4.3637714249e+03    |
| 0.39333 |    3.6096465816e-07    |    4.3683779235e+03    |    4.3785996059e+03    |
| 0.39500 |    3.6071789039e-07    |    4.3832801783e+03    |    4.3933504541e+03    |
| 0.39667 |    3.6047053326e-07    |    4.3981059340e+03    |    4.4080231369e+03    |
| 0.39833 |    3.6022259579e-07    |    4.4128543625e+03    |    4.4226168199e+03    |
| 0.40000 |    3.5997408707e-07    |    4.4275246344e+03    |    4.4371306671e+03    |
| 0.40167 |    3.5972501630e-07    |    4.4421159180e+03    |    4.4515638406e+03    |
| 0.40333 |    3.5947539273e-07    |    4.4566273804e+03    |    4.4659155013e+03    |
| 0.40500 |    3.5922522573e-07    |    4.4710581868e+03    |    4.4801848086e+03    |
| 0.40667 |    3.5897452473e-07    |    4.4854075012e+03    |    4.4943709205e+03    |
| 0.40833 |    3.5872329925e-07    |    4.4996744864e+03    |    4.5084729940e+03    |
| 0.41000 |    3.5847155888e-07    |    4.5138583037e+03    |    4.5224901852e+03    |
| 0.41167 |    3.5821931332e-07    |    4.5279581136e+03    |    4.5364216493e+03    |
| 0.41333 |    3.5796657233e-07    |    4.5419730758e+03    |    4.5502665405e+03    |
| 0.41500 |    3.5771334575e-07    |    4.5559023490e+03    |    4.5640240127e+03    |
| 0.41667 |    3.5745964351e-07    |    4.5697450913e+03    |    4.5776932193e+03    |
| 0.41833 |    3.5720547563e-07    |    4.5835004604e+03    |    4.5912733132e+03    |
| 0.42000 |    3.5695085219e-07    |    4.5971676136e+03    |    4.6047634473e+03    |
| 0.42167 |    3.5669578337e-07    |    4.6107457079e+03    |    4.6181627742e+03    |
| 0.42333 |    3.5644027941e-07    |    4.6242339003e+03    |    4.6314704469e+03    |
| 0.42500 |    3.5618435064e-07    |    4.6376313479e+03    |    4.6446856186e+03    |
| 0.42667 |    3.5592800747e-07    |    4.6509372077e+03    |    4.6578074426e+03    |
| 0.42833 |    3.5567126039e-07    |    4.6641506375e+03    |    4.6708350730e+03    |
| 0.43000 |    3.5541411997e-07    |    4.6772707953e+03    |    4.6837676646e+03    |
| 0.43167 |    3.5515659683e-07    |    4.6902968398e+03    |    4.6966043731e+03    |
| 0.43333 |    3.5489870170e-07    |    4.7032279306e+03    |    4.7093443549e+03    |
| 0.43500 |    3.5464044538e-07    |    4.7160632282e+03    |    4.7219867679e+03    |
| 0.43667 |    3.5438183873e-07    |    4.7288018943e+03    |    4.7345307711e+03    |
| 0.43833 |    3.5412289269e-07    |    4.7414430916e+03    |    4.7469755253e+03    |
| 0.44000 |    3.5386361829e-07    |    4.7539859847e+03    |    4.7593201925e+03    |
| 0.44167 |    3.5360402660e-07    |    4.7664297395e+03    |    4.7715639370e+03    |
| 0.44333 |    3.5334412881e-07    |    4.7787735236e+03    |    4.7837059247e+03    |
| 0.44500 |    3.5308393613e-07    |    4.7910165069e+03    |    4.7957453238e+03    |
| 0.44667 |    3.5282345988e-07    |    4.8031578611e+03    |    4.8076813051e+03    |
| 0.44833 |    3.5256271143e-07    |    4.8151967603e+03    |    4.8195130414e+03    |
| 0.45000 |    3.5230170224e-07    |    4.8271323811e+03    |    4.8312397086e+03    |
| 0.45167 |    3.5204044380e-07    |    4.8389639026e+03    |    4.8428604852e+03    |
| 0.45333 |    3.5177894771e-07    |    4.8506905068e+03    |    4.8543745530e+03    |
| 0.45500 |    3.5151722560e-07    |    4.8623113787e+03    |    4.8657810968e+03    |
| 0.45667 |    3.5125528921e-07    |    4.8738257066e+03    |    4.8770793049e+03    |
| 0.45833 |    3.5099315030e-07    |    4.8852326818e+03    |    4.8882683692e+03    |
| 0.46000 |    3.5073082072e-07    |    4.8965314996e+03    |    4.8993474853e+03    |
| 0.46167 |    3.5046831237e-07    |    4.9077213586e+03    |    4.9103158529e+03    |
| 0.46333 |    3.5020563722e-07    |    4.9188014616e+03    |    4.9211726758e+03    |
| 0.46500 |    3.4994280731e-07    |    4.9297710154e+03    |    4.9319171621e+03    |
| 0.46667 |    3.4967983471e-07    |    4.9406292312e+03    |    4.9425485246e+03    |
| 0.46833 |    3.4941673158e-07    |    4.9513753244e+03    |    4.9530659805e+03    |
| 0.47000 |    3.4915351012e-07    |    4.9620085156e+03    |    4.9634687524e+03    |
| 0.47167 |    3.4889018259e-07    |    4.9725280298e+03    |    4.9737560677e+03    |
| 0.47333 |    3.4862676131e-07    |    4.9829330973e+03    |    4.9839271593e+03    |
| 0.47500 |    3.4836325865e-07    |    4.9932229537e+03    |    4.9939812656e+03    |
| 0.47667 |    3.4809968702e-07    |    5.0033968401e+03    |    5.0039176307e+03    |
| 0.47833 |    3.4783605892e-07    |    5.0134540031e+03    |    5.0137355047e+03    |
| 0.48000 |    3.4757238685e-07    |    5.0233936955e+03    |    5.0234341439e+03    |
| 0.48167 |    3.4730868340e-07    |    5.0332151760e+03    |    5.0330128107e+03    |
| 0.48333 |    3.4704496118e-07    |    5.0429177095e+03    |    5.0424707745e+03    |
| 0.48500 |    3.4678123286e-07    |    5.0525005678e+03    |    5.0518073112e+03    |
| 0.48667 |    3.4651751116e-07    |    5.0619630290e+03    |    5.0610217036e+03    |
| 0.48833 |    3.4625380883e-07    |    5.0713043785e+03    |    5.0701132421e+03    |
| 0.49000 |    3.4599013867e-07    |    5.0805239086e+03    |    5.0790812240e+03    |
| 0.49167 |    3.4572651351e-07    |    5.0896209191e+03    |    5.0879249547e+03    |
| 0.49333 |    3.4546294624e-07    |    5.0985947172e+03    |    5.0966437472e+03    |
| 0.49500 |    3.4519944977e-07    |    5.1074446182e+03    |    5.1052369225e+03    |
| 0.49667 |    3.4493603705e-07    |    5.1161699452e+03    |    5.1137038102e+03    |
| 0.49833 |    3.4467272107e-07    |    5.1247700296e+03    |    5.1220437481e+03    |
| 0.50000 |    3.4440951485e-07    |    5.1332442112e+03    |    5.1302560828e+03    |
| 0.50167 |    3.4414643143e-07    |    5.1415918385e+03    |    5.1383401700e+03    |
| 0.50333 |    3.4388348390e-07    |    5.1498122690e+03    |    5.1462953743e+03    |
| 0.50500 |    3.4362068537e-07    |    5.1579048691e+03    |    5.1541210698e+03    |
| 0.50667 |    3.4335804896e-07    |    5.1658690146e+03    |    5.1618166403e+03    |
| 0.50833 |    3.4309558784e-07    |    5.1737040911e+03    |    5.1693814794e+03    |
| 0.51000 |    3.4283331520e-07    |    5.1814094937e+03    |    5.1768149907e+03    |
| 0.51167 |    3.4257124423e-07    |    5.1889846276e+03    |    5.1841165880e+03    |
| 0.51333 |    3.4230938816e-07    |    5.1964289082e+03    |    5.1912856957e+03    |
| 0.51500 |    3.4204776023e-07    |    5.2037417615e+03    |    5.1983217491e+03    |
| 0.51667 |    3.4178637369e-07    |    5.2109226240e+03    |    5.2052241940e+03    |
| 0.51833 |    3.4152524183e-07    |    5.2179709432e+03    |    5.2119924878e+03    |
| 0.52000 |    3.4126437791e-07    |    5.2248861777e+03    |    5.2186260992e+03    |
| 0.52167 |    3.4100379525e-07    |    5.2316677974e+03    |    5.2251245083e+03    |
| 0.52333 |    3.4074350713e-07    |    5.2383152841e+03    |    5.2314872074e+03    |
| 0.52500 |    3.4048352686e-07    |    5.2448281309e+03    |    5.2377137007e+03    |
| 0.52667 |    3.4022386777e-07    |    5.2512058435e+03    |    5.2438035045e+03    |
| 0.52833 |    3.3996454317e-07    |    5.2574479393e+03    |    5.2497561480e+03    |
| 0.53000 |    3.3970556638e-07    |    5.2635539487e+03    |    5.2555711730e+03    |
| 0.53167 |    3.3944695071e-07    |    5.2695234144e+03    |    5.2612481342e+03    |
| 0.53333 |    3.3918870947e-07    |    5.2753558923e+03    |    5.2667865995e+03    |
| 0.53500 |    3.3893085598e-07    |    5.2810509515e+03    |    5.2721861503e+03    |
| 0.53667 |    3.3867340354e-07    |    5.2866081742e+03    |    5.2774463816e+03    |
| 0.53833 |    3.3841636543e-07    |    5.2920271565e+03    |    5.2825669023e+03    |
| 0.54000 |    3.3815975495e-07    |    5.2973075082e+03    |    5.2875473354e+03    |
| 0.54167 |    3.3790358535e-07    |    5.3024488531e+03    |    5.2923873179e+03    |
| 0.54333 |    3.3764786989e-07    |    5.3074508296e+03    |    5.2970865019e+03    |
| 0.54500 |    3.3739262181e-07    |    5.3123130901e+03    |    5.3016445537e+03    |
| 0.54667 |    3.3713785431e-07    |    5.3170353020e+03    |    5.3060611547e+03    |
| 0.54833 |    3.3688358060e-07    |    5.3216171478e+03    |    5.3103360017e+03    |
| 0.55000 |    3.3662981383e-07    |    5.3260583248e+03    |    5.3144688065e+03    |
| 0.55167 |    3.3637656717e-07    |    5.3303585458e+03    |    5.3184592968e+03    |
| 0.55333 |    3.3612385371e-07    |    5.3345175393e+03    |    5.3223072160e+03    |
| 0.55500 |    3.3587168655e-07    |    5.3385350494e+03    |    5.3260123234e+03    |
| 0.55667 |    3.3562007873e-07    |    5.3424108364e+03    |    5.3295743946e+03    |
| 0.55833 |    3.3536904328e-07    |    5.3461446766e+03    |    5.3329932217e+03    |
| 0.56000 |    3.3511859317e-07    |    5.3497363629e+03    |    5.3362686133e+03    |
| 0.56167 |    3.3486874135e-07    |    5.3531857046e+03    |    5.3394003948e+03    |
| 0.56333 |    3.3461950071e-07    |    5.3564925281e+03    |    5.3423884087e+03    |
| 0.56500 |    3.3437088412e-07    |    5.3596566766e+03    |    5.3452325147e+03    |
| 0.56667 |    3.3412290437e-07    |    5.3626780107e+03    |    5.3479325898e+03    |
| 0.56833 |    3.3387557425e-07    |    5.3655564082e+03    |    5.3504885288e+03    |
| 0.57000 |    3.3362890644e-07    |    5.3682917647e+03    |    5.3529002441e+03    |
| 0.57167 |    3.3338291362e-07    |    5.3708839936e+03    |    5.3551676660e+03    |
| 0.57333 |    3.3313760839e-07    |    5.3733330261e+03    |    5.3572907433e+03    |
| 0.57500 |    3.3289300330e-07    |    5.3756388117e+03    |    5.3592694427e+03    |
| 0.57667 |    3.3264911083e-07    |    5.3778013184e+03    |    5.3611037497e+03    |
| 0.57833 |    3.3240594341e-07    |    5.3798205324e+03    |    5.3627936684e+03    |
| 0.58000 |    3.3216351340e-07    |    5.3816964589e+03    |    5.3643392216e+03    |
| 0.58167 |    3.3192183310e-07    |    5.3834291219e+03    |    5.3657404512e+03    |
| 0.58333 |    3.3168091473e-07    |    5.3850185644e+03    |    5.3669974185e+03    |
| 0.58500 |    3.3144077046e-07    |    5.3864648486e+03    |    5.3681102036e+03    |
| 0.58667 |    3.3120141237e-07    |    5.3877680562e+03    |    5.3690789067e+03    |
| 0.58833 |    3.3096285246e-07    |    5.3889282883e+03    |    5.3699036471e+03    |
| 0.59000 |    3.3072510267e-07    |    5.3899456658e+03    |    5.3705845642e+03    |
| 0.59167 |    3.3048817485e-07    |    5.3908203294e+03    |    5.3711218172e+03    |
| 0.59333 |    3.3025208077e-07    |    5.3915524397e+03    |    5.3715155853e+03    |
| 0.59500 |    3.3001683211e-07    |    5.3921421775e+03    |    5.3717660680e+03    |
| 0.59667 |    3.2978244049e-07    |    5.3925897440e+03    |    5.3718734851e+03    |
| 0.59833 |    3.2954891739e-07    |    5.3928953606e+03    |    5.3718380766e+03    |
| 0.60000 |    3.2931627426e-07    |    5.3930592693e+03    |    5.3716601035e+03    |
| 0.60167 |    3.2908452241e-07    |    5.3930817326e+03    |    5.3713398470e+03    |
| 0.60333 |    3.2885367308e-07    |    5.3929630340e+03    |    5.3708776094e+03    |
| 0.60500 |    3.2862373740e-07    |    5.3927034778e+03    |    5.3702737137e+03    |
| 0.60667 |    3.2839472642e-07    |    5.3923033893e+03    |    5.3695285040e+03    |
| 0.60833 |    3.2816665105e-07    |    5.3917631146e+03    |    5.3686423452e+03    |
| 0.61000 |    3.2793952214e-07    |    5.3910830215e+03    |    5.3676156238e+03    |
| 0.61167 |    3.2771335041e-07    |    5.3902634986e+03    |    5.3664487470e+03    |
| 0.61333 |    3.2748814648e-07    |    5.3893049562e+03    |    5.3651421437e+03    |
| 0.61500 |    3.2726392086e-07    |    5.3882078258e+03    |    5.3636962641e+03    |
| 0.61667 |    3.2704068393e-07    |    5.3869725606e+03    |    5.3621115796e+03    |
| 0.61833 |    3.2681844599e-07    |    5.3855996352e+03    |    5.3603885833e+03    |
| 0.62000 |    3.2659721719e-07    |    5.3840895459e+03    |    5.3585277898e+03    |
| 0.62167 |    3.2637700759e-07    |    5.3824428109e+03    |    5.3565297353e+03    |
| 0.62333 |    3.2615782711e-07    |    5.3806599698e+03    |    5.3543949774e+03    |
| 0.62500 |    3.2593968556e-07    |    5.3787415842e+03    |    5.3521240957e+03    |
| 0.62667 |    3.2572259262e-07    |    5.3766882375e+03    |    5.3497176911e+03    |
| 0.62833 |    3.2550655785e-07    |    5.3745005350e+03    |    5.3471763863e+03    |
| 0.63000 |    3.2529159068e-07    |    5.3721791037e+03    |    5.3445008259e+03    |
| 0.63167 |    3.2507770040e-07    |    5.3697245926e+03    |    5.3416916758e+03    |
| 0.63333 |    3.2486489619e-07    |    5.3671376727e+03    |    5.3387496238e+03    |
| 0.63500 |    3.2465318708e-07    |    5.3644190366e+03    |    5.3356753793e+03    |
| 0.63667 |    3.2444258196e-07    |    5.3615693990e+03    |    5.3324696734e+03    |
| 0.63833 |    3.2423308961e-07    |    5.3585894965e+03    |    5.3291332588e+03    |
| 0.64000 |    3.2402471865e-07    |    5.3554800875e+03    |    5.3256669095e+03    |
| 0.64167 |    3.2381747757e-07    |    5.3522419520e+03    |    5.3220714214e+03    |
| 0.64333 |    3.2361137470e-07    |    5.3488758922e+03    |    5.3183476116e+03    |
| 0.64500 |    3.2340641826e-07    |    5.3453827316e+03    |    5.3144963187e+03    |
| 0.64667 |    3.2320261629e-07    |    5.3417633157e+03    |    5.3105184026e+03    |
| 0.64833 |    3.2299997672e-07    |    5.3380185113e+03    |    5.3064147444e+03    |
| 0.65000 |    3.2279850729e-07    |    5.3341492072e+03    |    5.3021862464e+03    |
| 0.65167 |    3.2259821564e-07    |    5.3301563131e+03    |    5.2978338319e+03    |
| 0.65333 |    3.2239910921e-07    |    5.3260407605e+03    |    5.2933584453e+03    |
| 0.65500 |    3.2220119532e-07    |    5.3218035020e+03    |    5.2887610517e+03    |
| 0.65667 |    3.2200448112e-07    |    5.3174455115e+03    |    5.2840426369e+03    |
| 0.65833 |    3.2180897363e-07    |    5.3129677836e+03    |    5.2792042072e+03    |
| 0.66000 |    3.2161467969e-07    |    5.3083713343e+03    |    5.2742467897e+03    |
| 0.66167 |    3.2142160599e-07    |    5.3036572001e+03    |    5.2691714313e+03    |
| 0.66333 |    3.2122975906e-07    |    5.2988264382e+03    |    5.2639791993e+03    |
| 0.66500 |    3.2103914528e-07    |    5.2938801264e+03    |    5.2586711809e+03    |
| 0.66667 |    3.2084977085e-07    |    5.2888193628e+03    |    5.2532484830e+03    |
| 0.66833 |    3.2066164183e-07    |    5.2836452656e+03    |    5.2477122322e+03    |
| 0.67000 |    3.2047476410e-07    |    5.2783589732e+03    |    5.2420635744e+03    |
| 0.67167 |    3.2028914340e-07    |    5.2729616435e+03    |    5.2363036746e+03    |
| 0.67333 |    3.2010478528e-07    |    5.2674544543e+03    |    5.2304337169e+03    |
| 0.67500 |    3.1992169513e-07    |    5.2618386027e+03    |    5.2244549041e+03    |
| 0.67667 |    3.1973987819e-07    |    5.2561153050e+03    |    5.2183684573e+03    |
| 0.67833 |    3.1955933951e-07    |    5.2502857965e+03    |    5.2121756160e+03    |
| 0.68000 |    3.1938008400e-07    |    5.2443513311e+03    |    5.2058776378e+03    |
| 0.68167 |    3.1920211637e-07    |    5.2383131813e+03    |    5.1994757977e+03    |
| 0.68333 |    3.1902544118e-07    |    5.2321726379e+03    |    5.1929713883e+03    |
| 0.68500 |    3.1885006283e-07    |    5.2259310095e+03    |    5.1863657194e+03    |
| 0.68667 |    3.1867598552e-07    |    5.2195896225e+03    |    5.1796601176e+03    |
| 0.68833 |    3.1850321331e-07    |    5.2131498207e+03    |    5.1728559260e+03    |
| 0.69000 |    3.1833175006e-07    |    5.2066129650e+03    |    5.1659545039e+03    |
| 0.69167 |    3.1816159949e-07    |    5.1999804331e+03    |    5.1589572266e+03    |
| 0.69333 |    3.1799276512e-07    |    5.1932536192e+03    |    5.1518654850e+03    |
| 0.69500 |    3.1782525031e-07    |    5.1864339339e+03    |    5.1446806850e+03    |
| 0.69667 |    3.1765905826e-07    |    5.1795228032e+03    |    5.1374042475e+03    |
| 0.69833 |    3.1749419197e-07    |    5.1725216691e+03    |    5.1300376079e+03    |
| 0.70000 |    3.1733065428e-07    |    5.1654319883e+03    |    5.1225822156e+03    |
| 0.70167 |    3.1716844788e-07    |    5.1582552327e+03    |    5.1150395340e+03    |
| 0.70333 |    3.1700757524e-07    |    5.1509928883e+03    |    5.1074110395e+03    |
| 0.70500 |    3.1684803870e-07    |    5.1436464555e+03    |    5.0996982216e+03    |
| 0.70667 |    3.1668984040e-07    |    5.1362174480e+03    |    5.0919025824e+03    |
| 0.70833 |    3.1653298233e-07    |    5.1287073930e+03    |    5.0840256358e+03    |
| 0.71000 |    3.1637746628e-07    |    5.1211178304e+03    |    5.0760689076e+03    |
| 0.71167 |    3.1622329389e-07    |    5.1134503128e+03    |    5.0680339348e+03    |
| 0.71333 |    3.1607046662e-07    |    5.1057064046e+03    |    5.0599222650e+03    |
| 0.71500 |    3.1591898575e-07    |    5.0978876817e+03    |    5.0517354563e+03    |
| 0.71667 |    3.1576885241e-07    |    5.0899957315e+03    |    5.0434750765e+03    |
| 0.71833 |    3.1562006753e-07    |    5.0820321518e+03    |    5.0351427028e+03    |
| 0.72000 |    3.1547263190e-07    |    5.0739985506e+03    |    5.0267399213e+03    |
| 0.72167 |    3.1532654611e-07    |    5.0658965460e+03    |    5.0182683264e+03    |
| 0.72333 |    3.1518181060e-07    |    5.0577277652e+03    |    5.0097295203e+03    |
| 0.72500 |    3.1503842563e-07    |    5.0494938440e+03    |    5.0011251128e+03    |
| 0.72667 |    3.1489639131e-07    |    5.0411964270e+03    |    4.9924567204e+03    |
| 0.72833 |    3.1475570755e-07    |    5.0328371661e+03    |    4.9837259658e+03    |
| 0.73000 |    3.1461637413e-07    |    5.0244177211e+03    |    4.9749344777e+03    |
| 0.73167 |    3.1447839063e-07    |    5.0159397581e+03    |    4.9660838898e+03    |
| 0.73333 |    3.1434175648e-07    |    5.0074049499e+03    |    4.9571758407e+03    |
| 0.73500 |    3.1420647096e-07    |    4.9988149747e+03    |    4.9482119729e+03    |
| 0.73667 |    3.1407253315e-07    |    4.9901715163e+03    |    4.9391939328e+03    |
| 0.73833 |    3.1393994200e-07    |    4.9814762630e+03    |    4.9301233694e+03    |
| 0.74000 |    3.1380869629e-07    |    4.9727309073e+03    |    4.9210019345e+03    |
| 0.74167 |    3.1367879462e-07    |    4.9639371454e+03    |    4.9118312815e+03    |
| 0.74333 |    3.1355023546e-07    |    4.9550966764e+03    |    4.9026130651e+03    |
| 0.74500 |    3.1342301709e-07    |    4.9462112020e+03    |    4.8933489408e+03    |
| 0.74667 |    3.1329713766e-07    |    4.9372824261e+03    |    4.8840405641e+03    |
| 0.74833 |    3.1317259515e-07    |    4.9283120535e+03    |    4.8746895898e+03    |
| 0.75000 |    3.1304938739e-07    |    4.9193017901e+03    |    4.8652976718e+03    |
| 0.75167 |    3.1292751204e-07    |    4.9102533422e+03    |    4.8558664623e+03    |
| 0.75333 |    3.1280696663e-07    |    4.9011684153e+03    |    4.8463976109e+03    |
| 0.75500 |    3.1268774853e-07    |    4.8920487145e+03    |    4.8368927645e+03    |
| 0.75667 |    3.1256985496e-07    |    4.8828959431e+03    |    4.8273535662e+03    |
| 0.75833 |    3.1245328297e-07    |    4.8737118024e+03    |    4.8177816552e+03    |
| 0.76000 |    3.1233802951e-07    |    4.8644979911e+03    |    4.8081786654e+03    |
| 0.76167 |    3.1222409134e-07    |    4.8552562045e+03    |    4.7985462258e+03    |
| 0.76333 |    3.1211146510e-07    |    4.8459881344e+03    |    4.7888859590e+03    |
| 0.76500 |    3.1200014727e-07    |    4.8366954678e+03    |    4.7791994810e+03    |
| 0.76667 |    3.1189013421e-07    |    4.8273798869e+03    |    4.7694884005e+03    |
| 0.76833 |    3.1178142212e-07    |    4.8180430685e+03    |    4.7597543182e+03    |
| 0.77000 |    3.1167400707e-07    |    4.8086866830e+03    |    4.7499988263e+03    |
| 0.77167 |    3.1156788500e-07    |    4.7993123941e+03    |    4.7402235079e+03    |
| 0.77333 |    3.1146305170e-07    |    4.7899218583e+03    |    4.7304299361e+03    |
| 0.77500 |    3.1135950283e-07    |    4.7805167241e+03    |    4.7206196737e+03    |
| 0.77667 |    3.1125723395e-07    |    4.7710986316e+03    |    4.7107942725e+03    |
| 0.77833 |    3.1115624043e-07    |    4.7616692121e+03    |    4.7009552726e+03    |
| 0.78000 |    3.1105651757e-07    |    4.7522300869e+03    |    4.6911042017e+03    |
| 0.78167 |    3.1095806051e-07    |    4.7427828676e+03    |    4.6812425750e+03    |
| 0.78333 |    3.1086086427e-07    |    4.7333291547e+03    |    4.6713718939e+03    |
| 0.78500 |    3.1076492375e-07    |    4.7238705380e+03    |    4.6614936459e+03    |
| 0.78667 |    3.1067023374e-07    |    4.7144085951e+03    |    4.6516093039e+03    |
| 0.78833 |    3.1057678889e-07    |    4.7049448914e+03    |    4.6417203254e+03    |
| 0.79000 |    3.1048458374e-07    |    4.6954809799e+03    |    4.6318281523e+03    |
| 0.79167 |    3.1039361272e-07    |    4.6860183997e+03    |    4.6219342100e+03    |
| 0.79333 |    3.1030387014e-07    |    4.6765586766e+03    |    4.6120399071e+03    |
| 0.79500 |    3.1021535020e-07    |    4.6671033219e+03    |    4.6021466347e+03    |
| 0.79667 |    3.1012804698e-07    |    4.6576538321e+03    |    4.5922557657e+03    |
| 0.79833 |    3.1004195447e-07    |    4.6482116885e+03    |    4.5823686546e+03    |
| 0.80000 |    3.0995706654e-07    |    4.6387783570e+03    |    4.5724866371e+03    |
| 0.80167 |    3.0987337696e-07    |    4.6293552869e+03    |    4.5626110288e+03    |
| 0.80333 |    3.0979087939e-07    |    4.6199439114e+03    |    4.5527431257e+03    |
| 0.80500 |    3.0970956738e-07    |    4.6105456466e+03    |    4.5428842029e+03    |
| 0.80667 |    3.0962943441e-07    |    4.6011618912e+03    |    4.5330355147e+03    |
| 0.80833 |    3.0955047384e-07    |    4.5917940262e+03    |    4.5231982938e+03    |
| 0.81000 |    3.0947267893e-07    |    4.5824434148e+03    |    4.5133737511e+03    |
| 0.81167 |    3.0939604286e-07    |    4.5731114014e+03    |    4.5035630750e+03    |
| 0.81333 |    3.0932055870e-07    |    4.5637993119e+03    |    4.4937674311e+03    |
| 0.81500 |    3.0924621946e-07    |    4.5545084533e+03    |    4.4839879620e+03    |
| 0.81667 |    3.0917301803e-07    |    4.5452401130e+03    |    4.4742257866e+03    |
| 0.81833 |    3.0910094722e-07    |    4.5359955591e+03    |    4.4644819999e+03    |
| 0.82000 |    3.0902999976e-07    |    4.5267760396e+03    |    4.4547576727e+03    |
| 0.82167 |    3.0896016829e-07    |    4.5175827829e+03    |    4.4450538511e+03    |
| 0.82333 |    3.0889144539e-07    |    4.5084169969e+03    |    4.4353715562e+03    |
| 0.82500 |    3.0882382352e-07    |    4.4992798692e+03    |    4.4257117842e+03    |
| 0.82667 |    3.0875729510e-07    |    4.4901725669e+03    |    4.4160755054e+03    |
| 0.82833 |    3.0869185244e-07    |    4.4810962364e+03    |    4.4064636646e+03    |
| 0.83000 |    3.0862748780e-07    |    4.4720520036e+03    |    4.3968771807e+03    |
| 0.83167 |    3.0856419336e-07    |    4.4630409734e+03    |    4.3873169462e+03    |
| 0.83333 |    3.0850196123e-07    |    4.4540642301e+03    |    4.3777838273e+03    |
| 0.83500 |    3.0844078343e-07    |    4.4451228371e+03    |    4.3682786636e+03    |
| 0.83667 |    3.0838065193e-07    |    4.4362178369e+03    |    4.3588022681e+03    |
| 0.83833 |    3.0832155864e-07    |    4.4273502516e+03    |    4.3493554267e+03    |
| 0.84000 |    3.0826349538e-07    |    4.4185210824e+03    |    4.3399388987e+03    |
| 0.84167 |    3.0820645393e-07    |    4.4097313102e+03    |    4.3305534161e+03    |
| 0.84333 |    3.0815042600e-07    |    4.4009818954e+03    |    4.3211996840e+03    |
| 0.84500 |    3.0809540322e-07    |    4.3922737786e+03    |    4.3118783801e+03    |
| 0.84667 |    3.0804137720e-07    |    4.3836078800e+03    |    4.3025901553e+03    |
| 0.84833 |    3.0798833945e-07    |    4.3749851007e+03    |    4.2933356332e+03    |
| 0.85000 |    3.0793628146e-07    |    4.3664063220e+03    |    4.2841154101e+03    |
| 0.85167 |    3.0788519463e-07    |    4.3578724065e+03    |    4.2749300557e+03    |
| 0.85333 |    3.0783507035e-07    |    4.3493841981e+03    |    4.2657801123e+03    |
| 0.85500 |    3.0778589990e-07    |    4.3409425226e+03    |    4.2566660957e+03    |
| 0.85667 |    3.0773767458e-07    |    4.3325481880e+03    |    4.2475884946e+03    |
| 0.85833 |    3.0769038557e-07    |    4.3242019852e+03    |    4.2385477715e+03    |
| 0.86000 |    3.0764402405e-07    |    4.3159046882e+03    |    4.2295443623e+03    |
| 0.86167 |    3.0759858115e-07    |    4.3076570552e+03    |    4.2205786766e+03    |
| 0.86333 |    3.0755404792e-07    |    4.2994598289e+03    |    4.2116510982e+03    |
| 0.86500 |    3.0751041541e-07    |    4.2913137372e+03    |    4.2027619850e+03    |
| 0.86667 |    3.0746767460e-07    |    4.2832194941e+03    |    4.1939116697e+03    |
| 0.86833 |    3.0742581644e-07    |    4.2751778004e+03    |    4.1851004595e+03    |
| 0.87000 |    3.0738483183e-07    |    4.2671893443e+03    |    4.1763286369e+03    |
| 0.87167 |    3.0734471165e-07    |    4.2592548027e+03    |    4.1675964597e+03    |
| 0.87333 |    3.0730544672e-07    |    4.2513748420e+03    |    4.1589041619e+03    |
| 0.87500 |    3.0726702785e-07    |    4.2435501190e+03    |    4.1502519532e+03    |
| 0.87667 |    3.0722944578e-07    |    4.2357812818e+03    |    4.1416400201e+03    |
| 0.87833 |    3.0719269125e-07    |    4.2280689714e+03    |    4.1330685263e+03    |
| 0.88000 |    3.0715675495e-07    |    4.2204138223e+03    |    4.1245376126e+03    |
| 0.88167 |    3.0712162755e-07    |    4.2128164644e+03    |    4.1160473978e+03    |
| 0.88333 |    3.0708729967e-07    |    4.2052775235e+03    |    4.1075979790e+03    |
| 0.88500 |    3.0705376193e-07    |    4.1977976232e+03    |    4.0991894323e+03    |
| 0.88667 |    3.0702100491e-07    |    4.1903773864e+03    |    4.0908218130e+03    |
| 0.88833 |    3.0698901914e-07    |    4.1830174364e+03    |    4.0824951561e+03    |
| 0.89000 |    3.0695779517e-07    |    4.1757183989e+03    |    4.0742094772e+03    |
| 0.89167 |    3.0692732348e-07    |    4.1684809031e+03    |    4.0659647725e+03    |
| 0.89333 |    3.0689759457e-07    |    4.1613055844e+03    |    4.0577610201e+03    |
| 0.89500 |    3.0686859888e-07    |    4.1541930850e+03    |    4.0495981796e+03    |
| 0.89667 |    3.0684032687e-07    |    4.1471440570e+03    |    4.0414761936e+03    |
| 0.89833 |    3.0681276894e-07    |    4.1401591636e+03    |    4.0333949874e+03    |
| 0.90000 |    3.0678591550e-07    |    4.1332390815e+03    |    4.0253544705e+03    |
| 0.90167 |    3.0675975693e-07    |    4.1263845033e+03    |    4.0173545364e+03    |
| 0.90333 |    3.0673428360e-07    |    4.1195961396e+03    |    4.0093950636e+03    |
| 0.90500 |    3.0670948587e-07    |    4.1128747214e+03    |    4.0014759161e+03    |
| 0.90667 |    3.0668535409e-07    |    4.1062210031e+03    |    3.9935969440e+03    |
| 0.90833 |    3.0666187857e-07    |    4.0996357647e+03    |    3.9857579843e+03    |
| 0.91000 |    3.0663904964e-07    |    4.0931198152e+03    |    3.9779588609e+03    |
| 0.91167 |    3.0661685761e-07    |    4.0866739950e+03    |    3.9701993859e+03    |
| 0.91333 |    3.0659529279e-07    |    4.0802991798e+03    |    3.9624793598e+03    |
| 0.91500 |    3.0657434548e-07    |    4.0739962836e+03    |    3.9547985722e+03    |
| 0.91667 |    3.0655400596e-07    |    4.0677662621e+03    |    3.9471568023e+03    |
| 0.91833 |    3.0653426452e-07    |    4.0616101170e+03    |    3.9395538196e+03    |
| 0.92000 |    3.0651511146e-07    |    4.0555288995e+03    |    3.9319893845e+03    |
| 0.92167 |    3.0649653705e-07    |    4.0495237150e+03    |    3.9244632485e+03    |
| 0.92333 |    3.0647853158e-07    |    4.0435957273e+03    |    3.9169751552e+03    |
| 0.92500 |    3.0646108535e-07    |    4.0377461637e+03    |    3.9095248406e+03    |
| 0.92667 |    3.0644418863e-07    |    4.0319763199e+03    |    3.9021120338e+03    |
| 0.92833 |    3.0642783174e-07    |    4.0262875655e+03    |    3.8947364573e+03    |
| 0.93000 |    3.0641200497e-07    |    4.0206813504e+03    |    3.8873978274e+03    |
| 0.93167 |    3.0639669864e-07    |    4.0151592103e+03    |    3.8800958553e+03    |
| 0.93333 |    3.0638190306e-07    |    4.0097227741e+03    |    3.8728302467e+03    |
| 0.93500 |    3.0636760857e-07    |    4.0043737706e+03    |    3.8656007030e+03    |
| 0.93667 |    3.0635380552e-07    |    3.9991140369e+03    |    3.8584069214e+03    |
| 0.93833 |    3.0634048427e-07    |    3.9939455264e+03    |    3.8512485953e+03    |
| 0.94000 |    3.0632763519e-07    |    3.9888703179e+03    |    3.8441254146e+03    |
| 0.94167 |    3.0631524868e-07    |    3.9838906257e+03    |    3.8370370667e+03    |
| 0.94333 |    3.0630331516e-07    |    3.9790088099e+03    |    3.8299832359e+03    |
| 0.94500 |    3.0629182507e-07    |    3.9742273882e+03    |    3.8229636047e+03    |
| 0.94667 |    3.0628076887e-07    |    3.9695490482e+03    |    3.8159778533e+03    |
| 0.94833 |    3.0627013705e-07    |    3.9649766615e+03    |    3.8090256607e+03    |
| 0.95000 |    3.0625992013e-07    |    3.9605132979e+03    |    3.8021067044e+03    |
| 0.95167 |    3.0625010865e-07    |    3.9561622423e+03    |    3.7952206609e+03    |
| 0.95333 |    3.0624069320e-07    |    3.9519270122e+03    |    3.7883672060e+03    |
| 0.95500 |    3.0623166438e-07    |    3.9478113773e+03    |    3.7815460151e+03    |
| 0.95667 |    3.0622301286e-07    |    3.9438193808e+03    |    3.7747567631e+03    |
| 0.95833 |    3.0621472931e-07    |    3.9399553633e+03    |    3.7679991252e+03    |
| 0.96000 |    3.0620680448e-07    |    3.9362239884e+03    |    3.7612727764e+03    |
| 0.96167 |    3.0619922913e-07    |    3.9326302718e+03    |    3.7545773924e+03    |
| 0.96333 |    3.0619199409e-07    |    3.9291796127e+03    |    3.7479126492e+03    |
| 0.96500 |    3.0618509022e-07    |    3.9258778292e+03    |    3.7412782236e+03    |
| 0.96667 |    3.0617850844e-07    |    3.9227311974e+03    |    3.7346737933e+03    |
| 0.96833 |    3.0617223973e-07    |    3.9197464952e+03    |    3.7280990369e+03    |
| 0.97000 |    3.0616627511e-07    |    3.9169310502e+03    |    3.7215536342e+03    |
| 0.97167 |    3.0616060568e-07    |    3.9142927947e+03    |    3.7150372663e+03    |
| 0.97333 |    3.0615522258e-07    |    3.9118403258e+03    |    3.7085496156e+03    |
| 0.97500 |    3.0615011702e-07    |    3.9095829745e+03    |    3.7020903662e+03    |
| 0.97667 |    3.0614528029e-07    |    3.9075308816e+03    |    3.6956592037e+03    |
| 0.97833 |    3.0614070373e-07    |    3.9056950851e+03    |    3.6892558153e+03    |
| 0.98000 |    3.0613637877e-07    |    3.9040876179e+03    |    3.6828798903e+03    |
| 0.98167 |    3.0613229691e-07    |    3.9027216187e+03    |    3.6765311198e+03    |
| 0.98333 |    3.0612844973e-07    |    3.9016114591e+03    |    3.6702091970e+03    |
| 0.98500 |    3.0612482888e-07    |    3.9007728870e+03    |    3.6639138171e+03    |
| 0.98667 |    3.0612142610e-07    |    3.9002231915e+03    |    3.6576446777e+03    |
| 0.98833 |    3.0611823325e-07    |    3.8999813923e+03    |    3.6514014786e+03    |
| 0.99000 |    3.0611524223e-07    |    3.9000684573e+03    |    3.6451839220e+03    |
| 0.99167 |    3.0611244507e-07    |    3.9005075534e+03    |    3.6389917129e+03    |
| 0.99333 |    3.0610983389e-07    |    3.9013243379e+03    |    3.6328245585e+03    |
| 0.99500 |    3.0610740092e-07    |    3.9025472979e+03    |    3.6266821691e+03    |
| 0.99667 |    3.0610513847e-07    |    3.9042081448e+03    |    3.6205642575e+03    |
| 0.99833 |    3.0610303899e-07    |    3.9063422790e+03    |    3.6144705397e+03    |
| 1.00000 |    3.0610109502e-07    |    3.9013243851e+03    |    3.6084007346e+03    |
--------------------------------------------------------------------------------------