Число узлов n = 701
--------------------------------------------------------------------------------------
|    x    |          u(z)          |          f(z)          |     f(z) integral      |
--------------------------------------------------------------------------------------
| 0.00000 |    3.9204894938e-07    |    0.0000000000e+00    |    0.0000000000e+00    |
| 0.00143 |    3.9204844477e-07    |   -0.0000000000e+00    |    1.6678806947e+01    |
| 0.00286 |    3.9204894938e-07    |    4.5549980772e+00    |    3.3357610007e+01    |
| 0.00429 |    3.9204797789e-07    |    2.8508090121e+01    |    5.0036419209e+01    |
| 0.00571 |    3.9204602737e-07    |    4.6918888865e+01    |    6.6715247686e+01    |
| 0.00714 |    3.9204316881e-07    |    6.4405997416e+01    |    8.3394105677e+01    |
| 0.00857 |    3.9203942589e-07    |    8.1557246759e+01    |    1.0007300305e+02    |
| 0.01000 |    3.9203480937e-07    |    9.8547055203e+01    |    1.1675194949e+02    |
| 0.01143 |    3.9202932504e-07    |    1.1544648779e+02    |    1.3343095453e+02    |
| 0.01286 |    3.9202297637e-07    |    1.3229013186e+02    |    1.5011002753e+02    |
| 0.01429 |    3.9201576560e-07    |    1.4909689565e+02    |    1.6678917770e+02    |
| 0.01571 |    3.9200769427e-07    |    1.6587800774e+02    |    1.8346841404e+02    |
| 0.01714 |    3.9199876347e-07    |    1.8264056468e+02    |    2.0014774539e+02    |
| 0.01857 |    3.9198897402e-07    |    1.9938927547e+02    |    2.1682718033e+02    |
| 0.02000 |    3.9197832652e-07    |    2.1612739003e+02    |    2.3350672723e+02    |
| 0.02143 |    3.9196682146e-07    |    2.3285722507e+02    |    2.5018639419e+02    |
| 0.02286 |    3.9195445919e-07    |    2.4958047757e+02    |    2.6686618905e+02    |
| 0.02429 |    3.9194124003e-07    |    2.6629841973e+02    |    2.8354611934e+02    |
| 0.02571 |    3.9192716422e-07    |    2.8301202457e+02    |    3.0022619229e+02    |
| 0.02714 |    3.9191223196e-07    |    2.9972204938e+02    |    3.1690641480e+02    |
| 0.02857 |    3.9189644342e-07    |    3.1642909267e+02    |    3.3358679343e+02    |
| 0.03000 |    3.9187979873e-07    |    3.3313363395e+02    |    3.5026733434e+02    |
| 0.03143 |    3.9186229803e-07    |    3.4983606203e+02    |    3.6694804333e+02    |
| 0.03286 |    3.9184394140e-07    |    3.6653669568e+02    |    3.8362892578e+02    |
| 0.03429 |    3.9182472894e-07    |    3.8323579874e+02    |    4.0030998666e+02    |
| 0.03571 |    3.9180466071e-07    |    3.9993359152e+02    |    4.1699123046e+02    |
| 0.03714 |    3.9178373680e-07    |    4.1663025942e+02    |    4.3367266124e+02    |
| 0.03857 |    3.9176195724e-07    |    4.3332595959e+02    |    4.5035428255e+02    |
| 0.04000 |    3.9173932209e-07    |    4.5002082603e+02    |    4.6703609746e+02    |
| 0.04143 |    3.9171583139e-07    |    4.6671497364e+02    |    4.8371810849e+02    |
| 0.04286 |    3.9169148518e-07    |    4.8340850142e+02    |    5.0040031764e+02    |
| 0.04429 |    3.9166628350e-07    |    5.0010149503e+02    |    5.1708272633e+02    |
| 0.04571 |    3.9164022636e-07    |    5.1679402883e+02    |    5.3376533542e+02    |
| 0.04714 |    3.9161331381e-07    |    5.3348616755e+02    |    5.5044814515e+02    |
| 0.04857 |    3.9158554587e-07    |    5.5017796762e+02    |    5.6713115514e+02    |
| 0.05000 |    3.9155692255e-07    |    5.6686947834e+02    |    5.8381436439e+02    |
| 0.05143 |    3.9152744388e-07    |    5.8356074274e+02    |    6.0049777122e+02    |
| 0.05286 |    3.9149710988e-07    |    6.0025179839e+02    |    6.1718137328e+02    |
| 0.05429 |    3.9146592056e-07    |    6.1694267798e+02    |    6.3386516753e+02    |
| 0.05571 |    3.9143387595e-07    |    6.3363340992e+02    |    6.5054915020e+02    |
| 0.05714 |    3.9140097605e-07    |    6.5032401873e+02    |    6.6723331678e+02    |
| 0.05857 |    3.9136722089e-07    |    6.6701452545e+02    |    6.8391766204e+02    |
| 0.06000 |    3.9133261048e-07    |    6.8370494793e+02    |    7.0060217993e+02    |
| 0.06143 |    3.9129714484e-07    |    7.0039530114e+02    |    7.1728686362e+02    |
| 0.06286 |    3.9126082398e-07    |    7.1708559738e+02    |    7.3397170549e+02    |
| 0.06429 |    3.9122364792e-07    |    7.3377584644e+02    |    7.5065669705e+02    |
| 0.06571 |    3.9118561667e-07    |    7.5046605584e+02    |    7.6734182899e+02    |
| 0.06714 |    3.9114673026e-07    |    7.6715623091e+02    |    7.8402709110e+02    |
| 0.06857 |    3.9110698870e-07    |    7.8384637496e+02    |    8.0071247231e+02    |
| 0.07000 |    3.9106639202e-07    |    8.0053648934e+02    |    8.1739796060e+02    |
| 0.07143 |    3.9102494022e-07    |    8.1722657354e+02    |    8.3408354306e+02    |
| 0.07286 |    3.9098263335e-07    |    8.3391662532e+02    |    8.5076920581e+02    |
| 0.07429 |    3.9093947141e-07    |    8.5060664069e+02    |    8.6745493399e+02    |
| 0.07571 |    3.9089545443e-07    |    8.6729661402e+02    |    8.8414071179e+02    |
| 0.07714 |    3.9085058245e-07    |    8.8398653808e+02    |    9.0082652235e+02    |
| 0.07857 |    3.9080485548e-07    |    9.0067640406e+02    |    9.1751234781e+02    |
| 0.08000 |    3.9075827357e-07    |    9.1736620162e+02    |    9.3419816926e+02    |
| 0.08143 |    3.9071083674e-07    |    9.3405591894e+02    |    9.5088396671e+02    |
| 0.08286 |    3.9066254502e-07    |    9.5074554267e+02    |    9.6756971911e+02    |
| 0.08429 |    3.9061339846e-07    |    9.6743505802e+02    |    9.8425540429e+02    |
| 0.08571 |    3.9056339709e-07    |    9.8412444874e+02    |    1.0009409990e+03    |
| 0.08714 |    3.9051254096e-07    |    1.0008136972e+03    |    1.0176264787e+03    |
| 0.08857 |    3.9046083012e-07    |    1.0175027842e+03    |    1.0343118179e+03    |
| 0.09000 |    3.9040826460e-07    |    1.0341916892e+03    |    1.0509969897e+03    |
| 0.09143 |    3.9035484446e-07    |    1.0508803903e+03    |    1.0676819663e+03    |
| 0.09286 |    3.9030056976e-07    |    1.0675688640e+03    |    1.0843667184e+03    |
| 0.09429 |    3.9024544056e-07    |    1.0842570856e+03    |    1.1010512156e+03    |
| 0.09571 |    3.9018945690e-07    |    1.1009450288e+03    |    1.1177354262e+03    |
| 0.09714 |    3.9013261887e-07    |    1.1176326660e+03    |    1.1344193172e+03    |
| 0.09857 |    3.9007492653e-07    |    1.1343199679e+03    |    1.1511028544e+03    |
| 0.10000 |    3.9001637994e-07    |    1.1510069042e+03    |    1.1677860021e+03    |
| 0.10143 |    3.8995697920e-07    |    1.1676934427e+03    |    1.1844687235e+03    |
| 0.10286 |    3.8989672437e-07    |    1.1843795500e+03    |    1.2011509803e+03    |
| 0.10429 |    3.8983561554e-07    |    1.2010651913e+03    |    1.2178327329e+03    |
| 0.10571 |    3.8977365280e-07    |    1.2177503300e+03    |    1.2345139402e+03    |
| 0.10714 |    3.8971083625e-07    |    1.2344349283e+03    |    1.2511945597e+03    |
| 0.10857 |    3.8964716599e-07    |    1.2511189467e+03    |    1.2678745477e+03    |
| 0.11000 |    3.8958264211e-07    |    1.2678023445e+03    |    1.2845538587e+03    |
| 0.11143 |    3.8951726473e-07    |    1.2844850791e+03    |    1.3012324460e+03    |
| 0.11286 |    3.8945103396e-07    |    1.3011671065e+03    |    1.3179102613e+03    |
| 0.11429 |    3.8938394992e-07    |    1.3178483813e+03    |    1.3345872549e+03    |
| 0.11571 |    3.8931601273e-07    |    1.3345288564e+03    |    1.3512633753e+03    |
| 0.11714 |    3.8924722253e-07    |    1.3512084830e+03    |    1.3679385697e+03    |
| 0.11857 |    3.8917757945e-07    |    1.3678872110e+03    |    1.3846127838e+03    |
| 0.12000 |    3.8910708364e-07    |    1.3845649883e+03    |    1.4012859616e+03    |
| 0.12143 |    3.8903573524e-07    |    1.4012417616e+03    |    1.4179580453e+03    |
| 0.12286 |    3.8896353441e-07    |    1.4179174757e+03    |    1.4346289758e+03    |
| 0.12429 |    3.8889048131e-07    |    1.4345920738e+03    |    1.4512986923e+03    |
| 0.12571 |    3.8881657611e-07    |    1.4512654973e+03    |    1.4679671322e+03    |
| 0.12714 |    3.8874181898e-07    |    1.4679376862e+03    |    1.4846342313e+03    |
| 0.12857 |    3.8866621011e-07    |    1.4846085786e+03    |    1.5012999237e+03    |
| 0.13000 |    3.8858974968e-07    |    1.5012781109e+03    |    1.5179641419e+03    |
| 0.13143 |    3.8851243790e-07    |    1.5179462178e+03    |    1.5346268164e+03    |
| 0.13286 |    3.8843427496e-07    |    1.5346128321e+03    |    1.5512878763e+03    |
| 0.13429 |    3.8835526109e-07    |    1.5512778852e+03    |    1.5679472486e+03    |
| 0.13571 |    3.8827539649e-07    |    1.5679413062e+03    |    1.5846048588e+03    |
| 0.13714 |    3.8819468141e-07    |    1.5846030228e+03    |    1.6012606303e+03    |
| 0.13857 |    3.8811311607e-07    |    1.6012629607e+03    |    1.6179144848e+03    |
| 0.14000 |    3.8803070072e-07    |    1.6179210439e+03    |    1.6345663424e+03    |
| 0.14143 |    3.8794743561e-07    |    1.6345771943e+03    |    1.6512161210e+03    |
| 0.14286 |    3.8786332101e-07    |    1.6512313322e+03    |    1.6678637367e+03    |
| 0.14429 |    3.8777835720e-07    |    1.6678833758e+03    |    1.6845091038e+03    |
| 0.14571 |    3.8769254444e-07    |    1.6845332416e+03    |    1.7011521346e+03    |
| 0.14714 |    3.8760588304e-07    |    1.7011808440e+03    |    1.7177927395e+03    |
| 0.14857 |    3.8751837329e-07    |    1.7178260955e+03    |    1.7344308270e+03    |
| 0.15000 |    3.8743001551e-07    |    1.7344689068e+03    |    1.7510663035e+03    |
| 0.15143 |    3.8734081000e-07    |    1.7511091863e+03    |    1.7676990736e+03    |
| 0.15286 |    3.8725075712e-07    |    1.7677468407e+03    |    1.7843290396e+03    |
| 0.15429 |    3.8715985719e-07    |    1.7843817747e+03    |    1.8009561022e+03    |
| 0.15571 |    3.8706811057e-07    |    1.8010138907e+03    |    1.8175801596e+03    |
| 0.15714 |    3.8697551762e-07    |    1.8176430893e+03    |    1.8342011082e+03    |
| 0.15857 |    3.8688207872e-07    |    1.8342692690e+03    |    1.8508188424e+03    |
| 0.16000 |    3.8678779426e-07    |    1.8508923262e+03    |    1.8674332543e+03    |
| 0.16143 |    3.8669266462e-07    |    1.8675121552e+03    |    1.8840442340e+03    |
| 0.16286 |    3.8659669022e-07    |    1.8841286481e+03    |    1.9006516694e+03    |
| 0.16429 |    3.8649987148e-07    |    1.9007416951e+03    |    1.9172554464e+03    |
| 0.16571 |    3.8640220883e-07    |    1.9173511841e+03    |    1.9338554485e+03    |
| 0.16714 |    3.8630370272e-07    |    1.9339570009e+03    |    1.9504515573e+03    |
| 0.16857 |    3.8620435361e-07    |    1.9505590290e+03    |    1.9670436520e+03    |
| 0.17000 |    3.8610416196e-07    |    1.9671571499e+03    |    1.9836316097e+03    |
| 0.17143 |    3.8600312827e-07    |    1.9837512427e+03    |    2.0002153052e+03    |
| 0.17286 |    3.8590125304e-07    |    2.0003411844e+03    |    2.0167946110e+03    |
| 0.17429 |    3.8579853676e-07    |    2.0169268497e+03    |    2.0333693974e+03    |
| 0.17571 |    3.8569497997e-07    |    2.0335081112e+03    |    2.0499395326e+03    |
| 0.17714 |    3.8559058321e-07    |    2.0500848389e+03    |    2.0665048822e+03    |
| 0.17857 |    3.8548534703e-07    |    2.0666569009e+03    |    2.0830653096e+03    |
| 0.18000 |    3.8537927200e-07    |    2.0832241626e+03    |    2.0996206759e+03    |
| 0.18143 |    3.8527235870e-07    |    2.0997864874e+03    |    2.1161708399e+03    |
| 0.18286 |    3.8516460773e-07    |    2.1163437362e+03    |    2.1327156580e+03    |
| 0.18429 |    3.8505601970e-07    |    2.1328957675e+03    |    2.1492549841e+03    |
| 0.18571 |    3.8494659525e-07    |    2.1494424377e+03    |    2.1657886698e+03    |
| 0.18714 |    3.8483633501e-07    |    2.1659836004e+03    |    2.1823165644e+03    |
| 0.18857 |    3.8472523965e-07    |    2.1825191072e+03    |    2.1988385147e+03    |
| 0.19000 |    3.8461330984e-07    |    2.1990488070e+03    |    2.2153543649e+03    |
| 0.19143 |    3.8450054628e-07    |    2.2155725465e+03    |    2.2318639570e+03    |
| 0.19286 |    3.8438694968e-07    |    2.2320901697e+03    |    2.2483671304e+03    |
| 0.19429 |    3.8427252076e-07    |    2.2486015183e+03    |    2.2648637219e+03    |
| 0.19571 |    3.8415726026e-07    |    2.2651064316e+03    |    2.2813535661e+03    |
| 0.19714 |    3.8404116896e-07    |    2.2816047461e+03    |    2.2978364948e+03    |
| 0.19857 |    3.8392424762e-07    |    2.2980962962e+03    |    2.3143123374e+03    |
| 0.20000 |    3.8380649705e-07    |    2.3145809135e+03    |    2.3307809208e+03    |
| 0.20143 |    3.8368791805e-07    |    2.3310584271e+03    |    2.3472420693e+03    |
| 0.20286 |    3.8356851148e-07    |    2.3475286636e+03    |    2.3636956045e+03    |
| 0.20429 |    3.8344827817e-07    |    2.3639914471e+03    |    2.3801413456e+03    |
| 0.20571 |    3.8332721900e-07    |    2.3804465990e+03    |    2.3965791090e+03    |
| 0.20714 |    3.8320533486e-07    |    2.3968939381e+03    |    2.4130087089e+03    |
| 0.20857 |    3.8308262666e-07    |    2.4133332809e+03    |    2.4294299563e+03    |
| 0.21000 |    3.8295909533e-07    |    2.4297644408e+03    |    2.4458426600e+03    |
| 0.21143 |    3.8283474183e-07    |    2.4461872289e+03    |    2.4622466259e+03    |
| 0.21286 |    3.8270956712e-07    |    2.4626014536e+03    |    2.4786416574e+03    |
| 0.21429 |    3.8258357219e-07    |    2.4790069206e+03    |    2.4950275552e+03    |
| 0.21571 |    3.8245675805e-07    |    2.4954034330e+03    |    2.5114041172e+03    |
| 0.21714 |    3.8232912575e-07    |    2.5117907910e+03    |    2.5277711386e+03    |
| 0.21857 |    3.8220067633e-07    |    2.5281687925e+03    |    2.5441284120e+03    |
| 0.22000 |    3.8207141088e-07    |    2.5445372323e+03    |    2.5604757272e+03    |
| 0.22143 |    3.8194133048e-07    |    2.5608959028e+03    |    2.5768128714e+03    |
| 0.22286 |    3.8181043627e-07    |    2.5772445934e+03    |    2.5931396287e+03    |
| 0.22429 |    3.8167872937e-07    |    2.5935830909e+03    |    2.6094557809e+03    |
| 0.22571 |    3.8154621097e-07    |    2.6099111794e+03    |    2.6257611066e+03    |
| 0.22714 |    3.8141288225e-07    |    2.6262286401e+03    |    2.6420553819e+03    |
| 0.22857 |    3.8127874441e-07    |    2.6425352516e+03    |    2.6583383801e+03    |
| 0.23000 |    3.8114379871e-07    |    2.6588307895e+03    |    2.6746098715e+03    |
| 0.23143 |    3.8100804639e-07    |    2.6751150267e+03    |    2.6908696237e+03    |
| 0.23286 |    3.8087148874e-07    |    2.6913877335e+03    |    2.7071174015e+03    |
| 0.23429 |    3.8073412707e-07    |    2.7076486770e+03    |    2.7233529669e+03    |
| 0.23571 |    3.8059596271e-07    |    2.7238976217e+03    |    2.7395760789e+03    |
| 0.23714 |    3.8045699702e-07    |    2.7401343293e+03    |    2.7557864938e+03    |
| 0.23857 |    3.8031723139e-07    |    2.7563585587e+03    |    2.7719839649e+03    |
| 0.24000 |    3.8017666722e-07    |    2.7725700656e+03    |    2.7881682429e+03    |
| 0.24143 |    3.8003530594e-07    |    2.7887686033e+03    |    2.8043390752e+03    |
| 0.24286 |    3.7989314903e-07    |    2.8049539219e+03    |    2.8204962068e+03    |
| 0.24429 |    3.7975019795e-07    |    2.8211257688e+03    |    2.8366393794e+03    |
| 0.24571 |    3.7960645424e-07    |    2.8372838884e+03    |    2.8527683319e+03    |
| 0.24714 |    3.7946191943e-07    |    2.8534280222e+03    |    2.8688828005e+03    |
| 0.24857 |    3.7931659508e-07    |    2.8695579091e+03    |    2.8849825183e+03    |
| 0.25000 |    3.7917048280e-07    |    2.8856732846e+03    |    2.9010672154e+03    |
| 0.25143 |    3.7902358420e-07    |    2.9017738817e+03    |    2.9171366191e+03    |
| 0.25286 |    3.7887590094e-07    |    2.9178594302e+03    |    2.9331904539e+03    |
| 0.25429 |    3.7872743469e-07    |    2.9339296572e+03    |    2.9492284410e+03    |
| 0.25571 |    3.7857818718e-07    |    2.9499842867e+03    |    2.9652502990e+03    |
| 0.25714 |    3.7842816012e-07    |    2.9660230398e+03    |    2.9812557433e+03    |
| 0.25857 |    3.7827735529e-07    |    2.9820456348e+03    |    2.9972444865e+03    |
| 0.26000 |    3.7812577449e-07    |    2.9980517868e+03    |    3.0132162381e+03    |
| 0.26143 |    3.7797341954e-07    |    3.0140412081e+03    |    3.0291707049e+03    |
| 0.26286 |    3.7782029229e-07    |    3.0300136080e+03    |    3.0451075904e+03    |
| 0.26429 |    3.7766639463e-07    |    3.0459686930e+03    |    3.0610265954e+03    |
| 0.26571 |    3.7751172848e-07    |    3.0619061663e+03    |    3.0769274175e+03    |
| 0.26714 |    3.7735629579e-07    |    3.0778257285e+03    |    3.0928097514e+03    |
| 0.26857 |    3.7720009852e-07    |    3.0937270770e+03    |    3.1086732890e+03    |
| 0.27000 |    3.7704313871e-07    |    3.1096099062e+03    |    3.1245177189e+03    |
| 0.27143 |    3.7688541837e-07    |    3.1254739077e+03    |    3.1403427270e+03    |
| 0.27286 |    3.7672693960e-07    |    3.1413187700e+03    |    3.1561479961e+03    |
| 0.27429 |    3.7656770448e-07    |    3.1571441787e+03    |    3.1719332059e+03    |
| 0.27571 |    3.7640771517e-07    |    3.1729498163e+03    |    3.1876980333e+03    |
| 0.27714 |    3.7624697383e-07    |    3.1887353624e+03    |    3.2034421521e+03    |
| 0.27857 |    3.7608548267e-07    |    3.2045004937e+03    |    3.2191652332e+03    |
| 0.28000 |    3.7592324392e-07    |    3.2202448837e+03    |    3.2348669444e+03    |
| 0.28143 |    3.7576025986e-07    |    3.2359682031e+03    |    3.2505469506e+03    |
| 0.28286 |    3.7559653278e-07    |    3.2516701197e+03    |    3.2662049137e+03    |
| 0.28429 |    3.7543206504e-07    |    3.2673502980e+03    |    3.2818404926e+03    |
| 0.28571 |    3.7526685899e-07    |    3.2830083998e+03    |    3.2974533433e+03    |
| 0.28714 |    3.7510091706e-07    |    3.2986440839e+03    |    3.3130431186e+03    |
| 0.28857 |    3.7493424168e-07    |    3.3142570060e+03    |    3.3286094687e+03    |
| 0.29000 |    3.7476683532e-07    |    3.3298468190e+03    |    3.3441520404e+03    |
| 0.29143 |    3.7459870052e-07    |    3.3454131726e+03    |    3.3596704779e+03    |
| 0.29286 |    3.7442983980e-07    |    3.3609557137e+03    |    3.3751644222e+03    |
| 0.29429 |    3.7426025577e-07    |    3.3764740864e+03    |    3.3906335114e+03    |
| 0.29571 |    3.7408995103e-07    |    3.3919679315e+03    |    3.4060773808e+03    |
| 0.29714 |    3.7391892825e-07    |    3.4074368870e+03    |    3.4214956626e+03    |
| 0.29857 |    3.7374719012e-07    |    3.4228805881e+03    |    3.4368879860e+03    |
| 0.30000 |    3.7357473938e-07    |    3.4382986669e+03    |    3.4522539775e+03    |
| 0.30143 |    3.7340157879e-07    |    3.4536907527e+03    |    3.4675932604e+03    |
| 0.30286 |    3.7322771116e-07    |    3.4690564717e+03    |    3.4829054554e+03    |
| 0.30429 |    3.7305313933e-07    |    3.4843954473e+03    |    3.4981901800e+03    |
| 0.30571 |    3.7287786619e-07    |    3.4997073000e+03    |    3.5134470489e+03    |
| 0.30714 |    3.7270189465e-07    |    3.5149916474e+03    |    3.5286756740e+03    |
| 0.30857 |    3.7252522768e-07    |    3.5302481042e+03    |    3.5438756642e+03    |
| 0.31000 |    3.7234786827e-07    |    3.5454762823e+03    |    3.5590466257e+03    |
| 0.31143 |    3.7216981945e-07    |    3.5606757905e+03    |    3.5741881615e+03    |
| 0.31286 |    3.7199108431e-07    |    3.5758462350e+03    |    3.5892998722e+03    |
| 0.31429 |    3.7181166596e-07    |    3.5909872191e+03    |    3.6043813552e+03    |
| 0.31571 |    3.7163156755e-07    |    3.6060983431e+03    |    3.6194322053e+03    |
| 0.31714 |    3.7145079227e-07    |    3.6211792047e+03    |    3.6344520144e+03    |
| 0.31857 |    3.7126934337e-07    |    3.6362293987e+03    |    3.6494403716e+03    |
| 0.32000 |    3.7108722411e-07    |    3.6512485171e+03    |    3.6643968632e+03    |
| 0.32143 |    3.7090443781e-07    |    3.6662361490e+03    |    3.6793210728e+03    |
| 0.32286 |    3.7072098782e-07    |    3.6811918811e+03    |    3.6942125813e+03    |
| 0.32429 |    3.7053687755e-07    |    3.6961152968e+03    |    3.7090709667e+03    |
| 0.32571 |    3.7035211043e-07    |    3.7110059774e+03    |    3.7238958043e+03    |
| 0.32714 |    3.7016668993e-07    |    3.7258635009e+03    |    3.7386866669e+03    |
| 0.32857 |    3.6998061959e-07    |    3.7406874429e+03    |    3.7534431244e+03    |
| 0.33000 |    3.6979390295e-07    |    3.7554773764e+03    |    3.7681647442e+03    |
| 0.33143 |    3.6960654363e-07    |    3.7702328714e+03    |    3.7828510909e+03    |
| 0.33286 |    3.6941854528e-07    |    3.7849534957e+03    |    3.7975017266e+03    |
| 0.33429 |    3.6922991157e-07    |    3.7996388140e+03    |    3.8121162106e+03    |
| 0.33571 |    3.6904064624e-07    |    3.8142883887e+03    |    3.8266940999e+03    |
| 0.33714 |    3.6885075307e-07    |    3.8289017796e+03    |    3.8412349488e+03    |
| 0.33857 |    3.6866023587e-07    |    3.8434785438e+03    |    3.8557383090e+03    |
| 0.34000 |    3.6846909850e-07    |    3.8580182359e+03    |    3.8702037297e+03    |
| 0.34143 |    3.6827734486e-07    |    3.8725204081e+03    |    3.8846307576e+03    |
| 0.34286 |    3.6808497890e-07    |    3.8869846099e+03    |    3.8990189371e+03    |
| 0.34429 |    3.6789200460e-07    |    3.9014103885e+03    |    3.9133678099e+03    |
| 0.34571 |    3.6769842600e-07    |    3.9157972885e+03    |    3.9276769155e+03    |
| 0.34714 |    3.6750424718e-07    |    3.9301448522e+03    |    3.9419457908e+03    |
| 0.34857 |    3.6730947226e-07    |    3.9444526195e+03    |    3.9561739704e+03    |
| 0.35000 |    3.6711410539e-07    |    3.9587201278e+03    |    3.9703609868e+03    |
| 0.35143 |    3.6691815080e-07    |    3.9729469122e+03    |    3.9845063697e+03    |
| 0.35286 |    3.6672161272e-07    |    3.9871325057e+03    |    3.9986096470e+03    |
| 0.35429 |    3.6652449547e-07    |    4.0012764386e+03    |    4.0126703440e+03    |
| 0.35571 |    3.6632680337e-07    |    4.0153782393e+03    |    4.0266879840e+03    |
| 0.35714 |    3.6612854082e-07    |    4.0294374338e+03    |    4.0406620880e+03    |
| 0.35857 |    3.6592971225e-07    |    4.0434535459e+03    |    4.0545921748e+03    |
| 0.36000 |    3.6573032213e-07    |    4.0574260974e+03    |    4.0684777612e+03    |
| 0.36143 |    3.6553037499e-07    |    4.0713546077e+03    |    4.0823183618e+03    |
| 0.36286 |    3.6532987538e-07    |    4.0852385942e+03    |    4.0961134892e+03    |
| 0.36429 |    3.6512882793e-07    |    4.0990775723e+03    |    4.1098626538e+03    |
| 0.36571 |    3.6492723729e-07    |    4.1128710554e+03    |    4.1235653643e+03    |
| 0.36714 |    3.6472510815e-07    |    4.1266185547e+03    |    4.1372211272e+03    |
| 0.36857 |    3.6452244527e-07    |    4.1403195796e+03    |    4.1508294471e+03    |
| 0.37000 |    3.6431925344e-07    |    4.1539736376e+03    |    4.1643898269e+03    |
| 0.37143 |    3.6411553750e-07    |    4.1675802341e+03    |    4.1779017675e+03    |
| 0.37286 |    3.6391130233e-07    |    4.1811388728e+03    |    4.1913647680e+03    |
| 0.37429 |    3.6370655286e-07    |    4.1946490556e+03    |    4.2047783258e+03    |
| 0.37571 |    3.6350129406e-07    |    4.2081102825e+03    |    4.2181419365e+03    |
| 0.37714 |    3.6329553096e-07    |    4.2215220520e+03    |    4.2314550940e+03    |
| 0.37857 |    3.6308926861e-07    |    4.2348838606e+03    |    4.2447172907e+03    |
| 0.38000 |    3.6288251214e-07    |    4.2481952034e+03    |    4.2579280172e+03    |
| 0.38143 |    3.6267526670e-07    |    4.2614555738e+03    |    4.2710867627e+03    |
| 0.38286 |    3.6246753749e-07    |    4.2746644635e+03    |    4.2841930149e+03    |
| 0.38429 |    3.6225932976e-07    |    4.2878213628e+03    |    4.2972462598e+03    |
| 0.38571 |    3.6205064882e-07    |    4.3009257607e+03    |    4.3102459822e+03    |
| 0.38714 |    3.6184149998e-07    |    4.3139771444e+03    |    4.3231916656e+03    |
| 0.38857 |    3.6163188865e-07    |    4.3269749999e+03    |    4.3360827919e+03    |
| 0.39000 |    3.6142182026e-07    |    4.3399188119e+03    |    4.3489188418e+03    |
| 0.39143 |    3.6121130028e-07    |    4.3528080638e+03    |    4.3616992950e+03    |
| 0.39286 |    3.6100033424e-07    |    4.3656422377e+03    |    4.3744236298e+03    |
| 0.39429 |    3.6078892770e-07    |    4.3784208145e+03    |    4.3870913233e+03    |
| 0.39571 |    3.6057708628e-07    |    4.3911432740e+03    |    4.3997018518e+03    |
| 0.39714 |    3.6036481564e-07    |    4.4038090949e+03    |    4.4122546902e+03    |
| 0.39857 |    3.6015212148e-07    |    4.4164177547e+03    |    4.4247493129e+03    |
| 0.40000 |    3.5993900956e-07    |    4.4289687303e+03    |    4.4371851929e+03    |
| 0.40143 |    3.5972548567e-07    |    4.4414614973e+03    |    4.4495618027e+03    |
| 0.40286 |    3.5951155564e-07    |    4.4538955305e+03    |    4.4618786138e+03    |
| 0.40429 |    3.5929722538e-07    |    4.4662703040e+03    |    4.4741350969e+03    |
| 0.40571 |    3.5908250080e-07    |    4.4785852910e+03    |    4.4863307222e+03    |
| 0.40714 |    3.5886738789e-07    |    4.4908399642e+03    |    4.4984649591e+03    |
| 0.40857 |    3.5865189265e-07    |    4.5030337952e+03    |    4.5105372766e+03    |
| 0.41000 |    3.5843602117e-07    |    4.5151662556e+03    |    4.5225471429e+03    |
| 0.41143 |    3.5821977954e-07    |    4.5272368159e+03    |    4.5344940259e+03    |
| 0.41286 |    3.5800317392e-07    |    4.5392449466e+03    |    4.5463773932e+03    |
| 0.41429 |    3.5778621051e-07    |    4.5511901174e+03    |    4.5581967119e+03    |
| 0.41571 |    3.5756889555e-07    |    4.5630717979e+03    |    4.5699514490e+03    |
| 0.41714 |    3.5735123533e-07    |    4.5748894572e+03    |    4.5816410710e+03    |
| 0.41857 |    3.5713323617e-07    |    4.5866425645e+03    |    4.5932650446e+03    |
| 0.42000 |    3.5691490444e-07    |    4.5983305885e+03    |    4.6048228362e+03    |
| 0.42143 |    3.5669624656e-07    |    4.6099529980e+03    |    4.6163139122e+03    |
| 0.42286 |    3.5647726900e-07    |    4.6215092616e+03    |    4.6277377391e+03    |
| 0.42429 |    3.5625797824e-07    |    4.6329988481e+03    |    4.6390937836e+03    |
| 0.42571 |    3.5603838084e-07    |    4.6444212263e+03    |    4.6503815124e+03    |
| 0.42714 |    3.5581848338e-07    |    4.6557758653e+03    |    4.6616003927e+03    |
| 0.42857 |    3.5559829248e-07    |    4.6670622343e+03    |    4.6727498917e+03    |
| 0.43000 |    3.5537781483e-07    |    4.6782798028e+03    |    4.6838294774e+03    |
| 0.43143 |    3.5515705712e-07    |    4.6894280408e+03    |    4.6948386179e+03    |
| 0.43286 |    3.5493602612e-07    |    4.7005064186e+03    |    4.7057767822e+03    |
| 0.43429 |    3.5471472861e-07    |    4.7115144073e+03    |    4.7166434395e+03    |
| 0.43571 |    3.5449317143e-07    |    4.7224514782e+03    |    4.7274380601e+03    |
| 0.43714 |    3.5427136145e-07    |    4.7333171036e+03    |    4.7381601148e+03    |
| 0.43857 |    3.5404930559e-07    |    4.7441107564e+03    |    4.7488090753e+03    |
| 0.44000 |    3.5382701081e-07    |    4.7548319104e+03    |    4.7593844143e+03    |
| 0.44143 |    3.5360448410e-07    |    4.7654800401e+03    |    4.7698856055e+03    |
| 0.44286 |    3.5338173248e-07    |    4.7760546213e+03    |    4.7803121236e+03    |
| 0.44429 |    3.5315876304e-07    |    4.7865551305e+03    |    4.7906634444e+03    |
| 0.44571 |    3.5293558288e-07    |    4.7969810456e+03    |    4.8009390450e+03    |
| 0.44714 |    3.5271219915e-07    |    4.8073318457e+03    |    4.8111384039e+03    |
| 0.44857 |    3.5248861904e-07    |    4.8176070109e+03    |    4.8212610009e+03    |
| 0.45000 |    3.5226484976e-07    |    4.8278060231e+03    |    4.8313063172e+03    |
| 0.45143 |    3.5204089859e-07    |    4.8379283652e+03    |    4.8412738358e+03    |
| 0.45286 |    3.5181677281e-07    |    4.8479735221e+03    |    4.8511630411e+03    |
| 0.45429 |    3.5159247977e-07    |    4.8579409799e+03    |    4.8609734193e+03    |
| 0.45571 |    3.5136802681e-07    |    4.8678302266e+03    |    4.8707044584e+03    |
| 0.45714 |    3.5114342136e-07    |    4.8776407521e+03    |    4.8803556484e+03    |
| 0.45857 |    3.5091867085e-07    |    4.8873720480e+03    |    4.8899264813e+03    |
| 0.46000 |    3.5069378274e-07    |    4.8970236079e+03    |    4.8994164508e+03    |
| 0.46143 |    3.5046876455e-07    |    4.9065949275e+03    |    4.9088250533e+03    |
| 0.46286 |    3.5024362382e-07    |    4.9160855045e+03    |    4.9181517871e+03    |
| 0.46429 |    3.5001836811e-07    |    4.9254948389e+03    |    4.9273961529e+03    |
| 0.46571 |    3.4979300503e-07    |    4.9348224331e+03    |    4.9365576538e+03    |
| 0.46714 |    3.4956754223e-07    |    4.9440677918e+03    |    4.9456357955e+03    |
| 0.46857 |    3.4934198736e-07    |    4.9532304222e+03    |    4.9546300862e+03    |
| 0.47000 |    3.4911634812e-07    |    4.9623098341e+03    |    4.9635400370e+03    |
| 0.47143 |    3.4889063224e-07    |    4.9713055400e+03    |    4.9723651615e+03    |
| 0.47286 |    3.4866484749e-07    |    4.9802170550e+03    |    4.9811049763e+03    |
| 0.47429 |    3.4843900165e-07    |    4.9890438973e+03    |    4.9897590012e+03    |
| 0.47571 |    3.4821310253e-07    |    4.9977855879e+03    |    4.9983267587e+03    |
| 0.47714 |    3.4798715798e-07    |    5.0064416509e+03    |    5.0068077746e+03    |
| 0.47857 |    3.4776117587e-07    |    5.0150116135e+03    |    5.0152015782e+03    |
| 0.48000 |    3.4753516410e-07    |    5.0234950062e+03    |    5.0235077017e+03    |
| 0.48143 |    3.4730913059e-07    |    5.0318913626e+03    |    5.0317256812e+03    |
| 0.48286 |    3.4708308330e-07    |    5.0402002202e+03    |    5.0398550560e+03    |
| 0.48429 |    3.4685703019e-07    |    5.0484211195e+03    |    5.0478953692e+03    |
| 0.48571 |    3.4663097928e-07    |    5.0565536049e+03    |    5.0558461677e+03    |
| 0.48714 |    3.4640493858e-07    |    5.0645972246e+03    |    5.0637070022e+03    |
| 0.48857 |    3.4617891613e-07    |    5.0725515303e+03    |    5.0714774271e+03    |
| 0.49000 |    3.4595292001e-07    |    5.0804160779e+03    |    5.0791570013e+03    |
| 0.49143 |    3.4572695831e-07    |    5.0881904271e+03    |    5.0867452875e+03    |
| 0.49286 |    3.4550103913e-07    |    5.0958741420e+03    |    5.0942418526e+03    |
| 0.49429 |    3.4527517062e-07    |    5.1034667906e+03    |    5.1016462680e+03    |
| 0.49571 |    3.4504936091e-07    |    5.1109679454e+03    |    5.1089581096e+03    |
| 0.49714 |    3.4482361819e-07    |    5.1183771833e+03    |    5.1161769577e+03    |
| 0.49857 |    3.4459795064e-07    |    5.1256940856e+03    |    5.1233023972e+03    |
| 0.50000 |    3.4437236646e-07    |    5.1329182384e+03    |    5.1303340178e+03    |
| 0.50143 |    3.4414687388e-07    |    5.1400492322e+03    |    5.1372714141e+03    |
| 0.50286 |    3.4392148113e-07    |    5.1470866628e+03    |    5.1441141857e+03    |
| 0.50429 |    3.4369619647e-07    |    5.1540301305e+03    |    5.1508619370e+03    |
| 0.50571 |    3.4347102817e-07    |    5.1608792408e+03    |    5.1575142778e+03    |
| 0.50714 |    3.4324598451e-07    |    5.1676336044e+03    |    5.1640708231e+03    |
| 0.50857 |    3.4302107378e-07    |    5.1742928371e+03    |    5.1705311930e+03    |
| 0.51000 |    3.4279630429e-07    |    5.1808565600e+03    |    5.1768950136e+03    |
| 0.51143 |    3.4257168436e-07    |    5.1873243999e+03    |    5.1831619159e+03    |
| 0.51286 |    3.4234722231e-07    |    5.1936959888e+03    |    5.1893315372e+03    |
| 0.51429 |    3.4212292649e-07    |    5.1999709646e+03    |    5.1954035202e+03    |
| 0.51571 |    3.4189880523e-07    |    5.2061489708e+03    |    5.2013775135e+03    |
| 0.51714 |    3.4167486690e-07    |    5.2122296569e+03    |    5.2072531717e+03    |
| 0.51857 |    3.4145111985e-07    |    5.2182126783e+03    |    5.2130301557e+03    |
| 0.52000 |    3.4122757246e-07    |    5.2240976964e+03    |    5.2187081323e+03    |
| 0.52143 |    3.4100423309e-07    |    5.2298843789e+03    |    5.2242867748e+03    |
| 0.52286 |    3.4078111012e-07    |    5.2355723996e+03    |    5.2297657627e+03    |
| 0.52429 |    3.4055821194e-07    |    5.2411614388e+03    |    5.2351447822e+03    |
| 0.52571 |    3.4033554693e-07    |    5.2466511832e+03    |    5.2404235259e+03    |
| 0.52714 |    3.4011312347e-07    |    5.2520413263e+03    |    5.2456016934e+03    |
| 0.52857 |    3.3989094995e-07    |    5.2573315680e+03    |    5.2506789908e+03    |
| 0.53000 |    3.3966903475e-07    |    5.2625216152e+03    |    5.2556551312e+03    |
| 0.53143 |    3.3944738627e-07    |    5.2676111817e+03    |    5.2605298350e+03    |
| 0.53286 |    3.3922601289e-07    |    5.2725999881e+03    |    5.2653028293e+03    |
| 0.53429 |    3.3900492298e-07    |    5.2774877623e+03    |    5.2699738486e+03    |
| 0.53571 |    3.3878412493e-07    |    5.2822742394e+03    |    5.2745426349e+03    |
| 0.53714 |    3.3856362711e-07    |    5.2869591618e+03    |    5.2790089375e+03    |
| 0.53857 |    3.3834343788e-07    |    5.2915422792e+03    |    5.2833725130e+03    |
| 0.54000 |    3.3812356561e-07    |    5.2960233490e+03    |    5.2876331260e+03    |
| 0.54143 |    3.3790401864e-07    |    5.3004021362e+03    |    5.2917905487e+03    |
| 0.54286 |    3.3768480533e-07    |    5.3046784132e+03    |    5.2958445611e+03    |
| 0.54429 |    3.3746593401e-07    |    5.3088519608e+03    |    5.2997949511e+03    |
| 0.54571 |    3.3724741300e-07    |    5.3129225672e+03    |    5.3036415147e+03    |
| 0.54714 |    3.3702925062e-07    |    5.3168900290e+03    |    5.3073840561e+03    |
| 0.54857 |    3.3681145517e-07    |    5.3207541507e+03    |    5.3110223876e+03    |
| 0.55000 |    3.3659403493e-07    |    5.3245147451e+03    |    5.3145563300e+03    |
| 0.55143 |    3.3637699818e-07    |    5.3281716334e+03    |    5.3179857123e+03    |
| 0.55286 |    3.3616035317e-07    |    5.3317246451e+03    |    5.3213103723e+03    |
| 0.55429 |    3.3594410815e-07    |    5.3351736183e+03    |    5.3245301561e+03    |
| 0.55571 |    3.3572827135e-07    |    5.3385183997e+03    |    5.3276449189e+03    |
| 0.55714 |    3.3551285096e-07    |    5.3417588448e+03    |    5.3306545243e+03    |
| 0.55857 |    3.3529785517e-07    |    5.3448948177e+03    |    5.3335588452e+03    |
| 0.56000 |    3.3508329215e-07    |    5.3479261916e+03    |    5.3363577633e+03    |
| 0.56143 |    3.3486917005e-07    |    5.3508528487e+03    |    5.3390511694e+03    |
| 0.56286 |    3.3465549698e-07    |    5.3536746802e+03    |    5.3416389635e+03    |
| 0.56429 |    3.3444228104e-07    |    5.3563915865e+03    |    5.3441210549e+03    |
| 0.56571 |    3.3422953030e-07    |    5.3590034774e+03    |    5.3464973621e+03    |
| 0.56714 |    3.3401725282e-07    |    5.3615102719e+03    |    5.3487678134e+03    |
| 0.56857 |    3.3380545662e-07    |    5.3639118986e+03    |    5.3509323464e+03    |
| 0.57000 |    3.3359414968e-07    |    5.3662082956e+03    |    5.3529909083e+03    |
| 0.57143 |    3.3338333997e-07    |    5.3683994105e+03    |    5.3549434560e+03    |
| 0.57286 |    3.3317303543e-07    |    5.3704852009e+03    |    5.3567899565e+03    |
| 0.57429 |    3.3296324397e-07    |    5.3724656341e+03    |    5.3585303863e+03    |
| 0.57571 |    3.3275397344e-07    |    5.3743406871e+03    |    5.3601647320e+03    |
| 0.57714 |    3.3254523170e-07    |    5.3761103470e+03    |    5.3616929903e+03    |
| 0.57857 |    3.3233702655e-07    |    5.3777746112e+03    |    5.3631151680e+03    |
| 0.58000 |    3.3212936575e-07    |    5.3793334868e+03    |    5.3644312820e+03    |
| 0.58143 |    3.3192225705e-07    |    5.3807869914e+03    |    5.3656413595e+03    |
| 0.58286 |    3.3171570814e-07    |    5.3821351529e+03    |    5.3667454383e+03    |
| 0.58429 |    3.3150972667e-07    |    5.3833780094e+03    |    5.3677435661e+03    |
| 0.58571 |    3.3130432027e-07    |    5.3845156096e+03    |    5.3686358017e+03    |
| 0.58714 |    3.3109949653e-07    |    5.3855480127e+03    |    5.3694222139e+03    |
| 0.58857 |    3.3089526296e-07    |    5.3864752883e+03    |    5.3701028825e+03    |
| 0.59000 |    3.3069162708e-07    |    5.3872975170e+03    |    5.3706778980e+03    |
| 0.59143 |    3.3048859634e-07    |    5.3880147897e+03    |    5.3711473613e+03    |
| 0.59286 |    3.3028617814e-07    |    5.3886272085e+03    |    5.3715113846e+03    |
| 0.59429 |    3.3008437984e-07    |    5.3891348861e+03    |    5.3717700906e+03    |
| 0.59571 |    3.2988320877e-07    |    5.3895379463e+03    |    5.3719236131e+03    |
| 0.59714 |    3.2968267219e-07    |    5.3898365236e+03    |    5.3719720970e+03    |
| 0.59857 |    3.2948277733e-07    |    5.3900307639e+03    |    5.3719156981e+03    |
| 0.60000 |    3.2928353134e-07    |    5.3901208240e+03    |    5.3717545834e+03    |
| 0.60143 |    3.2908494137e-07    |    5.3901068718e+03    |    5.3714889310e+03    |
| 0.60286 |    3.2888701446e-07    |    5.3899890866e+03    |    5.3711189303e+03    |
| 0.60429 |    3.2868975765e-07    |    5.3897676587e+03    |    5.3706447819e+03    |
| 0.60571 |    3.2849317789e-07    |    5.3894427901e+03    |    5.3700666976e+03    |
| 0.60714 |    3.2829728210e-07    |    5.3890146937e+03    |    5.3693849007e+03    |
| 0.60857 |    3.2810207712e-07    |    5.3884835941e+03    |    5.3685996260e+03    |
| 0.61000 |    3.2790756975e-07    |    5.3878497274e+03    |    5.3677111194e+03    |
| 0.61143 |    3.2771376674e-07    |    5.3871133408e+03    |    5.3667196385e+03    |
| 0.61286 |    3.2752067477e-07    |    5.3862746935e+03    |    5.3656254524e+03    |
| 0.61429 |    3.2732830045e-07    |    5.3853340559e+03    |    5.3644288415e+03    |
| 0.61571 |    3.2713665034e-07    |    5.3842917103e+03    |    5.3631300982e+03    |
| 0.61714 |    3.2694573096e-07    |    5.3831479503e+03    |    5.3617295260e+03    |
| 0.61857 |    3.2675554873e-07    |    5.3819030815e+03    |    5.3602274402e+03    |
| 0.62000 |    3.2656611004e-07    |    5.3805574208e+03    |    5.3586241679e+03    |
| 0.62143 |    3.2637742119e-07    |    5.3791112972e+03    |    5.3569200477e+03    |
| 0.62286 |    3.2618948843e-07    |    5.3775650511e+03    |    5.3551154297e+03    |
| 0.62429 |    3.2600231794e-07    |    5.3759190349e+03    |    5.3532106759e+03    |
| 0.62571 |    3.2581591584e-07    |    5.3741736126e+03    |    5.3512061601e+03    |
| 0.62714 |    3.2563028817e-07    |    5.3723291600e+03    |    5.3491022674e+03    |
| 0.62857 |    3.2544544090e-07    |    5.3703860648e+03    |    5.3468993949e+03    |
| 0.63000 |    3.2526137996e-07    |    5.3683447263e+03    |    5.3445979515e+03    |
| 0.63143 |    3.2507811117e-07    |    5.3662055557e+03    |    5.3421983573e+03    |
| 0.63286 |    3.2489564031e-07    |    5.3639689761e+03    |    5.3397010448e+03    |
| 0.63429 |    3.2471397306e-07    |    5.3616354223e+03    |    5.3371064575e+03    |
| 0.63571 |    3.2453311506e-07    |    5.3592053408e+03    |    5.3344150511e+03    |
| 0.63714 |    3.2435307186e-07    |    5.3566791901e+03    |    5.3316272927e+03    |
| 0.63857 |    3.2417384892e-07    |    5.3540574403e+03    |    5.3287436612e+03    |
| 0.64000 |    3.2399545165e-07    |    5.3513405734e+03    |    5.3257646469e+03    |
| 0.64143 |    3.2381788538e-07    |    5.3485290831e+03    |    5.3226907520e+03    |
| 0.64286 |    3.2364115535e-07    |    5.3456234747e+03    |    5.3195224900e+03    |
| 0.64429 |    3.2346526673e-07    |    5.3426242654e+03    |    5.3162603863e+03    |
| 0.64571 |    3.2329022462e-07    |    5.3395319840e+03    |    5.3129049775e+03    |
| 0.64714 |    3.2311603404e-07    |    5.3363471709e+03    |    5.3094568118e+03    |
| 0.64857 |    3.2294269991e-07    |    5.3330703784e+03    |    5.3059164489e+03    |
| 0.65000 |    3.2277022709e-07    |    5.3297021699e+03    |    5.3022844599e+03    |
| 0.65143 |    3.2259862036e-07    |    5.3262431208e+03    |    5.2985614271e+03    |
| 0.65286 |    3.2242788441e-07    |    5.3226938177e+03    |    5.2947479443e+03    |
| 0.65429 |    3.2225802385e-07    |    5.3190548589e+03    |    5.2908446164e+03    |
| 0.65571 |    3.2208904321e-07    |    5.3153268539e+03    |    5.2868520597e+03    |
| 0.65714 |    3.2192094694e-07    |    5.3115104236e+03    |    5.2827709014e+03    |
| 0.65857 |    3.2175373939e-07    |    5.3076062004e+03    |    5.2786017800e+03    |
| 0.66000 |    3.2158742484e-07    |    5.3036148277e+03    |    5.2743453448e+03    |
| 0.66143 |    3.2142200749e-07    |    5.2995369602e+03    |    5.2700022562e+03    |
| 0.66286 |    3.2125749144e-07    |    5.2953732635e+03    |    5.2655731853e+03    |
| 0.66429 |    3.2109388071e-07    |    5.2911244147e+03    |    5.2610588141e+03    |
| 0.66571 |    3.2093117924e-07    |    5.2867911013e+03    |    5.2564598354e+03    |
| 0.66714 |    3.2076939087e-07    |    5.2823740222e+03    |    5.2517769523e+03    |
| 0.66857 |    3.2060851936e-07    |    5.2778738867e+03    |    5.2470108786e+03    |
| 0.67000 |    3.2044856839e-07    |    5.2732914150e+03    |    5.2421623387e+03    |
| 0.67143 |    3.2028954153e-07    |    5.2686273380e+03    |    5.2372320671e+03    |
| 0.67286 |    3.2013144228e-07    |    5.2638823970e+03    |    5.2322208086e+03    |
| 0.67429 |    3.1997427405e-07    |    5.2590573438e+03    |    5.2271293180e+03    |
| 0.67571 |    3.1981804015e-07    |    5.2541529405e+03    |    5.2219583603e+03    |
| 0.67714 |    3.1966274380e-07    |    5.2491699596e+03    |    5.2167087105e+03    |
| 0.67857 |    3.1950838814e-07    |    5.2441091835e+03    |    5.2113811530e+03    |
| 0.68000 |    3.1935497622e-07    |    5.2389714047e+03    |    5.2059764821e+03    |
| 0.68143 |    3.1920251098e-07    |    5.2337574257e+03    |    5.2004955018e+03    |
| 0.68286 |    3.1905099529e-07    |    5.2284680586e+03    |    5.1949390252e+03    |
| 0.68429 |    3.1890043193e-07    |    5.2231041253e+03    |    5.1893078748e+03    |
| 0.68571 |    3.1875082356e-07    |    5.2176664572e+03    |    5.1836028823e+03    |
| 0.68714 |    3.1860217278e-07    |    5.2121558951e+03    |    5.1778248884e+03    |
| 0.68857 |    3.1845448208e-07    |    5.2065732889e+03    |    5.1719747425e+03    |
| 0.69000 |    3.1830775385e-07    |    5.2009194980e+03    |    5.1660533030e+03    |
| 0.69143 |    3.1816199042e-07    |    5.1951953905e+03    |    5.1600614365e+03    |
| 0.69286 |    3.1801719400e-07    |    5.1894018432e+03    |    5.1540000183e+03    |
| 0.69429 |    3.1787336670e-07    |    5.1835397420e+03    |    5.1478699317e+03    |
| 0.69571 |    3.1773051057e-07    |    5.1776099811e+03    |    5.1416720682e+03    |
| 0.69714 |    3.1758862753e-07    |    5.1716134629e+03    |    5.1354073274e+03    |
| 0.69857 |    3.1744771943e-07    |    5.1655510984e+03    |    5.1290766162e+03    |
| 0.70000 |    3.1730778803e-07    |    5.1594238063e+03    |    5.1226808494e+03    |
| 0.70143 |    3.1716883498e-07    |    5.1532325134e+03    |    5.1162209490e+03    |
| 0.70286 |    3.1703086184e-07    |    5.1469781541e+03    |    5.1096978444e+03    |
| 0.70429 |    3.1689387008e-07    |    5.1406616704e+03    |    5.1031124718e+03    |
| 0.70571 |    3.1675786108e-07    |    5.1342840115e+03    |    5.0964657743e+03    |
| 0.70714 |    3.1662283613e-07    |    5.1278461339e+03    |    5.0897587017e+03    |
| 0.70857 |    3.1648879642e-07    |    5.1213490011e+03    |    5.0829922100e+03    |
| 0.71000 |    3.1635574304e-07    |    5.1147935833e+03    |    5.0761672617e+03    |
| 0.71143 |    3.1622367700e-07    |    5.1081808573e+03    |    5.0692848252e+03    |
| 0.71286 |    3.1609259921e-07    |    5.1015118063e+03    |    5.0623458747e+03    |
| 0.71429 |    3.1596251048e-07    |    5.0947874198e+03    |    5.0553513900e+03    |
| 0.71571 |    3.1583341155e-07    |    5.0880086930e+03    |    5.0483023562e+03    |
| 0.71714 |    3.1570530305e-07    |    5.0811766272e+03    |    5.0411997637e+03    |
| 0.71857 |    3.1557818552e-07    |    5.0742922290e+03    |    5.0340446078e+03    |
| 0.72000 |    3.1545205940e-07    |    5.0673565107e+03    |    5.0268378884e+03    |
| 0.72143 |    3.1532692507e-07    |    5.0603704892e+03    |    5.0195806102e+03    |
| 0.72286 |    3.1520278277e-07    |    5.0533351869e+03    |    5.0122737816e+03    |
| 0.72429 |    3.1507963269e-07    |    5.0462516304e+03    |    5.0049184156e+03    |
| 0.72571 |    3.1495747491e-07    |    5.0391208510e+03    |    4.9975155286e+03    |
| 0.72714 |    3.1483630942e-07    |    5.0319438843e+03    |    4.9900661406e+03    |
| 0.72857 |    3.1471613612e-07    |    5.0247217696e+03    |    4.9825712749e+03    |
| 0.73000 |    3.1459695484e-07    |    5.0174555503e+03    |    4.9750319580e+03    |
| 0.73143 |    3.1447876528e-07    |    5.0101462730e+03    |    4.9674492189e+03    |
| 0.73286 |    3.1436156708e-07    |    5.0027949878e+03    |    4.9598240892e+03    |
| 0.73429 |    3.1424535979e-07    |    4.9954027478e+03    |    4.9521576031e+03    |
| 0.73571 |    3.1413014286e-07    |    4.9879706087e+03    |    4.9444507963e+03    |
| 0.73714 |    3.1401591566e-07    |    4.9804996291e+03    |    4.9367047065e+03    |
| 0.73857 |    3.1390267747e-07    |    4.9729908694e+03    |    4.9289203731e+03    |
| 0.74000 |    3.1379042748e-07    |    4.9654453925e+03    |    4.9210988364e+03    |
| 0.74143 |    3.1367916480e-07    |    4.9578642628e+03    |    4.9132411377e+03    |
| 0.74286 |    3.1356888845e-07    |    4.9502485462e+03    |    4.9053483191e+03    |
| 0.74429 |    3.1345959736e-07    |    4.9425993100e+03    |    4.8974214231e+03    |
| 0.74571 |    3.1335129038e-07    |    4.9349176225e+03    |    4.8894614922e+03    |
| 0.74714 |    3.1324396628e-07    |    4.9272045526e+03    |    4.8814695689e+03    |
| 0.74857 |    3.1313762373e-07    |    4.9194611697e+03    |    4.8734466952e+03    |
| 0.75000 |    3.1303226134e-07    |    4.9116885434e+03    |    4.8653939124e+03    |
| 0.75143 |    3.1292787761e-07    |    4.9038877434e+03    |    4.8573122609e+03    |
| 0.75286 |    3.1282447097e-07    |    4.8960598389e+03    |    4.8492027797e+03    |
| 0.75429 |    3.1272203979e-07    |    4.8882058984e+03    |    4.8410665063e+03    |
| 0.75571 |    3.1262058232e-07    |    4.8803269898e+03    |    4.8329044765e+03    |
| 0.75714 |    3.1252009675e-07    |    4.8724241796e+03    |    4.8247177237e+03    |
| 0.75857 |    3.1242058119e-07    |    4.8644985331e+03    |    4.8165072792e+03    |
| 0.76000 |    3.1232203368e-07    |    4.8565511136e+03    |    4.8082741713e+03    |
| 0.76143 |    3.1222445215e-07    |    4.8485829828e+03    |    4.8000194256e+03    |
| 0.76286 |    3.1212783449e-07    |    4.8405952000e+03    |    4.7917440642e+03    |
| 0.76429 |    3.1203217849e-07    |    4.8325888218e+03    |    4.7834491057e+03    |
| 0.76571 |    3.1193748187e-07    |    4.8245649023e+03    |    4.7751355651e+03    |
| 0.76714 |    3.1184374227e-07    |    4.8165244925e+03    |    4.7668044528e+03    |
| 0.76857 |    3.1175095726e-07    |    4.8084686400e+03    |    4.7584567751e+03    |
| 0.77000 |    3.1165912433e-07    |    4.8003983888e+03    |    4.7500935335e+03    |
| 0.77143 |    3.1156824091e-07    |    4.7923147789e+03    |    4.7417157245e+03    |
| 0.77286 |    3.1147830435e-07    |    4.7842188466e+03    |    4.7333243393e+03    |
| 0.77429 |    3.1138931191e-07    |    4.7761116232e+03    |    4.7249203635e+03    |
| 0.77571 |    3.1130126081e-07    |    4.7679941359e+03    |    4.7165047769e+03    |
| 0.77714 |    3.1121414818e-07    |    4.7598674064e+03    |    4.7080785531e+03    |
| 0.77857 |    3.1112797108e-07    |    4.7517324518e+03    |    4.6996426593e+03    |
| 0.78000 |    3.1104272652e-07    |    4.7435902832e+03    |    4.6911980559e+03    |
| 0.78143 |    3.1095841141e-07    |    4.7354419063e+03    |    4.6827456966e+03    |
| 0.78286 |    3.1087502262e-07    |    4.7272883207e+03    |    4.6742865273e+03    |
| 0.78429 |    3.1079255694e-07    |    4.7191305198e+03    |    4.6658214870e+03    |
| 0.78571 |    3.1071101110e-07    |    4.7109694905e+03    |    4.6573515064e+03    |
| 0.78714 |    3.1063038177e-07    |    4.7028062130e+03    |    4.6488775084e+03    |
| 0.78857 |    3.1055066554e-07    |    4.6946416605e+03    |    4.6404004074e+03    |
| 0.79000 |    3.1047185895e-07    |    4.6864767988e+03    |    4.6319211091e+03    |
| 0.79143 |    3.1039395848e-07    |    4.6783125867e+03    |    4.6234405107e+03    |
| 0.79286 |    3.1031696053e-07    |    4.6701499748e+03    |    4.6149594998e+03    |
| 0.79429 |    3.1024086146e-07    |    4.6619899062e+03    |    4.6064789549e+03    |
| 0.79571 |    3.1016565756e-07    |    4.6538333155e+03    |    4.5979997448e+03    |
| 0.79714 |    3.1009134507e-07    |    4.6456811291e+03    |    4.5895227285e+03    |
| 0.79857 |    3.1001792016e-07    |    4.6375342648e+03    |    4.5810487546e+03    |
| 0.80000 |    3.0994537894e-07    |    4.6293936317e+03    |    4.5725786616e+03    |
| 0.80143 |    3.0987371747e-07    |    4.6212601298e+03    |    4.5641132773e+03    |
| 0.80286 |    3.0980293177e-07    |    4.6131346498e+03    |    4.5556534186e+03    |
| 0.80429 |    3.0973301778e-07    |    4.6050180732e+03    |    4.5471998915e+03    |
| 0.80571 |    3.0966397140e-07    |    4.5969112718e+03    |    4.5387534906e+03    |
| 0.80714 |    3.0959578847e-07    |    4.5888151076e+03    |    4.5303149991e+03    |
| 0.80857 |    3.0952846478e-07    |    4.5807304328e+03    |    4.5218851882e+03    |
| 0.81000 |    3.0946199607e-07    |    4.5726580895e+03    |    4.5134648177e+03    |
| 0.81143 |    3.0939637802e-07    |    4.5645989092e+03    |    4.5050546349e+03    |
| 0.81286 |    3.0933160629e-07    |    4.5565537134e+03    |    4.4966553750e+03    |
| 0.81429 |    3.0926767645e-07    |    4.5485233128e+03    |    4.4882677606e+03    |
| 0.81571 |    3.0920458406e-07    |    4.5405085074e+03    |    4.4798925017e+03    |
| 0.81714 |    3.0914232459e-07    |    4.5325100864e+03    |    4.4715302955e+03    |
| 0.81857 |    3.0908089350e-07    |    4.5245288281e+03    |    4.4631818261e+03    |
| 0.82000 |    3.0902028620e-07    |    4.5165654997e+03    |    4.4548477645e+03    |
| 0.82143 |    3.0896049803e-07    |    4.5086208569e+03    |    4.4465287685e+03    |
| 0.82286 |    3.0890152432e-07    |    4.5006956447e+03    |    4.4382254824e+03    |
| 0.82429 |    3.0884336032e-07    |    4.4927905963e+03    |    4.4299385366e+03    |
| 0.82571 |    3.0878600127e-07    |    4.4849064336e+03    |    4.4216685483e+03    |
| 0.82714 |    3.0872944235e-07    |    4.4770438669e+03    |    4.4134161205e+03    |
| 0.82857 |    3.0867367870e-07    |    4.4692035952e+03    |    4.4051818423e+03    |
| 0.83000 |    3.0861870543e-07    |    4.4613863057e+03    |    4.3969662889e+03    |
| 0.83143 |    3.0856451760e-07    |    4.4535926738e+03    |    4.3887700211e+03    |
| 0.83286 |    3.0851111024e-07    |    4.4458233636e+03    |    4.3805935857e+03    |
| 0.83429 |    3.0845847833e-07    |    4.4380790272e+03    |    4.3724375151e+03    |
| 0.83571 |    3.0840661683e-07    |    4.4303603051e+03    |    4.3643023271e+03    |
| 0.83714 |    3.0835552065e-07    |    4.4226678264e+03    |    4.3561885253e+03    |
| 0.83857 |    3.0830518466e-07    |    4.4150022081e+03    |    4.3480965986e+03    |
| 0.84000 |    3.0825560371e-07    |    4.4073640558e+03    |    4.3400270216e+03    |
| 0.84143 |    3.0820677261e-07    |    4.3997539637e+03    |    4.3319802540e+03    |
| 0.84286 |    3.0815868613e-07    |    4.3921725143e+03    |    4.3239567410e+03    |
| 0.84429 |    3.0811133902e-07    |    4.3846202786e+03    |    4.3159569132e+03    |
| 0.84571 |    3.0806472598e-07    |    4.3770978164e+03    |    4.3079811865e+03    |
| 0.84714 |    3.0801884170e-07    |    4.3696056762e+03    |    4.3000299622e+03    |
| 0.84857 |    3.0797368082e-07    |    4.3621443955e+03    |    4.2921036268e+03    |
| 0.85000 |    3.0792923796e-07    |    4.3547145004e+03    |    4.2842025524e+03    |
| 0.85143 |    3.0788550770e-07    |    4.3473165067e+03    |    4.2763270964e+03    |
| 0.85286 |    3.0784248462e-07    |    4.3399509190e+03    |    4.2684776017e+03    |
| 0.85429 |    3.0780016324e-07    |    4.3326182317e+03    |    4.2606543965e+03    |
| 0.85571 |    3.0775853806e-07    |    4.3253189286e+03    |    4.2528577947e+03    |
| 0.85714 |    3.0771760357e-07    |    4.3180534837e+03    |    4.2450880960e+03    |
| 0.85857 |    3.0767735421e-07    |    4.3108223607e+03    |    4.2373455854e+03    |
| 0.86000 |    3.0763778441e-07    |    4.3036260139e+03    |    4.2296305339e+03    |
| 0.86143 |    3.0759888858e-07    |    4.2964648880e+03    |    4.2219431984e+03    |
| 0.86286 |    3.0756066108e-07    |    4.2893394186e+03    |    4.2142838217e+03    |
| 0.86429 |    3.0752309627e-07    |    4.2822500325e+03    |    4.2066526327e+03    |
| 0.86571 |    3.0748618849e-07    |    4.2751971479e+03    |    4.1990498465e+03    |
| 0.86714 |    3.0744993204e-07    |    4.2681811745e+03    |    4.1914756646e+03    |
| 0.86857 |    3.0741432120e-07    |    4.2612025146e+03    |    4.1839302749e+03    |
| 0.87000 |    3.0737935025e-07    |    4.2542615624e+03    |    4.1764138518e+03    |
| 0.87143 |    3.0734501342e-07    |    4.2473587053e+03    |    4.1689265569e+03    |
| 0.87286 |    3.0731130495e-07    |    4.2404943238e+03    |    4.1614685382e+03    |
| 0.87429 |    3.0727821903e-07    |    4.2336687921e+03    |    4.1540399313e+03    |
| 0.87571 |    3.0724574985e-07    |    4.2268824783e+03    |    4.1466408588e+03    |
| 0.87714 |    3.0721389158e-07    |    4.2201357452e+03    |    4.1392714308e+03    |
| 0.87857 |    3.0718263838e-07    |    4.2134289506e+03    |    4.1319317453e+03    |
| 0.88000 |    3.0715198436e-07    |    4.2067624478e+03    |    4.1246218879e+03    |
| 0.88143 |    3.0712192366e-07    |    4.2001365861e+03    |    4.1173419326e+03    |
| 0.88286 |    3.0709245036e-07    |    4.1935517115e+03    |    4.1100919413e+03    |
| 0.88429 |    3.0706355857e-07    |    4.1870081669e+03    |    4.1028719649e+03    |
| 0.88571 |    3.0703524233e-07    |    4.1805062932e+03    |    4.0956820426e+03    |
| 0.88714 |    3.0700749572e-07    |    4.1740464296e+03    |    4.0885222030e+03    |
| 0.88857 |    3.0698031276e-07    |    4.1676289142e+03    |    4.0813924638e+03    |
| 0.89000 |    3.0695368750e-07    |    4.1612540850e+03    |    4.0742928319e+03    |
| 0.89143 |    3.0692761395e-07    |    4.1549222801e+03    |    4.0672233043e+03    |
| 0.89286 |    3.0690208610e-07    |    4.1486338389e+03    |    4.0601838679e+03    |
| 0.89429 |    3.0687709796e-07    |    4.1423891028e+03    |    4.0531744998e+03    |
| 0.89571 |    3.0685264350e-07    |    4.1361884154e+03    |    4.0461951674e+03    |
| 0.89714 |    3.0682871670e-07    |    4.1300321243e+03    |    4.0392458293e+03    |
| 0.89857 |    3.0680531151e-07    |    4.1239205811e+03    |    4.0323264348e+03    |
| 0.90000 |    3.0678242189e-07    |    4.1178541427e+03    |    4.0254369246e+03    |
| 0.90143 |    3.0676004178e-07    |    4.1118331722e+03    |    4.0185772309e+03    |
| 0.90286 |    3.0673816512e-07    |    4.1058580399e+03    |    4.0117472780e+03    |
| 0.90429 |    3.0671678582e-07    |    4.0999291239e+03    |    4.0049469822e+03    |
| 0.90571 |    3.0669589782e-07    |    4.0940468119e+03    |    3.9981762520e+03    |
| 0.90714 |    3.0667549502e-07    |    4.0882115017e+03    |    3.9914349889e+03    |
| 0.90857 |    3.0665557134e-07    |    4.0824236023e+03    |    3.9847230872e+03    |
| 0.91000 |    3.0663612067e-07    |    4.0766835356e+03    |    3.9780404344e+03    |
| 0.91143 |    3.0661713691e-07    |    4.0709917373e+03    |    3.9713869116e+03    |
| 0.91286 |    3.0659861395e-07    |    4.0653486583e+03    |    3.9647623938e+03    |
| 0.91429 |    3.0658054570e-07    |    4.0597547659e+03    |    3.9581667497e+03    |
| 0.91571 |    3.0656292603e-07    |    4.0542105455e+03    |    3.9515998427e+03    |
| 0.91714 |    3.0654574882e-07    |    4.0487165019e+03    |    3.9450615306e+03    |
| 0.91857 |    3.0652900797e-07    |    4.0432731610e+03    |    3.9385516662e+03    |
| 0.92000 |    3.0651269735e-07    |    4.0378810714e+03    |    3.9320700972e+03    |
| 0.92143 |    3.0649681085e-07    |    4.0325408060e+03    |    3.9256166668e+03    |
| 0.92286 |    3.0648134236e-07    |    4.0272529643e+03    |    3.9191912140e+03    |
| 0.92429 |    3.0646628574e-07    |    4.0220181737e+03    |    3.9127935735e+03    |
| 0.92571 |    3.0645163490e-07    |    4.0168370920e+03    |    3.9064235760e+03    |
| 0.92714 |    3.0643738372e-07    |    4.0117104093e+03    |    3.9000810490e+03    |
| 0.92857 |    3.0642352608e-07    |    4.0066388505e+03    |    3.8937658162e+03    |
| 0.93000 |    3.0641005590e-07    |    4.0016231774e+03    |    3.8874776982e+03    |
| 0.93143 |    3.0639696706e-07    |    3.9966641916e+03    |    3.8812165129e+03    |
| 0.93286 |    3.0638425347e-07    |    3.9917627368e+03    |    3.8749820753e+03    |
| 0.93429 |    3.0637190904e-07    |    3.9869197021e+03    |    3.8687741977e+03    |
| 0.93571 |    3.0635992770e-07    |    3.9821360247e+03    |    3.8625926904e+03    |
| 0.93714 |    3.0634830337e-07    |    3.9774126934e+03    |    3.8564373615e+03    |
| 0.93857 |    3.0633702999e-07    |    3.9727507519e+03    |    3.8503080172e+03    |
| 0.94000 |    3.0632610149e-07    |    3.9681513026e+03    |    3.8442044617e+03    |
| 0.94143 |    3.0631551184e-07    |    3.9636155105e+03    |    3.8381264979e+03    |
| 0.94286 |    3.0630525500e-07    |    3.9591446074e+03    |    3.8320739273e+03    |
| 0.94429 |    3.0629532494e-07    |    3.9547398964e+03    |    3.8260465501e+03    |
| 0.94571 |    3.0628571567e-07    |    3.9504027572e+03    |    3.8200441654e+03    |
| 0.94714 |    3.0627642118e-07    |    3.9461346507e+03    |    3.8140665714e+03    |
| 0.94857 |    3.0626743550e-07    |    3.9419371248e+03    |    3.8081135656e+03    |
| 0.95000 |    3.0625875265e-07    |    3.9378118207e+03    |    3.8021849448e+03    |
| 0.95143 |    3.0625036670e-07    |    3.9337604795e+03    |    3.7962805051e+03    |
| 0.95286 |    3.0624227171e-07    |    3.9297849487e+03    |    3.7904000425e+03    |
| 0.95429 |    3.0623446176e-07    |    3.9258871905e+03    |    3.7845433525e+03    |
| 0.95571 |    3.0622693097e-07    |    3.9220692894e+03    |    3.7787102306e+03    |
| 0.95714 |    3.0621967346e-07    |    3.9183334617e+03    |    3.7729004720e+03    |
| 0.95857 |    3.0621268339e-07    |    3.9146820653e+03    |    3.7671138722e+03    |
| 0.96000 |    3.0620595492e-07    |    3.9111176097e+03    |    3.7613502266e+03    |
| 0.96143 |    3.0619948226e-07    |    3.9076427679e+03    |    3.7556093310e+03    |
| 0.96286 |    3.0619325962e-07    |    3.9042603891e+03    |    3.7498909812e+03    |
| 0.96429 |    3.0618728125e-07    |    3.9009735121e+03    |    3.7441949737e+03    |
| 0.96571 |    3.0618154143e-07    |    3.8977853807e+03    |    3.7385211052e+03    |
| 0.96714 |    3.0617603445e-07    |    3.8946994596e+03    |    3.7328691731e+03    |
| 0.96857 |    3.0617075466e-07    |    3.8917194529e+03    |    3.7272389753e+03    |
| 0.97000 |    3.0616569642e-07    |    3.8888493238e+03    |    3.7216303101e+03    |
| 0.97143 |    3.0616085411e-07    |    3.8860933164e+03    |    3.7160429770e+03    |
| 0.97286 |    3.0615622218e-07    |    3.8834559797e+03    |    3.7104767758e+03    |
| 0.97429 |    3.0615179508e-07    |    3.8809421940e+03    |    3.7049315073e+03    |
| 0.97571 |    3.0614756732e-07    |    3.8785572006e+03    |    3.6994069731e+03    |
| 0.97714 |    3.0614353342e-07    |    3.8763066338e+03    |    3.6939029759e+03    |
| 0.97857 |    3.0613968797e-07    |    3.8741965576e+03    |    3.6884193191e+03    |
| 0.98000 |    3.0613602559e-07    |    3.8722335053e+03    |    3.6829558073e+03    |
| 0.98143 |    3.0613254092e-07    |    3.8704245246e+03    |    3.6775122459e+03    |
| 0.98286 |    3.0612922868e-07    |    3.8687772273e+03    |    3.6720884417e+03    |
| 0.98429 |    3.0612608359e-07    |    3.8672998450e+03    |    3.6666842026e+03    |
| 0.98571 |    3.0612310046e-07    |    3.8660012921e+03    |    3.6612993374e+03    |
| 0.98714 |    3.0612027413e-07    |    3.8648912359e+03    |    3.6559336565e+03    |
| 0.98857 |    3.0611759947e-07    |    3.8639801761e+03    |    3.6505869713e+03    |
| 0.99000 |    3.0611507142e-07    |    3.8632795337e+03    |    3.6452590947e+03    |
| 0.99143 |    3.0611268497e-07    |    3.8628017530e+03    |    3.6399498410e+03    |
| 0.99286 |    3.0611043517e-07    |    3.8625604162e+03    |    3.6346590256e+03    |
| 0.99429 |    3.0610831711e-07    |    3.8625703740e+03    |    3.6293864658e+03    |
| 0.99571 |    3.0610632594e-07    |    3.8628478952e+03    |    3.6241319801e+03    |
| 0.99714 |    3.0610445688e-07    |    3.8634108375e+03    |    3.6188953886e+03    |
| 0.99857 |    3.0610270520e-07    |    3.8642788435e+03    |    3.6136765132e+03    |
| 1.00000 |    3.0610106624e-07    |    3.8598619023e+03    |    3.6084751771e+03    |
--------------------------------------------------------------------------------------