Число узлов n = 301
--------------------------------------------------------------------------------------
|    x    |          u(z)          |          f(z)          |     f(z) integral      |
--------------------------------------------------------------------------------------
| 0.00000 |    3.9256856451e-07    |    0.0000000000e+00    |    0.0000000000e+00    |
| 0.00333 |    3.9256581718e-07    |    4.1255093160e+01    |    3.8907936011e+01    |
| 0.00667 |    3.9255869789e-07    |    7.8754836260e+01    |    7.7815999219e+01    |
| 0.01000 |    3.9254698206e-07    |    1.1732782318e+02    |    1.1672431280e+02    |
| 0.01333 |    3.9253063759e-07    |    1.5608001185e+02    |    1.5563299648e+02    |
| 0.01667 |    3.9250965374e-07    |    1.9489771599e+02    |    1.9454216650e+02    |
| 0.02000 |    3.9248402558e-07    |    2.3374728095e+02    |    2.3345193393e+02    |
| 0.02333 |    3.9245375042e-07    |    2.7261505465e+02    |    2.7236240323e+02    |
| 0.02667 |    3.9241882661e-07    |    3.1149443912e+02    |    3.1127367086e+02    |
| 0.03000 |    3.9237925304e-07    |    3.5038186247e+02    |    3.5018582392e+02    |
| 0.03333 |    3.9233502893e-07    |    3.8927522886e+02    |    3.8909893883e+02    |
| 0.03667 |    3.9228615368e-07    |    4.2817323037e+02    |    4.2801307995e+02    |
| 0.04000 |    3.9223262684e-07    |    4.6707500785e+02    |    4.6692829828e+02    |
| 0.04333 |    3.9217444802e-07    |    5.0597996989e+02    |    5.0584463006e+02    |
| 0.04667 |    3.9211161695e-07    |    5.4488768962e+02    |    5.4476209548e+02    |
| 0.05000 |    3.9204413337e-07    |    5.8379784269e+02    |    5.8368069732e+02    |
| 0.05333 |    3.9197199709e-07    |    6.2271016820e+02    |    6.2260041960e+02    |
| 0.05667 |    3.9189520798e-07    |    6.6162444302e+02    |    6.6152122624e+02    |
| 0.06000 |    3.9181376594e-07    |    7.0054046428e+02    |    7.0044305974e+02    |
| 0.06333 |    3.9172767091e-07    |    7.3945803703e+02    |    7.3936583983e+02    |
| 0.06667 |    3.9163692290e-07    |    7.7837696518e+02    |    7.7828946209e+02    |
| 0.07000 |    3.9154152196e-07    |    8.1729704467e+02    |    8.1721379670e+02    |
| 0.07333 |    3.9144146820e-07    |    8.5621805813e+02    |    8.5613868700e+02    |
| 0.07667 |    3.9133676180e-07    |    8.9513977062e+02    |    8.9506394822e+02    |
| 0.08000 |    3.9122740301e-07    |    9.3406192609e+02    |    9.3398936611e+02    |
| 0.08333 |    3.9111339214e-07    |    9.7298424434e+02    |    9.7291469562e+02    |
| 0.08667 |    3.9099472960e-07    |    1.0119064184e+03    |    1.0118396595e+03    |
| 0.09000 |    3.9087141589e-07    |    1.0508281123e+03    |    1.0507639472e+03    |
| 0.09333 |    3.9074345158e-07    |    1.0897489586e+03    |    1.0896872131e+03    |
| 0.09667 |    3.9061083739e-07    |    1.1286685571e+03    |    1.1286090757e+03    |
| 0.10000 |    3.9047357412e-07    |    1.1675864723e+03    |    1.1675291157e+03    |
| 0.10333 |    3.9033166271e-07    |    1.2065022320e+03    |    1.2064468753e+03    |
| 0.10667 |    3.9018510422e-07    |    1.2454153258e+03    |    1.2453618565e+03    |
| 0.11000 |    3.9003389988e-07    |    1.2843252031e+03    |    1.2842735197e+03    |
| 0.11333 |    3.8987805104e-07    |    1.3232312721e+03    |    1.3231812827e+03    |
| 0.11667 |    3.8971755924e-07    |    1.3621328977e+03    |    1.3620845191e+03    |
| 0.12000 |    3.8955242616e-07    |    1.4010294004e+03    |    1.4009825572e+03    |
| 0.12333 |    3.8938265371e-07    |    1.4399200551e+03    |    1.4398746784e+03    |
| 0.12667 |    3.8920824397e-07    |    1.4788040890e+03    |    1.4787601164e+03    |
| 0.13000 |    3.8902919922e-07    |    1.5176806808e+03    |    1.5176380554e+03    |
| 0.13333 |    3.8884552197e-07    |    1.5565489591e+03    |    1.5565076289e+03    |
| 0.13667 |    3.8865721498e-07    |    1.5954080010e+03    |    1.5953679187e+03    |
| 0.14000 |    3.8846428123e-07    |    1.6342568311e+03    |    1.6342179533e+03    |
| 0.14333 |    3.8826672396e-07    |    1.6730944196e+03    |    1.6730567069e+03    |
| 0.14667 |    3.8806454670e-07    |    1.7119196815e+03    |    1.7118830978e+03    |
| 0.15000 |    3.8785775325e-07    |    1.7507314751e+03    |    1.7506959874e+03    |
| 0.15333 |    3.8764634771e-07    |    1.7895286008e+03    |    1.7894941791e+03    |
| 0.15667 |    3.8743033450e-07    |    1.8283097997e+03    |    1.8282764166e+03    |
| 0.16000 |    3.8720971835e-07    |    1.8670737524e+03    |    1.8670413830e+03    |
| 0.16333 |    3.8698450436e-07    |    1.9058190780e+03    |    1.9057876995e+03    |
| 0.16667 |    3.8675469796e-07    |    1.9445443324e+03    |    1.9445139243e+03    |
| 0.17000 |    3.8652030496e-07    |    1.9832480075e+03    |    1.9832185513e+03    |
| 0.17333 |    3.8628133158e-07    |    2.0219285300e+03    |    2.0219000087e+03    |
| 0.17667 |    3.8603778440e-07    |    2.0605842600e+03    |    2.0605566585e+03    |
| 0.18000 |    3.8578967047e-07    |    2.0992134899e+03    |    2.0991867945e+03    |
| 0.18333 |    3.8553699723e-07    |    2.1378144433e+03    |    2.1377886420e+03    |
| 0.18667 |    3.8527977260e-07    |    2.1763852740e+03    |    2.1763603561e+03    |
| 0.19000 |    3.8501800496e-07    |    2.2149240648e+03    |    2.2149000209e+03    |
| 0.19333 |    3.8475170318e-07    |    2.2534288263e+03    |    2.2534056481e+03    |
| 0.19667 |    3.8448087664e-07    |    2.2918974961e+03    |    2.2918751764e+03    |
| 0.20000 |    3.8420553521e-07    |    2.3303279374e+03    |    2.3303064704e+03    |
| 0.20333 |    3.8392568935e-07    |    2.3687179386e+03    |    2.3686973190e+03    |
| 0.20667 |    3.8364135003e-07    |    2.4070652114e+03    |    2.4070454354e+03    |
| 0.21000 |    3.8335252881e-07    |    2.4453673909e+03    |    2.4453484552e+03    |
| 0.21333 |    3.8305923785e-07    |    2.4836220339e+03    |    2.4836039362e+03    |
| 0.21667 |    3.8276148992e-07    |    2.5218266180e+03    |    2.5218093569e+03    |
| 0.22000 |    3.8245929840e-07    |    2.5599785415e+03    |    2.5599621161e+03    |
| 0.22333 |    3.8215267735e-07    |    2.5980751215e+03    |    2.5980595319e+03    |
| 0.22667 |    3.8184164147e-07    |    2.6361135940e+03    |    2.6360988409e+03    |
| 0.23000 |    3.8152620616e-07    |    2.6740911126e+03    |    2.6740771973e+03    |
| 0.23333 |    3.8120638752e-07    |    2.7120047478e+03    |    2.7119916723e+03    |
| 0.23667 |    3.8088220237e-07    |    2.7498514868e+03    |    2.7498392536e+03    |
| 0.24000 |    3.8055366829e-07    |    2.7876282319e+03    |    2.7876168443e+03    |
| 0.24333 |    3.8022080360e-07    |    2.8253318010e+03    |    2.8253212625e+03    |
| 0.24667 |    3.7988362741e-07    |    2.8629589261e+03    |    2.8629492409e+03    |
| 0.25000 |    3.7954215965e-07    |    2.9005062532e+03    |    2.9004974261e+03    |
| 0.25333 |    3.7919642103e-07    |    2.9379703420e+03    |    2.9379623780e+03    |
| 0.25667 |    3.7884643315e-07    |    2.9753476649e+03    |    2.9753405697e+03    |
| 0.26000 |    3.7849221843e-07    |    3.0126346071e+03    |    3.0126283867e+03    |
| 0.26333 |    3.7813380018e-07    |    3.0498274661e+03    |    3.0498221269e+03    |
| 0.26667 |    3.7777120261e-07    |    3.0869224514e+03    |    3.0869180002e+03    |
| 0.27000 |    3.7740445086e-07    |    3.1239156843e+03    |    3.1239121283e+03    |
| 0.27333 |    3.7703357099e-07    |    3.1608031978e+03    |    3.1608005445e+03    |
| 0.27667 |    3.7665859001e-07    |    3.1975809363e+03    |    3.1975791936e+03    |
| 0.28000 |    3.7627953591e-07    |    3.2342447557e+03    |    3.2342439318e+03    |
| 0.28333 |    3.7589643770e-07    |    3.2707904236e+03    |    3.2707905269e+03    |
| 0.28667 |    3.7550932535e-07    |    3.3072136189e+03    |    3.3072146583e+03    |
| 0.29000 |    3.7511822991e-07    |    3.3435099324e+03    |    3.3435119169e+03    |
| 0.29333 |    3.7472318344e-07    |    3.3796748669e+03    |    3.3796778057e+03    |
| 0.29667 |    3.7432421910e-07    |    3.4157038372e+03    |    3.4157077401e+03    |
| 0.30000 |    3.7392137110e-07    |    3.4515921711e+03    |    3.4515970477e+03    |
| 0.30333 |    3.7351467477e-07    |    3.4873351091e+03    |    3.4873409695e+03    |
| 0.30667 |    3.7310416655e-07    |    3.5229278055e+03    |    3.5229346599e+03    |
| 0.31000 |    3.7268988404e-07    |    3.5583653288e+03    |    3.5583731875e+03    |
| 0.31333 |    3.7227186595e-07    |    3.5936426621e+03    |    3.5936515358e+03    |
| 0.31667 |    3.7185015218e-07    |    3.6287547045e+03    |    3.6287646039e+03    |
| 0.32000 |    3.7142478382e-07    |    3.6636962715e+03    |    3.6637072075e+03    |
| 0.32333 |    3.7099580314e-07    |    3.6984620958e+03    |    3.6984740794e+03    |
| 0.32667 |    3.7056325364e-07    |    3.7330468288e+03    |    3.7330598714e+03    |
| 0.33000 |    3.7012718001e-07    |    3.7674450416e+03    |    3.7674591544e+03    |
| 0.33333 |    3.6968762824e-07    |    3.8016512261e+03    |    3.8016664204e+03    |
| 0.33667 |    3.6924464551e-07    |    3.8356597962e+03    |    3.8356760835e+03    |
| 0.34000 |    3.6879828030e-07    |    3.8694650895e+03    |    3.8694824815e+03    |
| 0.34333 |    3.6834858237e-07    |    3.9030613688e+03    |    3.9030798772e+03    |
| 0.34667 |    3.6789560274e-07    |    3.9364428236e+03    |    3.9364624601e+03    |
| 0.35000 |    3.6743939375e-07    |    3.9696035720e+03    |    3.9696243484e+03    |
| 0.35333 |    3.6698000905e-07    |    4.0025376622e+03    |    4.0025595903e+03    |
| 0.35667 |    3.6651750359e-07    |    4.0352390750e+03    |    4.0352621667e+03    |
| 0.36000 |    3.6605193365e-07    |    4.0677017254e+03    |    4.0677259925e+03    |
| 0.36333 |    3.6558335685e-07    |    4.0999194650e+03    |    4.0999449195e+03    |
| 0.36667 |    3.6511183213e-07    |    4.1318860842e+03    |    4.1319127380e+03    |
| 0.37000 |    3.6463741980e-07    |    4.1635953149e+03    |    4.1636231797e+03    |
| 0.37333 |    3.6416018149e-07    |    4.1950408325e+03    |    4.1950699203e+03    |
| 0.37667 |    3.6368018020e-07    |    4.2262162591e+03    |    4.2262465817e+03    |
| 0.38000 |    3.6319748027e-07    |    4.2571151659e+03    |    4.2571467352e+03    |
| 0.38333 |    3.6271214741e-07    |    4.2877310764e+03    |    4.2877639040e+03    |
| 0.38667 |    3.6222424867e-07    |    4.3180574692e+03    |    4.3180915669e+03    |
| 0.39000 |    3.6173385247e-07    |    4.3480877812e+03    |    4.3481231605e+03    |
| 0.39333 |    3.6124102858e-07    |    4.3778154110e+03    |    4.3778520834e+03    |
| 0.39667 |    3.6074584810e-07    |    4.4072337221e+03    |    4.4072716992e+03    |
| 0.40000 |    3.6024838351e-07    |    4.4363360467e+03    |    4.4363753397e+03    |
| 0.40333 |    3.5974870861e-07    |    4.4651156893e+03    |    4.4651563095e+03    |
| 0.40667 |    3.5924689853e-07    |    4.4935659301e+03    |    4.4936078886e+03    |
| 0.41000 |    3.5874302975e-07    |    4.5216800297e+03    |    4.5217233376e+03    |
| 0.41333 |    3.5823718004e-07    |    4.5494512324e+03    |    4.5494959005e+03    |
| 0.41667 |    3.5772942849e-07    |    4.5768727709e+03    |    4.5769188100e+03    |
| 0.42000 |    3.5721985550e-07    |    4.6039378705e+03    |    4.6039852911e+03    |
| 0.42333 |    3.5670854272e-07    |    4.6306397534e+03    |    4.6306885660e+03    |
| 0.42667 |    3.5619557309e-07    |    4.6569716435e+03    |    4.6570218583e+03    |
| 0.43000 |    3.5568103079e-07    |    4.6829267708e+03    |    4.6829783981e+03    |
| 0.43333 |    3.5516500125e-07    |    4.7084983769e+03    |    4.7085514265e+03    |
| 0.43667 |    3.5464757109e-07    |    4.7336797192e+03    |    4.7337342009e+03    |
| 0.44000 |    3.5412882815e-07    |    4.7584640766e+03    |    4.7585200000e+03    |
| 0.44333 |    3.5360886141e-07    |    4.7828447544e+03    |    4.7829021290e+03    |
| 0.44667 |    3.5308776103e-07    |    4.8068150899e+03    |    4.8068739247e+03    |
| 0.45000 |    3.5256561827e-07    |    4.8303684575e+03    |    4.8304287618e+03    |
| 0.45333 |    3.5204252551e-07    |    4.8534982751e+03    |    4.8535600575e+03    |
| 0.45667 |    3.5151857617e-07    |    4.8761980087e+03    |    4.8762612779e+03    |
| 0.46000 |    3.5099386472e-07    |    4.8984611792e+03    |    4.8985259437e+03    |
| 0.46333 |    3.5046848664e-07    |    4.9202813681e+03    |    4.9203476361e+03    |
| 0.46667 |    3.4994253838e-07    |    4.9416522233e+03    |    4.9417200028e+03    |
| 0.47000 |    3.4941611733e-07    |    4.9625674655e+03    |    4.9626367643e+03    |
| 0.47333 |    3.4888932177e-07    |    4.9830208945e+03    |    4.9830917203e+03    |
| 0.47667 |    3.4836225087e-07    |    5.0030063955e+03    |    5.0030787558e+03    |
| 0.48000 |    3.4783500460e-07    |    5.0225179458e+03    |    5.0225918477e+03    |
| 0.48333 |    3.4730768371e-07    |    5.0415496209e+03    |    5.0416250716e+03    |
| 0.48667 |    3.4678038971e-07    |    5.0600956018e+03    |    5.0601726081e+03    |
| 0.49000 |    3.4625322479e-07    |    5.0781501811e+03    |    5.0782287498e+03    |
| 0.49333 |    3.4572629180e-07    |    5.0957077703e+03    |    5.0957879078e+03    |
| 0.49667 |    3.4519969419e-07    |    5.1127629065e+03    |    5.1128446193e+03    |
| 0.50000 |    3.4467353594e-07    |    5.1326283991e+03    |    5.1293935535e+03    |
| 0.50333 |    3.4414724118e-07    |    5.1525240748e+03    |    5.1454295302e+03    |
| 0.50667 |    3.4362149011e-07    |    5.1691077503e+03    |    5.1609475166e+03    |
| 0.51000 |    3.4309638771e-07    |    5.1851819724e+03    |    5.1759426253e+03    |
| 0.51333 |    3.4257203935e-07    |    5.2007418812e+03    |    5.1904101293e+03    |
| 0.51667 |    3.4204855074e-07    |    5.2157827759e+03    |    5.2043454698e+03    |
| 0.52000 |    3.4152602786e-07    |    5.2303001229e+03    |    5.2177442633e+03    |
| 0.52333 |    3.4100457694e-07    |    5.2442895620e+03    |    5.2306023085e+03    |
| 0.52667 |    3.4048430437e-07    |    5.2577469144e+03    |    5.2429155938e+03    |
| 0.53000 |    3.3996531663e-07    |    5.2706681895e+03    |    5.2546803043e+03    |
| 0.53333 |    3.3944772028e-07    |    5.2830495925e+03    |    5.2658928291e+03    |
| 0.53667 |    3.3893162182e-07    |    5.2948875316e+03    |    5.2765497684e+03    |
| 0.54000 |    3.3841712769e-07    |    5.3061786249e+03    |    5.2866479406e+03    |
| 0.54333 |    3.3790434420e-07    |    5.3169197081e+03    |    5.2961843893e+03    |
| 0.54667 |    3.3739337741e-07    |    5.3271078413e+03    |    5.3051563902e+03    |
| 0.55000 |    3.3688433314e-07    |    5.3367403163e+03    |    5.3135614585e+03    |
| 0.55333 |    3.3637731681e-07    |    5.3458146636e+03    |    5.3213973551e+03    |
| 0.55667 |    3.3587243348e-07    |    5.3543286591e+03    |    5.3286620936e+03    |
| 0.56000 |    3.3536978769e-07    |    5.3622803317e+03    |    5.3353539471e+03    |
| 0.56333 |    3.3486948343e-07    |    5.3696679691e+03    |    5.3414714544e+03    |
| 0.56667 |    3.3437162405e-07    |    5.3764901253e+03    |    5.3470134264e+03    |
| 0.57000 |    3.3387631224e-07    |    5.3827456266e+03    |    5.3519789527e+03    |
| 0.57333 |    3.3338364988e-07    |    5.3884335784e+03    |    5.3563674069e+03    |
| 0.57667 |    3.3289373802e-07    |    5.3935533710e+03    |    5.3601784531e+03    |
| 0.58000 |    3.3240667681e-07    |    5.3981046861e+03    |    5.3634120513e+03    |
| 0.58333 |    3.3192256540e-07    |    5.4020875023e+03    |    5.3660684629e+03    |
| 0.58667 |    3.3144150188e-07    |    5.4055021010e+03    |    5.3681482557e+03    |
| 0.59000 |    3.3096358323e-07    |    5.4083490721e+03    |    5.3696523093e+03    |
| 0.59333 |    3.3048890519e-07    |    5.4106293185e+03    |    5.3705818193e+03    |
| 0.59667 |    3.3001756226e-07    |    5.4123440621e+03    |    5.3709383024e+03    |
| 0.60000 |    3.2954964759e-07    |    5.4134948475e+03    |    5.3707235998e+03    |
| 0.60333 |    3.2908525289e-07    |    5.4140835474e+03    |    5.3699398816e+03    |
| 0.60667 |    3.2862446842e-07    |    5.4141123660e+03    |    5.3685896501e+03    |
| 0.61000 |    3.2816738285e-07    |    5.4135838433e+03    |    5.3666757430e+03    |
| 0.61333 |    3.2771408325e-07    |    5.4125008587e+03    |    5.3642013361e+03    |
| 0.61667 |    3.2726465499e-07    |    5.4108666336e+03    |    5.3611699460e+03    |
| 0.62000 |    3.2681918168e-07    |    5.4086847351e+03    |    5.3575854321e+03    |
| 0.62333 |    3.2637774510e-07    |    5.4059590778e+03    |    5.3534519979e+03    |
| 0.62667 |    3.2594042517e-07    |    5.4026939258e+03    |    5.3487741928e+03    |
| 0.63000 |    3.2550729983e-07    |    5.3988938952e+03    |    5.3435569124e+03    |
| 0.63333 |    3.2507844502e-07    |    5.3945639543e+03    |    5.3378053991e+03    |
| 0.63667 |    3.2465393462e-07    |    5.3897094251e+03    |    5.3315252417e+03    |
| 0.64000 |    3.2423384036e-07    |    5.3843359835e+03    |    5.3247223752e+03    |
| 0.64333 |    3.2381823180e-07    |    5.3784496589e+03    |    5.3174030792e+03    |
| 0.64667 |    3.2340717627e-07    |    5.3720568342e+03    |    5.3095739766e+03    |
| 0.65000 |    3.2300073880e-07    |    5.3651642441e+03    |    5.3012420312e+03    |
| 0.65333 |    3.2259898208e-07    |    5.3577789739e+03    |    5.2924145452e+03    |
| 0.65667 |    3.2220196642e-07    |    5.3499084571e+03    |    5.2830991556e+03    |
| 0.66000 |    3.2180974970e-07    |    5.3415604731e+03    |    5.2733038307e+03    |
| 0.66333 |    3.2142238732e-07    |    5.3327431437e+03    |    5.2630368656e+03    |
| 0.66667 |    3.2103993217e-07    |    5.3234649294e+03    |    5.2523068768e+03    |
| 0.67000 |    3.2066243458e-07    |    5.3137346255e+03    |    5.2411227972e+03    |
| 0.67333 |    3.2028994233e-07    |    5.3035613565e+03    |    5.2294938695e+03    |
| 0.67667 |    3.1992250054e-07    |    5.2929545711e+03    |    5.2174296393e+03    |
| 0.68000 |    3.1956015171e-07    |    5.2819240363e+03    |    5.2049399479e+03    |
| 0.68333 |    3.1920293566e-07    |    5.2704798301e+03    |    5.1920349240e+03    |
| 0.68667 |    3.1885088953e-07    |    5.2586323350e+03    |    5.1787249751e+03    |
| 0.69000 |    3.1850404773e-07    |    5.2463922297e+03    |    5.1650207780e+03    |
| 0.69333 |    3.1816244193e-07    |    5.2337704807e+03    |    5.1509332692e+03    |
| 0.69667 |    3.1782610110e-07    |    5.2207783336e+03    |    5.1364736335e+03    |
| 0.70000 |    3.1749505140e-07    |    5.2074273030e+03    |    5.1216532937e+03    |
| 0.70333 |    3.1716931627e-07    |    5.1937291625e+03    |    5.1064838980e+03    |
| 0.70667 |    3.1684891637e-07    |    5.1796959339e+03    |    5.0909773078e+03    |
| 0.71000 |    3.1653386958e-07    |    5.1653398757e+03    |    5.0751455845e+03    |
| 0.71333 |    3.1622419103e-07    |    5.1506734715e+03    |    5.0590009760e+03    |
| 0.71667 |    3.1591989309e-07    |    5.1357094169e+03    |    5.0425559019e+03    |
| 0.72000 |    3.1562098537e-07    |    5.1204606069e+03    |    5.0258229394e+03    |
| 0.72333 |    3.1532747475e-07    |    5.1049401221e+03    |    5.0088148070e+03    |
| 0.72667 |    3.1503936538e-07    |    5.0891612149e+03    |    4.9915443492e+03    |
| 0.73000 |    3.1475665871e-07    |    5.0731372948e+03    |    4.9740245197e+03    |
| 0.73333 |    3.1447935350e-07    |    5.0568819131e+03    |    4.9562683645e+03    |
| 0.73667 |    3.1420744583e-07    |    5.0404087480e+03    |    4.9382890044e+03    |
| 0.74000 |    3.1394092917e-07    |    5.0237315887e+03    |    4.9200996174e+03    |
| 0.74333 |    3.1367979437e-07    |    5.0068643189e+03    |    4.9017134200e+03    |
| 0.74667 |    3.1342402971e-07    |    4.9898209006e+03    |    4.8831436487e+03    |
| 0.75000 |    3.1317362092e-07    |    4.9726153575e+03    |    4.8644035415e+03    |
| 0.75333 |    3.1292855125e-07    |    4.9552617577e+03    |    4.8455063179e+03    |
| 0.75667 |    3.1268880145e-07    |    4.9377741967e+03    |    4.8264651600e+03    |
| 0.76000 |    3.1245434988e-07    |    4.9201667802e+03    |    4.8072931925e+03    |
| 0.76333 |    3.1222517250e-07    |    4.9024536068e+03    |    4.7880034629e+03    |
| 0.76667 |    3.1200124294e-07    |    4.8846487503e+03    |    4.7686089219e+03    |
| 0.77000 |    3.1178253256e-07    |    4.8667662429e+03    |    4.7491224029e+03    |
| 0.77333 |    3.1156901047e-07    |    4.8488200580e+03    |    4.7295566025e+03    |
| 0.77667 |    3.1136064359e-07    |    4.8308240926e+03    |    4.7099240604e+03    |
| 0.78000 |    3.1115739672e-07    |    4.8127921517e+03    |    4.6902371399e+03    |
| 0.78333 |    3.1095923256e-07    |    4.7947379308e+03    |    4.6705080082e+03    |
| 0.78667 |    3.1076611181e-07    |    4.7766750010e+03    |    4.6507486170e+03    |
| 0.79000 |    3.1057799318e-07    |    4.7586167932e+03    |    4.6309706842e+03    |
| 0.79333 |    3.1039483347e-07    |    4.7405765833e+03    |    4.6111856748e+03    |
| 0.79667 |    3.1021658763e-07    |    4.7225674783e+03    |    4.5914047832e+03    |
| 0.80000 |    3.1004320880e-07    |    4.7046024035e+03    |    4.5716389159e+03    |
| 0.80333 |    3.0987464839e-07    |    4.6866940895e+03    |    4.5518986743e+03    |
| 0.80667 |    3.0971085611e-07    |    4.6688550617e+03    |    4.5321943390e+03    |
| 0.81000 |    3.0955178007e-07    |    4.6510976300e+03    |    4.5125358544e+03    |
| 0.81333 |    3.0939736678e-07    |    4.6334338799e+03    |    4.4929328141e+03    |
| 0.81667 |    3.0924756126e-07    |    4.6158756654e+03    |    4.4733944475e+03    |
| 0.82000 |    3.0910230707e-07    |    4.5984346033e+03    |    4.4539296073e+03    |
| 0.82333 |    3.0896154637e-07    |    4.5811220686e+03    |    4.4345467581e+03    |
| 0.82667 |    3.0882521999e-07    |    4.5639491927e+03    |    4.4152539658e+03    |
| 0.83000 |    3.0869326746e-07    |    4.5469268628e+03    |    4.3960588889e+03    |
| 0.83333 |    3.0856562709e-07    |    4.5300657238e+03    |    4.3769687705e+03    |
| 0.83667 |    3.0844223600e-07    |    4.5133761822e+03    |    4.3579904316e+03    |
| 0.84000 |    3.0832303020e-07    |    4.4968684129e+03    |    4.3391302662e+03    |
| 0.84333 |    3.0820794461e-07    |    4.4805523682e+03    |    4.3203942374e+03    |
| 0.84667 |    3.0809691315e-07    |    4.4644377895e+03    |    4.3017878751e+03    |
| 0.85000 |    3.0798986875e-07    |    4.4485342230e+03    |    4.2833162754e+03    |
| 0.85333 |    3.0788674340e-07    |    4.4328510373e+03    |    4.2649841009e+03    |
| 0.85667 |    3.0778746826e-07    |    4.4173974455e+03    |    4.2467955832e+03    |
| 0.86000 |    3.0769197360e-07    |    4.4021825303e+03    |    4.2287545265e+03    |
| 0.86333 |    3.0760018894e-07    |    4.3872152739e+03    |    4.2108643131e+03    |
| 0.86667 |    3.0751204306e-07    |    4.3725045913e+03    |    4.1931279094e+03    |
| 0.87000 |    3.0742746402e-07    |    4.3580593692e+03    |    4.1755478750e+03    |
| 0.87333 |    3.0734637922e-07    |    4.3438885089e+03    |    4.1581263715e+03    |
| 0.87667 |    3.0726871547e-07    |    4.3300009754e+03    |    4.1408651742e+03    |
| 0.88000 |    3.0719439898e-07    |    4.3164058521e+03    |    4.1237656836e+03    |
| 0.88333 |    3.0712335542e-07    |    4.3031124025e+03    |    4.1068289396e+03    |
| 0.88667 |    3.0705550999e-07    |    4.2901301377e+03    |    4.0900556357e+03    |
| 0.89000 |    3.0699078741e-07    |    4.2774688933e+03    |    4.0734461346e+03    |
| 0.89333 |    3.0692911197e-07    |    4.2651389144e+03    |    4.0570004853e+03    |
| 0.89667 |    3.0687040761e-07    |    4.2531509498e+03    |    4.0407184397e+03    |
| 0.90000 |    3.0681459790e-07    |    4.2415163580e+03    |    4.0245994712e+03    |
| 0.90333 |    3.0676160611e-07    |    4.2302472251e+03    |    4.0086427929e+03    |
| 0.90667 |    3.0671135526e-07    |    4.2193564968e+03    |    3.9928473766e+03    |
| 0.91000 |    3.0666376812e-07    |    4.2088581264e+03    |    3.9772119719e+03    |
| 0.91333 |    3.0661876730e-07    |    4.1987672416e+03    |    3.9617351249e+03    |
| 0.91667 |    3.0657627524e-07    |    4.1891003324e+03    |    3.9464151980e+03    |
| 0.92000 |    3.0653621430e-07    |    4.1798754636e+03    |    3.9312503878e+03    |
| 0.92333 |    3.0649850677e-07    |    4.1711125177e+03    |    3.9162387439e+03    |
| 0.92667 |    3.0646307493e-07    |    4.1628334707e+03    |    3.9013781862e+03    |
| 0.93000 |    3.0642984108e-07    |    4.1550627092e+03    |    3.8866665224e+03    |
| 0.93333 |    3.0639872762e-07    |    4.1478273969e+03    |    3.8721014640e+03    |
| 0.93667 |    3.0636965708e-07    |    4.1411578971e+03    |    3.8576806412e+03    |
| 0.94000 |    3.0634255216e-07    |    4.1350882673e+03    |    3.8434016176e+03    |
| 0.94333 |    3.0631733581e-07    |    4.1296568365e+03    |    3.8292619034e+03    |
| 0.94667 |    3.0629393128e-07    |    4.1249068868e+03    |    3.8152589671e+03    |
| 0.95000 |    3.0627226215e-07    |    4.1208874593e+03    |    3.8013902467e+03    |
| 0.95333 |    3.0625225245e-07    |    4.1176543168e+03    |    3.7876531595e+03    |
| 0.95667 |    3.0623382666e-07    |    4.1152710968e+03    |    3.7740451108e+03    |
| 0.96000 |    3.0621690985e-07    |    4.1138107047e+03    |    3.7605635016e+03    |
| 0.96333 |    3.0620142768e-07    |    4.1133570069e+03    |    3.7472057356e+03    |
| 0.96667 |    3.0618730652e-07    |    4.1140069046e+03    |    3.7339692249e+03    |
| 0.97000 |    3.0617447350e-07    |    4.1158728908e+03    |    3.7208513951e+03    |
| 0.97333 |    3.0616285663e-07    |    4.1190862310e+03    |    3.7078496904e+03    |
| 0.97667 |    3.0615238483e-07    |    4.1238009513e+03    |    3.6949615770e+03    |
| 0.98000 |    3.0614298806e-07    |    4.1301988862e+03    |    3.6821845472e+03    |
| 0.98333 |    3.0613459740e-07    |    4.1384961287e+03    |    3.6695161227e+03    |
| 0.98667 |    3.0612714515e-07    |    4.1489513610e+03    |    3.6569538578e+03    |
| 0.99000 |    3.0612056490e-07    |    4.1618767391e+03    |    3.6444953422e+03    |
| 0.99333 |    3.0611479169e-07    |    4.1776522916e+03    |    3.6321382049e+03    |
| 0.99667 |    3.0610976204e-07    |    4.1967452337e+03    |    3.6198801165e+03    |
| 1.00000 |    3.0610541416e-07    |    4.1883421929e+03    |    3.6077187929e+03    |
--------------------------------------------------------------------------------------