Число узлов n = 71
--------------------------------------------------------------------------------------
|    x    |          u(z)          |          f(z)          |     f(z) integral      |
--------------------------------------------------------------------------------------
| 0.00000 |    3.9426906271e-07    |    0.0000000000e+00    |    0.0000000000e+00    |
| 0.01429 |    3.9421860199e-07    |    1.7672210134e+02    |    1.6662119386e+02    |
| 0.02857 |    3.9408792652e-07    |    3.3728965747e+02    |    3.3325170709e+02    |
| 0.04286 |    3.9387288816e-07    |    5.0249134437e+02    |    4.9989871099e+02    |
| 0.05714 |    3.9357288826e-07    |    6.6848161848e+02    |    6.6656544415e+02    |
| 0.07143 |    3.9318772693e-07    |    8.3476786603e+02    |    8.3324937859e+02    |
| 0.08571 |    3.9271732325e-07    |    1.0011942214e+03    |    9.9994025453e+02    |
| 0.10000 |    3.9216165810e-07    |    1.1676812644e+03    |    1.1666181377e+03    |
| 0.11429 |    3.9152076319e-07    |    1.3341683634e+03    |    1.3332514868e+03    |
| 0.12857 |    3.9079472507e-07    |    1.5005944248e+03    |    1.4997952326e+03    |
| 0.14286 |    3.8998369583e-07    |    1.6668893258e+03    |    1.6661888759e+03    |
| 0.15714 |    3.8908790788e-07    |    1.8329690857e+03    |    1.8323546137e+03    |
| 0.17143 |    3.8810769152e-07    |    1.9987325812e+03    |    1.9981955071e+03    |
| 0.18571 |    3.8704349486e-07    |    2.1640589996e+03    |    2.1635937062e+03    |
| 0.20000 |    3.8589590568e-07    |    2.3288057059e+03    |    2.3284087538e+03    |
| 0.21429 |    3.8466567504e-07    |    2.4928063889e+03    |    2.4924759903e+03    |
| 0.22857 |    3.8335374238e-07    |    2.6558694364e+03    |    2.6556050893e+03    |
| 0.24286 |    3.8196126174e-07    |    2.8177765313e+03    |    2.8175787549e+03    |
| 0.25714 |    3.8048962902e-07    |    2.9782814821e+03    |    2.9781516193e+03    |
| 0.27143 |    3.7894050965e-07    |    3.1371093165e+03    |    3.1370493800e+03    |
| 0.28571 |    3.7731586656e-07    |    3.2939556748e+03    |    3.2939682234e+03    |
| 0.30000 |    3.7561798765e-07    |    3.4484865490e+03    |    3.4485745828e+03    |
| 0.31429 |    3.7384951257e-07    |    3.6003384141e+03    |    3.6005052844e+03    |
| 0.32857 |    3.7201345791e-07    |    3.7491188083e+03    |    3.7493681355e+03    |
| 0.34286 |    3.7011324031e-07    |    3.8944074145e+03    |    3.8947430125e+03    |
| 0.35714 |    3.6815269665e-07    |    4.0357577009e+03    |    4.0361835059e+03    |
| 0.37143 |    3.6613610062e-07    |    4.1726991774e+03    |    4.1732191795e+03    |
| 0.38571 |    3.6406817474e-07    |    4.3047403182e+03    |    4.3053584965e+03    |
| 0.40000 |    3.6195409701e-07    |    4.4313722025e+03    |    4.4320924627e+03    |
| 0.41429 |    3.5979950136e-07    |    4.5520729115e+03    |    4.5528990284e+03    |
| 0.42857 |    3.5761047095e-07    |    4.6663127149e+03    |    4.6672482803e+03    |
| 0.44286 |    3.5539352356e-07    |    4.7735600635e+03    |    4.7746084415e+03    |
| 0.45714 |    3.5315558840e-07    |    4.8732883897e+03    |    4.8744526823e+03    |
| 0.47143 |    3.5090397353e-07    |    4.9649836963e+03    |    4.9662667229e+03    |
| 0.48571 |    3.4864632371e-07    |    5.0481528901e+03    |    5.0495571833e+03    |
| 0.50000 |    3.4639056817e-07    |    5.1366129545e+03    |    5.1238606112e+03    |
| 0.51429 |    3.4413230922e-07    |    5.2258479264e+03    |    5.1887538941e+03    |
| 0.52857 |    3.4188408249e-07    |    5.3013996625e+03    |    5.2438639314e+03    |
| 0.54286 |    3.3965419761e-07    |    5.3678887082e+03    |    5.2888770990e+03    |
| 0.55714 |    3.3745103420e-07    |    5.4250133715e+03    |    5.3235498478e+03    |
| 0.57143 |    3.3528295290e-07    |    5.4725411911e+03    |    5.3477187796e+03    |
| 0.58571 |    3.3315819964e-07    |    5.5103197955e+03    |    5.3613101852e+03    |
| 0.60000 |    3.3108480501e-07    |    5.5382875010e+03    |    5.3643487001e+03    |
| 0.61429 |    3.2907048065e-07    |    5.5564833487e+03    |    5.3569646917e+03    |
| 0.62857 |    3.2712251542e-07    |    5.5650562476e+03    |    5.3393999673e+03    |
| 0.64286 |    3.2524767369e-07    |    5.5642728703e+03    |    5.3120113715e+03    |
| 0.65714 |    3.2345209909e-07    |    5.5545239362e+03    |    5.2752718407e+03    |
| 0.67143 |    3.2174122643e-07    |    5.5363285273e+03    |    5.2297684982e+03    |
| 0.68571 |    3.2011970490e-07    |    5.5103361133e+03    |    5.1761974190e+03    |
| 0.70000 |    3.1859133524e-07    |    5.4773260316e+03    |    5.1153547634e+03    |
| 0.71429 |    3.1715902332e-07    |    5.4382042726e+03    |    5.0481240904e+03    |
| 0.72857 |    3.1582475188e-07    |    5.3939975846e+03    |    4.9754598093e+03    |
| 0.74286 |    3.1458957152e-07    |    5.3458451437e+03    |    4.8983669201e+03    |
| 0.75714 |    3.1345361127e-07    |    5.2949883468e+03    |    4.8178774296e+03    |
| 0.77143 |    3.1241610800e-07    |    5.2427597140e+03    |    4.7350241025e+03    |
| 0.78571 |    3.1147545296e-07    |    5.1905724535e+03    |    4.6508125095e+03    |
| 0.80000 |    3.1062925292e-07    |    5.1399130036e+03    |    4.5661926461e+03    |
| 0.81429 |    3.0987440257e-07    |    5.0923399004e+03    |    4.4820316888e+03    |
| 0.82857 |    3.0920716415e-07    |    5.0494937675e+03    |    4.3990896808e+03    |
| 0.84286 |    3.0862325042e-07    |    5.0131253296e+03    |    4.3180000519e+03    |
| 0.85714 |    3.0811790695e-07    |    4.9851515997e+03    |    4.2392567924e+03    |
| 0.87143 |    3.0768599058e-07    |    4.9677556878e+03    |    4.1632097675e+03    |
| 0.88571 |    3.0732204190e-07    |    4.9635549137e+03    |    4.0900689990e+03    |
| 0.90000 |    3.0702035103e-07    |    4.9758789794e+03    |    4.0199177569e+03    |
| 0.91429 |    3.0677501743e-07    |    5.0092334716e+03    |    3.9527330719e+03    |
| 0.92857 |    3.0658000628e-07    |    5.0700937731e+03    |    3.8884110000e+03    |
| 0.94286 |    3.0642920486e-07    |    5.1683296789e+03    |    3.8267930357e+03    |
| 0.95714 |    3.0631648339e-07    |    5.3199338383e+03    |    3.7676899223e+03    |
| 0.97143 |    3.0623576502e-07    |    5.5527133569e+03    |    3.7109001061e+03    |
| 0.98571 |    3.0618110907e-07    |    5.9195615328e+03    |    3.6562220687e+03    |
| 1.00000 |    3.0614681135e-07    |    5.8823435612e+03    |    3.6034618922e+03    |
--------------------------------------------------------------------------------------