| z | u | f |
| 0.000000e+00 | 3.920682e-07 | 0.000000e+00 |
| 2.004008e-03 | 3.920674e-07 | 2.339742e+01 |
| 4.008016e-03 | 3.920649e-07 | 4.679487e+01 |
| 6.012024e-03 | 3.920607e-07 | 7.019238e+01 |
| 8.016032e-03 | 3.920548e-07 | 9.358997e+01 |
| 1.002004e-02 | 3.920472e-07 | 1.169877e+02 |
| 1.202405e-02 | 3.920380e-07 | 1.403855e+02 |
| 1.402806e-02 | 3.920270e-07 | 1.637835e+02 |
| 1.603206e-02 | 3.920144e-07 | 1.871816e+02 |
| 1.803607e-02 | 3.920001e-07 | 2.105800e+02 |
| 2.004008e-02 | 3.919841e-07 | 2.339786e+02 |
| 2.204409e-02 | 3.919665e-07 | 2.573775e+02 |
| 2.404810e-02 | 3.919471e-07 | 2.807766e+02 |
| 2.605210e-02 | 3.919261e-07 | 3.041761e+02 |
| 2.805611e-02 | 3.919034e-07 | 3.275758e+02 |
| 3.006012e-02 | 3.918790e-07 | 3.509759e+02 |
| 3.206413e-02 | 3.918529e-07 | 3.743764e+02 |
| 3.406814e-02 | 3.918252e-07 | 3.977772e+02 |
| 3.607214e-02 | 3.917957e-07 | 4.211783e+02 |
| 3.807615e-02 | 3.917646e-07 | 4.445799e+02 |
| 4.008016e-02 | 3.917318e-07 | 4.679819e+02 |
| 4.208417e-02 | 3.916973e-07 | 4.913842e+02 |
| 4.408818e-02 | 3.916612e-07 | 5.147870e+02 |
| 4.609218e-02 | 3.916233e-07 | 5.381902e+02 |
| 4.809619e-02 | 3.915838e-07 | 5.615938e+02 |
| 5.010020e-02 | 3.915426e-07 | 5.849978e+02 |
| 5.210421e-02 | 3.914997e-07 | 6.084022e+02 |
| 5.410822e-02 | 3.914551e-07 | 6.318070e+02 |
| 5.611222e-02 | 3.914088e-07 | 6.552122e+02 |
| 5.811623e-02 | 3.913609e-07 | 6.786178e+02 |
| 6.012024e-02 | 3.913112e-07 | 7.020237e+02 |
| 6.212425e-02 | 3.912599e-07 | 7.254300e+02 |
| 6.412826e-02 | 3.912069e-07 | 7.488366e+02 |
| 6.613226e-02 | 3.911523e-07 | 7.722435e+02 |
| 6.813627e-02 | 3.910959e-07 | 7.956507e+02 |
| 7.014028e-02 | 3.910379e-07 | 8.190581e+02 |
| 7.214429e-02 | 3.909781e-07 | 8.424657e+02 |
| 7.414830e-02 | 3.909167e-07 | 8.658734e+02 |
| 7.615230e-02 | 3.908536e-07 | 8.892813e+02 |
| 7.815631e-02 | 3.907889e-07 | 9.126893e+02 |
| 8.016032e-02 | 3.907224e-07 | 9.360972e+02 |
| 8.216433e-02 | 3.906543e-07 | 9.595052e+02 |
| 8.416834e-02 | 3.905845e-07 | 9.829130e+02 |
| 8.617234e-02 | 3.905130e-07 | 1.006321e+03 |
| 8.817635e-02 | 3.904398e-07 | 1.029728e+03 |
| 9.018036e-02 | 3.903649e-07 | 1.053135e+03 |
| 9.218437e-02 | 3.902884e-07 | 1.076542e+03 |
| 9.418838e-02 | 3.902102e-07 | 1.099948e+03 |
| 9.619238e-02 | 3.901303e-07 | 1.123354e+03 |
| 9.819639e-02 | 3.900487e-07 | 1.146759e+03 |
| 1.002004e-01 | 3.899654e-07 | 1.170164e+03 |
| 1.022044e-01 | 3.898805e-07 | 1.193567e+03 |
| 1.042084e-01 | 3.897938e-07 | 1.216970e+03 |
| 1.062124e-01 | 3.897055e-07 | 1.240372e+03 |
| 1.082164e-01 | 3.896155e-07 | 1.263772e+03 |
| 1.102204e-01 | 3.895239e-07 | 1.287171e+03 |
| 1.122244e-01 | 3.894305e-07 | 1.310569e+03 |
| 1.142285e-01 | 3.893355e-07 | 1.333965e+03 |
| 1.162325e-01 | 3.892388e-07 | 1.357360e+03 |
| 1.182365e-01 | 3.891404e-07 | 1.380752e+03 |
| 1.202405e-01 | 3.890404e-07 | 1.404143e+03 |
| 1.222445e-01 | 3.889386e-07 | 1.427531e+03 |
| 1.242485e-01 | 3.888352e-07 | 1.450918e+03 |
| 1.262525e-01 | 3.887301e-07 | 1.474301e+03 |
| 1.282565e-01 | 3.886233e-07 | 1.497682e+03 |
| 1.302605e-01 | 3.885149e-07 | 1.521060e+03 |
| 1.322645e-01 | 3.884048e-07 | 1.544435e+03 |
| 1.342685e-01 | 3.882930e-07 | 1.567807e+03 |
| 1.362725e-01 | 3.881795e-07 | 1.591176e+03 |
| 1.382766e-01 | 3.880644e-07 | 1.614540e+03 |
| 1.402806e-01 | 3.879476e-07 | 1.637901e+03 |
| 1.422846e-01 | 3.878291e-07 | 1.661258e+03 |
| 1.442886e-01 | 3.877090e-07 | 1.684610e+03 |
| 1.462926e-01 | 3.875871e-07 | 1.707958e+03 |
| 1.482966e-01 | 3.874636e-07 | 1.731301e+03 |
| 1.503006e-01 | 3.873385e-07 | 1.754639e+03 |
| 1.523046e-01 | 3.872117e-07 | 1.777972e+03 |
| 1.543086e-01 | 3.870832e-07 | 1.801299e+03 |
| 1.563126e-01 | 3.869530e-07 | 1.824620e+03 |
| 1.583166e-01 | 3.868212e-07 | 1.847935e+03 |
| 1.603206e-01 | 3.866877e-07 | 1.871243e+03 |
| 1.623246e-01 | 3.865525e-07 | 1.894545e+03 |
| 1.643287e-01 | 3.864157e-07 | 1.917839e+03 |
| 1.663327e-01 | 3.862773e-07 | 1.941126e+03 |
| 1.683367e-01 | 3.861371e-07 | 1.964406e+03 |
| 1.703407e-01 | 3.859954e-07 | 1.987677e+03 |
| 1.723447e-01 | 3.858519e-07 | 2.010940e+03 |
| 1.743487e-01 | 3.857068e-07 | 2.034194e+03 |
| 1.763527e-01 | 3.855601e-07 | 2.057439e+03 |
| 1.783567e-01 | 3.854117e-07 | 2.080674e+03 |
| 1.803607e-01 | 3.852616e-07 | 2.103899e+03 |
| 1.823647e-01 | 3.851099e-07 | 2.127114e+03 |
| 1.843687e-01 | 3.849566e-07 | 2.150319e+03 |
| 1.863727e-01 | 3.848016e-07 | 2.173512e+03 |
| 1.883768e-01 | 3.846450e-07 | 2.196694e+03 |
| 1.903808e-01 | 3.844867e-07 | 2.219864e+03 |
| 1.923848e-01 | 3.843268e-07 | 2.243022e+03 |
| 1.943888e-01 | 3.841652e-07 | 2.266166e+03 |
| 1.963928e-01 | 3.840020e-07 | 2.289298e+03 |
| 1.983968e-01 | 3.838372e-07 | 2.312415e+03 |
| 2.004008e-01 | 3.836708e-07 | 2.335519e+03 |
| 2.024048e-01 | 3.835027e-07 | 2.358608e+03 |
| 2.044088e-01 | 3.833330e-07 | 2.381681e+03 |
| 2.064128e-01 | 3.831617e-07 | 2.404739e+03 |
| 2.084168e-01 | 3.829887e-07 | 2.427780e+03 |
| 2.104208e-01 | 3.828142e-07 | 2.450805e+03 |
| 2.124248e-01 | 3.826380e-07 | 2.473813e+03 |
| 2.144289e-01 | 3.824602e-07 | 2.496802e+03 |
| 2.164329e-01 | 3.822808e-07 | 2.519774e+03 |
| 2.184369e-01 | 3.820998e-07 | 2.542726e+03 |
| 2.204409e-01 | 3.819172e-07 | 2.565659e+03 |
| 2.224449e-01 | 3.817330e-07 | 2.588571e+03 |
| 2.244489e-01 | 3.815472e-07 | 2.611463e+03 |
| 2.264529e-01 | 3.813598e-07 | 2.634334e+03 |
| 2.284569e-01 | 3.811708e-07 | 2.657182e+03 |
| 2.304609e-01 | 3.809802e-07 | 2.680008e+03 |
| 2.324649e-01 | 3.807880e-07 | 2.702811e+03 |
| 2.344689e-01 | 3.805943e-07 | 2.725590e+03 |
| 2.364729e-01 | 3.803990e-07 | 2.748344e+03 |
| 2.384770e-01 | 3.802021e-07 | 2.771074e+03 |
| 2.404810e-01 | 3.800036e-07 | 2.793777e+03 |
| 2.424850e-01 | 3.798036e-07 | 2.816453e+03 |
| 2.444890e-01 | 3.796020e-07 | 2.839103e+03 |
| 2.464930e-01 | 3.793988e-07 | 2.861724e+03 |
| 2.484970e-01 | 3.791941e-07 | 2.884316e+03 |
| 2.505010e-01 | 3.789879e-07 | 2.906879e+03 |
| 2.525050e-01 | 3.787801e-07 | 2.929412e+03 |
| 2.545090e-01 | 3.785708e-07 | 2.951913e+03 |
| 2.565130e-01 | 3.783599e-07 | 2.974383e+03 |
| 2.585170e-01 | 3.781475e-07 | 2.996820e+03 |
| 2.605210e-01 | 3.779336e-07 | 3.019224e+03 |
| 2.625251e-01 | 3.777182e-07 | 3.041594e+03 |
| 2.645291e-01 | 3.775013e-07 | 3.063928e+03 |
| 2.665331e-01 | 3.772828e-07 | 3.086227e+03 |
| 2.685371e-01 | 3.770628e-07 | 3.108489e+03 |
| 2.705411e-01 | 3.768414e-07 | 3.130713e+03 |
| 2.725451e-01 | 3.766185e-07 | 3.152899e+03 |
| 2.745491e-01 | 3.763940e-07 | 3.175046e+03 |
| 2.765531e-01 | 3.761681e-07 | 3.197152e+03 |
| 2.785571e-01 | 3.759407e-07 | 3.219217e+03 |
| 2.805611e-01 | 3.757119e-07 | 3.241241e+03 |
| 2.825651e-01 | 3.754816e-07 | 3.263221e+03 |
| 2.845691e-01 | 3.752498e-07 | 3.285157e+03 |
| 2.865731e-01 | 3.750166e-07 | 3.307049e+03 |
| 2.885772e-01 | 3.747820e-07 | 3.328894e+03 |
| 2.905812e-01 | 3.745459e-07 | 3.350693e+03 |
| 2.925852e-01 | 3.743084e-07 | 3.372445e+03 |
| 2.945892e-01 | 3.740695e-07 | 3.394147e+03 |
| 2.965932e-01 | 3.738291e-07 | 3.415800e+03 |
| 2.985972e-01 | 3.735874e-07 | 3.437401e+03 |
| 3.006012e-01 | 3.733442e-07 | 3.458951e+03 |
| 3.026052e-01 | 3.730997e-07 | 3.480448e+03 |
| 3.046092e-01 | 3.728538e-07 | 3.501892e+03 |
| 3.066132e-01 | 3.726065e-07 | 3.523280e+03 |
| 3.086172e-01 | 3.723579e-07 | 3.544612e+03 |
| 3.106212e-01 | 3.721079e-07 | 3.565887e+03 |
| 3.126253e-01 | 3.718565e-07 | 3.587104e+03 |
| 3.146293e-01 | 3.716038e-07 | 3.608261e+03 |
| 3.166333e-01 | 3.713498e-07 | 3.629358e+03 |
| 3.186373e-01 | 3.710945e-07 | 3.650394e+03 |
| 3.206413e-01 | 3.708378e-07 | 3.671366e+03 |
| 3.226453e-01 | 3.705799e-07 | 3.692275e+03 |
| 3.246493e-01 | 3.703206e-07 | 3.713119e+03 |
| 3.266533e-01 | 3.700601e-07 | 3.733896e+03 |
| 3.286573e-01 | 3.697983e-07 | 3.754606e+03 |
| 3.306613e-01 | 3.695352e-07 | 3.775248e+03 |
| 3.326653e-01 | 3.692709e-07 | 3.795820e+03 |
| 3.346693e-01 | 3.690053e-07 | 3.816320e+03 |
| 3.366733e-01 | 3.687385e-07 | 3.836749e+03 |
| 3.386774e-01 | 3.684704e-07 | 3.857104e+03 |
| 3.406814e-01 | 3.682012e-07 | 3.877384e+03 |
| 3.426854e-01 | 3.679308e-07 | 3.897588e+03 |
| 3.446894e-01 | 3.676591e-07 | 3.917715e+03 |
| 3.466934e-01 | 3.673863e-07 | 3.937763e+03 |
| 3.486974e-01 | 3.671123e-07 | 3.957732e+03 |
| 3.507014e-01 | 3.668372e-07 | 3.977620e+03 |
| 3.527054e-01 | 3.665609e-07 | 3.997425e+03 |
| 3.547094e-01 | 3.662835e-07 | 4.017147e+03 |
| 3.567134e-01 | 3.660050e-07 | 4.036783e+03 |
| 3.587174e-01 | 3.657253e-07 | 4.056333e+03 |
| 3.607214e-01 | 3.654446e-07 | 4.075796e+03 |
| 3.627255e-01 | 3.651628e-07 | 4.095169e+03 |
| 3.647295e-01 | 3.648799e-07 | 4.114452e+03 |
| 3.667335e-01 | 3.645960e-07 | 4.133644e+03 |
| 3.687375e-01 | 3.643110e-07 | 4.152742e+03 |
| 3.707415e-01 | 3.640250e-07 | 4.171746e+03 |
| 3.727455e-01 | 3.637379e-07 | 4.190654e+03 |
| 3.747495e-01 | 3.634499e-07 | 4.209465e+03 |
| 3.767535e-01 | 3.631609e-07 | 4.228177e+03 |
| 3.787575e-01 | 3.628709e-07 | 4.246790e+03 |
| 3.807615e-01 | 3.625799e-07 | 4.265300e+03 |
| 3.827655e-01 | 3.622880e-07 | 4.283708e+03 |
| 3.847695e-01 | 3.619952e-07 | 4.302012e+03 |
| 3.867735e-01 | 3.617014e-07 | 4.320210e+03 |
| 3.887776e-01 | 3.614068e-07 | 4.338301e+03 |
| 3.907816e-01 | 3.611112e-07 | 4.356283e+03 |
| 3.927856e-01 | 3.608148e-07 | 4.374156e+03 |
| 3.947896e-01 | 3.605175e-07 | 4.391917e+03 |
| 3.967936e-01 | 3.602194e-07 | 4.409565e+03 |
| 3.987976e-01 | 3.599205e-07 | 4.427099e+03 |
| 4.008016e-01 | 3.596207e-07 | 4.444517e+03 |
| 4.028056e-01 | 3.593202e-07 | 4.461818e+03 |
| 4.048096e-01 | 3.590189e-07 | 4.479000e+03 |
| 4.068136e-01 | 3.587168e-07 | 4.496062e+03 |
| 4.088176e-01 | 3.584140e-07 | 4.513003e+03 |
| 4.108216e-01 | 3.581104e-07 | 4.529820e+03 |
| 4.128257e-01 | 3.578062e-07 | 4.546513e+03 |
| 4.148297e-01 | 3.575012e-07 | 4.563080e+03 |
| 4.168337e-01 | 3.571956e-07 | 4.579519e+03 |
| 4.188377e-01 | 3.568893e-07 | 4.595829e+03 |
| 4.208417e-01 | 3.565824e-07 | 4.612009e+03 |
| 4.228457e-01 | 3.562749e-07 | 4.628057e+03 |
| 4.248497e-01 | 3.559667e-07 | 4.643971e+03 |
| 4.268537e-01 | 3.556580e-07 | 4.659751e+03 |
| 4.288577e-01 | 3.553487e-07 | 4.675395e+03 |
| 4.308617e-01 | 3.550388e-07 | 4.690900e+03 |
| 4.328657e-01 | 3.547285e-07 | 4.706266e+03 |
| 4.348697e-01 | 3.544176e-07 | 4.721492e+03 |
| 4.368737e-01 | 3.541062e-07 | 4.736575e+03 |
| 4.388778e-01 | 3.537944e-07 | 4.751515e+03 |
| 4.408818e-01 | 3.534821e-07 | 4.766310e+03 |
| 4.428858e-01 | 3.531693e-07 | 4.780958e+03 |
| 4.448898e-01 | 3.528562e-07 | 4.795458e+03 |
| 4.468938e-01 | 3.525426e-07 | 4.809808e+03 |
| 4.488978e-01 | 3.522287e-07 | 4.824008e+03 |
| 4.509018e-01 | 3.519144e-07 | 4.838055e+03 |
| 4.529058e-01 | 3.515998e-07 | 4.851949e+03 |
| 4.549098e-01 | 3.512849e-07 | 4.865687e+03 |
| 4.569138e-01 | 3.509697e-07 | 4.879269e+03 |
| 4.589178e-01 | 3.506542e-07 | 4.892693e+03 |
| 4.609218e-01 | 3.503385e-07 | 4.905958e+03 |
| 4.629259e-01 | 3.500225e-07 | 4.919061e+03 |
| 4.649299e-01 | 3.497063e-07 | 4.932003e+03 |
| 4.669339e-01 | 3.493899e-07 | 4.944781e+03 |
| 4.689379e-01 | 3.490734e-07 | 4.957394e+03 |
| 4.709419e-01 | 3.487567e-07 | 4.969841e+03 |
| 4.729459e-01 | 3.484399e-07 | 4.982120e+03 |
| 4.749499e-01 | 3.481230e-07 | 4.994231e+03 |
| 4.769539e-01 | 3.478060e-07 | 5.006171e+03 |
| 4.789579e-01 | 3.474889e-07 | 5.017940e+03 |
| 4.809619e-01 | 3.471718e-07 | 5.029536e+03 |
| 4.829659e-01 | 3.468547e-07 | 5.040957e+03 |
| 4.849699e-01 | 3.465376e-07 | 5.052204e+03 |
| 4.869739e-01 | 3.462205e-07 | 5.063274e+03 |
| 4.889780e-01 | 3.459035e-07 | 5.074166e+03 |
| 4.909820e-01 | 3.455865e-07 | 5.084879e+03 |
| 4.929860e-01 | 3.452697e-07 | 5.095412e+03 |
| 4.949900e-01 | 3.449529e-07 | 5.105763e+03 |
| 4.969940e-01 | 3.446363e-07 | 5.115932e+03 |
| 4.989980e-01 | 3.443199e-07 | 5.125917e+03 |
| 5.010020e-01 | 3.440036e-07 | 5.135717e+03 |
| 5.030060e-01 | 3.436875e-07 | 5.145331e+03 |
| 5.050100e-01 | 3.433717e-07 | 5.154758e+03 |
| 5.070140e-01 | 3.430562e-07 | 5.163997e+03 |
| 5.090180e-01 | 3.427409e-07 | 5.173046e+03 |
| 5.110220e-01 | 3.424259e-07 | 5.181905e+03 |
| 5.130261e-01 | 3.421112e-07 | 5.190574e+03 |
| 5.150301e-01 | 3.417969e-07 | 5.199049e+03 |
| 5.170341e-01 | 3.414829e-07 | 5.207332e+03 |
| 5.190381e-01 | 3.411694e-07 | 5.215421e+03 |
| 5.210421e-01 | 3.408562e-07 | 5.223314e+03 |
| 5.230461e-01 | 3.405435e-07 | 5.231011e+03 |
| 5.250501e-01 | 3.402313e-07 | 5.238512e+03 |
| 5.270541e-01 | 3.399195e-07 | 5.245815e+03 |
| 5.290581e-01 | 3.396083e-07 | 5.252920e+03 |
| 5.310621e-01 | 3.392975e-07 | 5.259825e+03 |
| 5.330661e-01 | 3.389874e-07 | 5.266530e+03 |
| 5.350701e-01 | 3.386778e-07 | 5.273034e+03 |
| 5.370741e-01 | 3.383688e-07 | 5.279337e+03 |
| 5.390782e-01 | 3.380604e-07 | 5.285438e+03 |
| 5.410822e-01 | 3.377527e-07 | 5.291336e+03 |
| 5.430862e-01 | 3.374456e-07 | 5.297030e+03 |
| 5.450902e-01 | 3.371393e-07 | 5.302521e+03 |
| 5.470942e-01 | 3.368336e-07 | 5.307807e+03 |
| 5.490982e-01 | 3.365287e-07 | 5.312888e+03 |
| 5.511022e-01 | 3.362246e-07 | 5.317763e+03 |
| 5.531062e-01 | 3.359212e-07 | 5.322432e+03 |
| 5.551102e-01 | 3.356186e-07 | 5.326895e+03 |
| 5.571142e-01 | 3.353169e-07 | 5.331151e+03 |
| 5.591182e-01 | 3.350160e-07 | 5.335200e+03 |
| 5.611222e-01 | 3.347160e-07 | 5.339041e+03 |
| 5.631263e-01 | 3.344169e-07 | 5.342674e+03 |
| 5.651303e-01 | 3.341187e-07 | 5.346099e+03 |
| 5.671343e-01 | 3.338215e-07 | 5.349316e+03 |
| 5.691383e-01 | 3.335252e-07 | 5.352325e+03 |
| 5.711423e-01 | 3.332299e-07 | 5.355125e+03 |
| 5.731463e-01 | 3.329356e-07 | 5.357716e+03 |
| 5.751503e-01 | 3.326423e-07 | 5.360099e+03 |
| 5.771543e-01 | 3.323501e-07 | 5.362272e+03 |
| 5.791583e-01 | 3.320589e-07 | 5.364237e+03 |
| 5.811623e-01 | 3.317689e-07 | 5.365993e+03 |
| 5.831663e-01 | 3.314800e-07 | 5.367541e+03 |
| 5.851703e-01 | 3.311921e-07 | 5.368880e+03 |
| 5.871743e-01 | 3.309055e-07 | 5.370011e+03 |
| 5.891784e-01 | 3.306200e-07 | 5.370933e+03 |
| 5.911824e-01 | 3.303358e-07 | 5.371648e+03 |
| 5.931864e-01 | 3.300527e-07 | 5.372155e+03 |
| 5.951904e-01 | 3.297709e-07 | 5.372455e+03 |
| 5.971944e-01 | 3.294903e-07 | 5.372548e+03 |
| 5.991984e-01 | 3.292110e-07 | 5.372435e+03 |
| 6.012024e-01 | 3.289330e-07 | 5.372116e+03 |
| 6.032064e-01 | 3.286564e-07 | 5.371591e+03 |
| 6.052104e-01 | 3.283810e-07 | 5.370862e+03 |
| 6.072144e-01 | 3.281071e-07 | 5.369928e+03 |
| 6.092184e-01 | 3.278345e-07 | 5.368791e+03 |
| 6.112224e-01 | 3.275632e-07 | 5.367450e+03 |
| 6.132265e-01 | 3.272934e-07 | 5.365908e+03 |
| 6.152305e-01 | 3.270251e-07 | 5.364164e+03 |
| 6.172345e-01 | 3.267581e-07 | 5.362219e+03 |
| 6.192385e-01 | 3.264927e-07 | 5.360075e+03 |
| 6.212425e-01 | 3.262287e-07 | 5.357732e+03 |
| 6.232465e-01 | 3.259662e-07 | 5.355191e+03 |
| 6.252505e-01 | 3.257052e-07 | 5.352453e+03 |
| 6.272545e-01 | 3.254458e-07 | 5.349519e+03 |
| 6.292585e-01 | 3.251879e-07 | 5.346391e+03 |
| 6.312625e-01 | 3.249316e-07 | 5.343069e+03 |
| 6.332665e-01 | 3.246768e-07 | 5.339555e+03 |
| 6.352705e-01 | 3.244237e-07 | 5.335849e+03 |
| 6.372745e-01 | 3.241721e-07 | 5.331954e+03 |
| 6.392786e-01 | 3.239222e-07 | 5.327869e+03 |
| 6.412826e-01 | 3.236739e-07 | 5.323598e+03 |
| 6.432866e-01 | 3.234273e-07 | 5.319141e+03 |
| 6.452906e-01 | 3.231824e-07 | 5.314499e+03 |
| 6.472946e-01 | 3.229391e-07 | 5.309675e+03 |
| 6.492986e-01 | 3.226975e-07 | 5.304669e+03 |
| 6.513026e-01 | 3.224576e-07 | 5.299484e+03 |
| 6.533066e-01 | 3.222195e-07 | 5.294120e+03 |
| 6.553106e-01 | 3.219831e-07 | 5.288580e+03 |
| 6.573146e-01 | 3.217484e-07 | 5.282865e+03 |
| 6.593186e-01 | 3.215155e-07 | 5.276978e+03 |
| 6.613226e-01 | 3.212844e-07 | 5.270919e+03 |
| 6.633267e-01 | 3.210550e-07 | 5.264690e+03 |
| 6.653307e-01 | 3.208275e-07 | 5.258295e+03 |
| 6.673347e-01 | 3.206017e-07 | 5.251734e+03 |
| 6.693387e-01 | 3.203778e-07 | 5.245009e+03 |
| 6.713427e-01 | 3.201556e-07 | 5.238123e+03 |
| 6.733467e-01 | 3.199353e-07 | 5.231077e+03 |
| 6.753507e-01 | 3.197169e-07 | 5.223874e+03 |
| 6.773547e-01 | 3.195003e-07 | 5.216515e+03 |
| 6.793587e-01 | 3.192855e-07 | 5.209004e+03 |
| 6.813627e-01 | 3.190727e-07 | 5.201342e+03 |
| 6.833667e-01 | 3.188617e-07 | 5.193531e+03 |
| 6.853707e-01 | 3.186525e-07 | 5.185573e+03 |
| 6.873747e-01 | 3.184453e-07 | 5.177472e+03 |
| 6.893788e-01 | 3.182400e-07 | 5.169228e+03 |
| 6.913828e-01 | 3.180365e-07 | 5.160846e+03 |
| 6.933868e-01 | 3.178350e-07 | 5.152326e+03 |
| 6.953908e-01 | 3.176354e-07 | 5.143672e+03 |
| 6.973948e-01 | 3.174376e-07 | 5.134886e+03 |
| 6.993988e-01 | 3.172419e-07 | 5.125971e+03 |
| 7.014028e-01 | 3.170480e-07 | 5.116928e+03 |
| 7.034068e-01 | 3.168561e-07 | 5.107761e+03 |
| 7.054108e-01 | 3.166661e-07 | 5.098472e+03 |
| 7.074148e-01 | 3.164780e-07 | 5.089064e+03 |
| 7.094188e-01 | 3.162919e-07 | 5.079539e+03 |
| 7.114228e-01 | 3.161078e-07 | 5.069901e+03 |
| 7.134269e-01 | 3.159255e-07 | 5.060151e+03 |
| 7.154309e-01 | 3.157453e-07 | 5.050293e+03 |
| 7.174349e-01 | 3.155669e-07 | 5.040328e+03 |
| 7.194389e-01 | 3.153906e-07 | 5.030261e+03 |
| 7.214429e-01 | 3.152162e-07 | 5.020094e+03 |
| 7.234469e-01 | 3.150437e-07 | 5.009829e+03 |
| 7.254509e-01 | 3.148732e-07 | 4.999469e+03 |
| 7.274549e-01 | 3.147046e-07 | 4.989017e+03 |
| 7.294589e-01 | 3.145380e-07 | 4.978477e+03 |
| 7.314629e-01 | 3.143733e-07 | 4.967850e+03 |
| 7.334669e-01 | 3.142106e-07 | 4.957139e+03 |
| 7.354709e-01 | 3.140499e-07 | 4.946349e+03 |
| 7.374749e-01 | 3.138910e-07 | 4.935480e+03 |
| 7.394790e-01 | 3.137342e-07 | 4.924537e+03 |
| 7.414830e-01 | 3.135792e-07 | 4.913521e+03 |
| 7.434870e-01 | 3.134262e-07 | 4.902437e+03 |
| 7.454910e-01 | 3.132752e-07 | 4.891287e+03 |
| 7.474950e-01 | 3.131261e-07 | 4.880073e+03 |
| 7.494990e-01 | 3.129789e-07 | 4.868799e+03 |
| 7.515030e-01 | 3.128336e-07 | 4.857467e+03 |
| 7.535070e-01 | 3.126902e-07 | 4.846081e+03 |
| 7.555110e-01 | 3.125488e-07 | 4.834642e+03 |
| 7.575150e-01 | 3.124093e-07 | 4.823155e+03 |
| 7.595190e-01 | 3.122716e-07 | 4.811622e+03 |
| 7.615230e-01 | 3.121359e-07 | 4.800045e+03 |
| 7.635271e-01 | 3.120021e-07 | 4.788428e+03 |
| 7.655311e-01 | 3.118701e-07 | 4.776774e+03 |
| 7.675351e-01 | 3.117401e-07 | 4.765084e+03 |
| 7.695391e-01 | 3.116119e-07 | 4.753362e+03 |
| 7.715431e-01 | 3.114855e-07 | 4.741611e+03 |
| 7.735471e-01 | 3.113610e-07 | 4.729834e+03 |
| 7.755511e-01 | 3.112384e-07 | 4.718033e+03 |
| 7.775551e-01 | 3.111176e-07 | 4.706210e+03 |
| 7.795591e-01 | 3.109987e-07 | 4.694369e+03 |
| 7.815631e-01 | 3.108815e-07 | 4.682512e+03 |
| 7.835671e-01 | 3.107662e-07 | 4.670642e+03 |
| 7.855711e-01 | 3.106527e-07 | 4.658761e+03 |
| 7.875752e-01 | 3.105410e-07 | 4.646872e+03 |
| 7.895792e-01 | 3.104311e-07 | 4.634978e+03 |
| 7.915832e-01 | 3.103229e-07 | 4.623080e+03 |
| 7.935872e-01 | 3.102166e-07 | 4.611182e+03 |
| 7.955912e-01 | 3.101120e-07 | 4.599286e+03 |
| 7.975952e-01 | 3.100091e-07 | 4.587394e+03 |
| 7.995992e-01 | 3.099080e-07 | 4.575508e+03 |
| 8.016032e-01 | 3.098086e-07 | 4.563631e+03 |
| 8.036072e-01 | 3.097109e-07 | 4.551765e+03 |
| 8.056112e-01 | 3.096149e-07 | 4.539912e+03 |
| 8.076152e-01 | 3.095206e-07 | 4.528075e+03 |
| 8.096192e-01 | 3.094280e-07 | 4.516256e+03 |
| 8.116232e-01 | 3.093370e-07 | 4.504456e+03 |
| 8.136273e-01 | 3.092477e-07 | 4.492677e+03 |
| 8.156313e-01 | 3.091601e-07 | 4.480923e+03 |
| 8.176353e-01 | 3.090741e-07 | 4.469194e+03 |
| 8.196393e-01 | 3.089897e-07 | 4.457492e+03 |
| 8.216433e-01 | 3.089069e-07 | 4.445820e+03 |
| 8.236473e-01 | 3.088257e-07 | 4.434179e+03 |
| 8.256513e-01 | 3.087461e-07 | 4.422571e+03 |
| 8.276553e-01 | 3.086680e-07 | 4.410997e+03 |
| 8.296593e-01 | 3.085915e-07 | 4.399460e+03 |
| 8.316633e-01 | 3.085165e-07 | 4.387960e+03 |
| 8.336673e-01 | 3.084431e-07 | 4.376499e+03 |
| 8.356713e-01 | 3.083712e-07 | 4.365079e+03 |
| 8.376754e-01 | 3.083007e-07 | 4.353701e+03 |
| 8.396794e-01 | 3.082318e-07 | 4.342366e+03 |
| 8.416834e-01 | 3.081643e-07 | 4.331076e+03 |
| 8.436874e-01 | 3.080983e-07 | 4.319832e+03 |
| 8.456914e-01 | 3.080337e-07 | 4.308635e+03 |
| 8.476954e-01 | 3.079705e-07 | 4.297487e+03 |
| 8.496994e-01 | 3.079087e-07 | 4.286387e+03 |
| 8.517034e-01 | 3.078484e-07 | 4.275338e+03 |
| 8.537074e-01 | 3.077894e-07 | 4.264340e+03 |
| 8.557114e-01 | 3.077318e-07 | 4.253394e+03 |
| 8.577154e-01 | 3.076755e-07 | 4.242501e+03 |
| 8.597194e-01 | 3.076206e-07 | 4.231662e+03 |
| 8.617234e-01 | 3.075669e-07 | 4.220877e+03 |
| 8.637275e-01 | 3.075146e-07 | 4.210148e+03 |
| 8.657315e-01 | 3.074636e-07 | 4.199474e+03 |
| 8.677355e-01 | 3.074138e-07 | 4.188856e+03 |
| 8.697395e-01 | 3.073653e-07 | 4.178296e+03 |
| 8.717435e-01 | 3.073181e-07 | 4.167792e+03 |
| 8.737475e-01 | 3.072720e-07 | 4.157346e+03 |
| 8.757515e-01 | 3.072272e-07 | 4.146959e+03 |
| 8.777555e-01 | 3.071835e-07 | 4.136629e+03 |
| 8.797595e-01 | 3.071411e-07 | 4.126358e+03 |
| 8.817635e-01 | 3.070997e-07 | 4.116146e+03 |
| 8.837675e-01 | 3.070596e-07 | 4.105993e+03 |
| 8.857715e-01 | 3.070205e-07 | 4.095900e+03 |
| 8.877756e-01 | 3.069826e-07 | 4.085865e+03 |
| 8.897796e-01 | 3.069457e-07 | 4.075890e+03 |
| 8.917836e-01 | 3.069100e-07 | 4.065973e+03 |
| 8.937876e-01 | 3.068752e-07 | 4.056116e+03 |
| 8.957916e-01 | 3.068416e-07 | 4.046319e+03 |
| 8.977956e-01 | 3.068089e-07 | 4.036580e+03 |
| 8.997996e-01 | 3.067773e-07 | 4.026900e+03 |
| 9.018036e-01 | 3.067467e-07 | 4.017279e+03 |
| 9.038076e-01 | 3.067170e-07 | 4.007716e+03 |
| 9.058116e-01 | 3.066883e-07 | 3.998211e+03 |
| 9.078156e-01 | 3.066605e-07 | 3.988765e+03 |
| 9.098196e-01 | 3.066337e-07 | 3.979376e+03 |
| 9.118236e-01 | 3.066077e-07 | 3.970044e+03 |
| 9.138277e-01 | 3.065827e-07 | 3.960770e+03 |
| 9.158317e-01 | 3.065585e-07 | 3.951552e+03 |
| 9.178357e-01 | 3.065352e-07 | 3.942390e+03 |
| 9.198397e-01 | 3.065127e-07 | 3.933284e+03 |
| 9.218437e-01 | 3.064911e-07 | 3.924234e+03 |
| 9.238477e-01 | 3.064702e-07 | 3.915238e+03 |
| 9.258517e-01 | 3.064502e-07 | 3.906297e+03 |
| 9.278557e-01 | 3.064309e-07 | 3.897410e+03 |
| 9.298597e-01 | 3.064124e-07 | 3.888577e+03 |
| 9.318637e-01 | 3.063946e-07 | 3.879797e+03 |
| 9.338677e-01 | 3.063775e-07 | 3.871069e+03 |
| 9.358717e-01 | 3.063612e-07 | 3.862393e+03 |
| 9.378758e-01 | 3.063455e-07 | 3.853769e+03 |
| 9.398798e-01 | 3.063305e-07 | 3.845195e+03 |
| 9.418838e-01 | 3.063162e-07 | 3.836672e+03 |
| 9.438878e-01 | 3.063025e-07 | 3.828199e+03 |
| 9.458918e-01 | 3.062894e-07 | 3.819775e+03 |
| 9.478958e-01 | 3.062769e-07 | 3.811400e+03 |
| 9.498998e-01 | 3.062650e-07 | 3.803073e+03 |
| 9.519038e-01 | 3.062537e-07 | 3.794793e+03 |
| 9.539078e-01 | 3.062430e-07 | 3.786561e+03 |
| 9.559118e-01 | 3.062328e-07 | 3.778375e+03 |
| 9.579158e-01 | 3.062231e-07 | 3.770235e+03 |
| 9.599198e-01 | 3.062139e-07 | 3.762141e+03 |
| 9.619238e-01 | 3.062052e-07 | 3.754091e+03 |
| 9.639279e-01 | 3.061970e-07 | 3.746086e+03 |
| 9.659319e-01 | 3.061893e-07 | 3.738124e+03 |
| 9.679359e-01 | 3.061820e-07 | 3.730205e+03 |
| 9.699399e-01 | 3.061751e-07 | 3.722329e+03 |
| 9.719439e-01 | 3.061687e-07 | 3.714495e+03 |
| 9.739479e-01 | 3.061626e-07 | 3.706702e+03 |
| 9.759519e-01 | 3.061569e-07 | 3.698950e+03 |
| 9.779559e-01 | 3.061516e-07 | 3.691239e+03 |
| 9.799599e-01 | 3.061467e-07 | 3.683567e+03 |
| 9.819639e-01 | 3.061421e-07 | 3.675935e+03 |
| 9.839679e-01 | 3.061378e-07 | 3.668341e+03 |
| 9.859719e-01 | 3.061338e-07 | 3.660785e+03 |
| 9.879760e-01 | 3.061301e-07 | 3.653268e+03 |
| 9.899800e-01 | 3.061268e-07 | 3.645787e+03 |
| 9.919840e-01 | 3.061236e-07 | 3.638343e+03 |
| 9.939880e-01 | 3.061208e-07 | 3.630936e+03 |
| 9.959920e-01 | 3.061181e-07 | 3.623563e+03 |
| 9.979960e-01 | 3.061157e-07 | 3.616226e+03 |
| 1.000000e+00 | 3.061136e-07 | 3.608924e+03 |
