Число узлов n = 21
--------------------------------------------------------------------------------------
|    x    |          u(z)          |          f(z)          |     f(z) integral      |
--------------------------------------------------------------------------------------
| 0.00000 |    3.8883458762e-07    |    0.0000000000e+00    |    0.0000000000e+00    |
| 0.05000 |    3.8821651832e-07    |   -4.4271641255e-11    |    5.8476380142e+02    |
| 0.10000 |    3.8883458762e-07    |    1.6001011148e+02    |    1.1689797409e+03    |
| 0.15000 |    3.8764263228e-07    |    9.9999926582e+02    |    1.7516820603e+03    |
| 0.20000 |    3.8525152514e-07    |    1.6469764829e+03    |    2.3300217222e+03    |
| 0.25000 |    3.8175689154e-07    |    2.2620262795e+03    |    2.8980618544e+03    |
| 0.30000 |    3.7721252048e-07    |    2.8629012906e+03    |    3.4460922890e+03    |
| 0.35000 |    3.7168482019e-07    |    3.4498870193e+03    |    3.9601741624e+03    |
| 0.40000 |    3.6527671357e-07    |    4.0160822784e+03    |    4.4222714647e+03    |
| 0.45000 |    3.5814461197e-07    |    4.5496640472e+03    |    4.8112976294e+03    |
| 0.50000 |    3.5050929827e-07    |    5.0353720938e+03    |    5.1053819019e+03    |
| 0.55000 |    3.4265695506e-07    |    5.4567630206e+03    |    5.2854892858e+03    |
| 0.60000 |    3.3492562288e-07    |    5.7998780541e+03    |    5.3401307692e+03    |
| 0.65000 |    3.2767417368e-07    |    6.0586136155e+03    |    5.2702464943e+03    |
| 0.70000 |    3.2123581928e-07    |    6.2417915525e+03    |    5.0925397669e+03    |
| 0.75000 |    3.1586551924e-07    |    6.3819329560e+03    |    4.8389633474e+03    |
| 0.80000 |    3.1169724625e-07    |    6.5472976963e+03    |    4.5504779055e+03    |
| 0.85000 |    3.0872747290e-07    |    6.8665765596e+03    |    4.2656006357e+03    |
| 0.90000 |    3.0683110410e-07    |    7.6115686246e+03    |    4.0087221221e+03    |
| 0.95000 |    3.0579874410e-07    |    9.6016086620e+03    |    3.7862185915e+03    |
| 1.00000 |    3.0537443789e-07    |    8.3814897837e+03    |    3.5929482936e+03    |
--------------------------------------------------------------------------------------