Число узлов n = 201
--------------------------------------------------------------------------------------
|    x    |          u(z)          |          f(z)          |     f(z) integral      |
--------------------------------------------------------------------------------------
| 0.00000 |    3.9200782606e-07    |    0.0000000000e+00    |    0.0000000000e+00    |
| 0.00500 |    3.9200164457e-07    |   -0.0000000000e+00    |    5.8377083252e+01    |
| 0.01000 |    3.9200782606e-07    |    1.5943256175e+01    |    1.1675399637e+02    |
| 0.01500 |    3.9199592505e-07    |    9.9780629543e+01    |    1.7513115645e+02    |
| 0.02000 |    3.9197203054e-07    |    1.6422051357e+02    |    2.3350909512e+02    |
| 0.02500 |    3.9193701224e-07    |    2.2542856185e+02    |    2.9188819177e+02    |
| 0.03000 |    3.9189115988e-07    |    2.8546256769e+02    |    3.5026877265e+02    |
| 0.03500 |    3.9183460497e-07    |    3.4493333030e+02    |    4.0865110936e+02    |
| 0.04000 |    3.9176741818e-07    |    4.0408986468e+02    |    4.6703541076e+02    |
| 0.04500 |    3.9168964178e-07    |    4.6305345906e+02    |    5.2542181352e+02    |
| 0.05000 |    3.9160130300e-07    |    5.2189046114e+02    |    5.8381037233e+02    |
| 0.05500 |    3.9150242045e-07    |    5.8064026656e+02    |    6.4220104987e+02    |
| 0.06000 |    3.9139300741e-07    |    6.3932772560e+02    |    7.0059370682e+02    |
| 0.06500 |    3.9127307375e-07    |    6.9796923925e+02    |    7.5898809169e+02    |
| 0.07000 |    3.9114262712e-07    |    7.5657599845e+02    |    8.1738383077e+02    |
| 0.07500 |    3.9100167365e-07    |    8.1515581490e+02    |    8.7578041794e+02    |
| 0.08000 |    3.9085021853e-07    |    8.7371420807e+02    |    9.3417720456e+02    |
| 0.08500 |    3.9068826631e-07    |    9.3225507743e+02    |    9.9257338933e+02    |
| 0.09000 |    3.9051582119e-07    |    9.9078113202e+02    |    1.0509680082e+03    |
| 0.09500 |    3.9033288727e-07    |    1.0492941724e+03    |    1.1093599240e+03    |
| 0.10000 |    3.9013946867e-07    |    1.1077952800e+03    |    1.1677478170e+03    |
| 0.10500 |    3.8993556972e-07    |    1.1662849463e+03    |    1.2261301739e+03    |
| 0.11000 |    3.8972119508e-07    |    1.2247631618e+03    |    1.2845052784e+03    |
| 0.11500 |    3.8949634986e-07    |    1.2832294783e+03    |    1.3428712012e+03    |
| 0.12000 |    3.8926103972e-07    |    1.3416830518e+03    |    1.4012257895e+03    |
| 0.12500 |    3.8901527102e-07    |    1.4001226726e+03    |    1.4595666577e+03    |
| 0.13000 |    3.8875905088e-07    |    1.4585467856e+03    |    1.5178911769e+03    |
| 0.13500 |    3.8849238731e-07    |    1.5169535034e+03    |    1.5761964654e+03    |
| 0.14000 |    3.8821528933e-07    |    1.5753406145e+03    |    1.6344793791e+03    |
| 0.14500 |    3.8792776704e-07    |    1.6337055882e+03    |    1.6927365013e+03    |
| 0.15000 |    3.8762983175e-07    |    1.6920455753e+03    |    1.7509641333e+03    |
| 0.15500 |    3.8732149610e-07    |    1.7503574083e+03    |    1.8091582852e+03    |
| 0.16000 |    3.8700277413e-07    |    1.8086375983e+03    |    1.8673146661e+03    |
| 0.16500 |    3.8667368144e-07    |    1.8668823323e+03    |    1.9254286749e+03    |
| 0.17000 |    3.8633423530e-07    |    1.9250874676e+03    |    1.9834953914e+03    |
| 0.17500 |    3.8598445472e-07    |    1.9832485276e+03    |    2.0415095670e+03    |
| 0.18000 |    3.8562436062e-07    |    2.0413606954e+03    |    2.0994656159e+03    |
| 0.18500 |    3.8525397595e-07    |    2.0994188078e+03    |    2.1573576067e+03    |
| 0.19000 |    3.8487332578e-07    |    2.1574173488e+03    |    2.2151792537e+03    |
| 0.19500 |    3.8448243746e-07    |    2.2153504431e+03    |    2.2729239087e+03    |
| 0.20000 |    3.8408134073e-07    |    2.2732118493e+03    |    2.3305845530e+03    |
| 0.20500 |    3.8367006790e-07    |    2.3309949530e+03    |    2.3881537899e+03    |
| 0.21000 |    3.8324865389e-07    |    2.3886927607e+03    |    2.4456238367e+03    |
| 0.21500 |    3.8281713646e-07    |    2.4462978926e+03    |    2.5029865179e+03    |
| 0.22000 |    3.8237555631e-07    |    2.5038025761e+03    |    2.5602332585e+03    |
| 0.22500 |    3.8192395722e-07    |    2.5611986404e+03    |    2.6173550769e+03    |
| 0.23000 |    3.8146238617e-07    |    2.6184775093e+03    |    2.6743425792e+03    |
| 0.23500 |    3.8099089354e-07    |    2.6756301965e+03    |    2.7311859534e+03    |
| 0.24000 |    3.8050953321e-07    |    2.7326472994e+03    |    2.7878749639e+03    |
| 0.24500 |    3.8001836272e-07    |    2.7895189944e+03    |    2.8443989467e+03    |
| 0.25000 |    3.7951744341e-07    |    2.8462350322e+03    |    2.9007468050e+03    |
| 0.25500 |    3.7900684058e-07    |    2.9027847333e+03    |    2.9569070052e+03    |
| 0.26000 |    3.7848662362e-07    |    2.9591569843e+03    |    3.0128675736e+03    |
| 0.26500 |    3.7795686617e-07    |    3.0153402344e+03    |    3.0686160937e+03    |
| 0.27000 |    3.7741764627e-07    |    3.0713224928e+03    |    3.1241397038e+03    |
| 0.27500 |    3.7686904650e-07    |    3.1270913263e+03    |    3.1794250954e+03    |
| 0.28000 |    3.7631115413e-07    |    3.1826338577e+03    |    3.2344585126e+03    |
| 0.28500 |    3.7574406126e-07    |    3.2379367646e+03    |    3.2892257515e+03    |
| 0.29000 |    3.7516786497e-07    |    3.2929862791e+03    |    3.3437121611e+03    |
| 0.29500 |    3.7458266744e-07    |    3.3477681885e+03    |    3.3979026442e+03    |
| 0.30000 |    3.7398857614e-07    |    3.4022678358e+03    |    3.4517816598e+03    |
| 0.30500 |    3.7338570391e-07    |    3.4564701219e+03    |    3.5053332261e+03    |
| 0.31000 |    3.7277416912e-07    |    3.5103595083e+03    |    3.5585409240e+03    |
| 0.31500 |    3.7215409582e-07    |    3.5639200204e+03    |    3.6113879022e+03    |
| 0.32000 |    3.7152561381e-07    |    3.6171352523e+03    |    3.6638568827e+03    |
| 0.32500 |    3.7088885883e-07    |    3.6699883719e+03    |    3.7159301674e+03    |
| 0.33000 |    3.7024397261e-07    |    3.7224621272e+03    |    3.7675896463e+03    |
| 0.33500 |    3.6959110305e-07    |    3.7745388540e+03    |    3.8188168056e+03    |
| 0.34000 |    3.6893040426e-07    |    3.8262004840e+03    |    3.8695927381e+03    |
| 0.34500 |    3.6826203670e-07    |    3.8774285541e+03    |    3.9198981542e+03    |
| 0.35000 |    3.6758616727e-07    |    3.9282042178e+03    |    3.9697133938e+03    |
| 0.35500 |    3.6690296938e-07    |    3.9785082559e+03    |    4.0190184399e+03    |
| 0.36000 |    3.6621262303e-07    |    4.0283210904e+03    |    4.0677929335e+03    |
| 0.36500 |    3.6551531490e-07    |    4.0776227982e+03    |    4.1160161891e+03    |
| 0.37000 |    3.6481123837e-07    |    4.1263931266e+03    |    4.1636672122e+03    |
| 0.37500 |    3.6410059360e-07    |    4.1746115102e+03    |    4.2107247178e+03    |
| 0.38000 |    3.6338358756e-07    |    4.2222570891e+03    |    4.2571671504e+03    |
| 0.38500 |    3.6266043407e-07    |    4.2693087280e+03    |    4.3029727054e+03    |
| 0.39000 |    3.6193135380e-07    |    4.3157450372e+03    |    4.3481193516e+03    |
| 0.39500 |    3.6119657428e-07    |    4.3615443950e+03    |    4.3925848556e+03    |
| 0.40000 |    3.6045632990e-07    |    4.4066849713e+03    |    4.4363468077e+03    |
| 0.40500 |    3.5971086189e-07    |    4.4511447526e+03    |    4.4793826483e+03    |
| 0.41000 |    3.5896041827e-07    |    4.4949015688e+03    |    4.5216696971e+03    |
| 0.41500 |    3.5820525384e-07    |    4.5379331211e+03    |    4.5631851833e+03    |
| 0.42000 |    3.5744563006e-07    |    4.5802170120e+03    |    4.6039062765e+03    |
| 0.42500 |    3.5668181503e-07    |    4.6217307761e+03    |    4.6438101206e+03    |
| 0.43000 |    3.5591408338e-07    |    4.6624519126e+03    |    4.6828738679e+03    |
| 0.43500 |    3.5514271613e-07    |    4.7023579199e+03    |    4.7210747153e+03    |
| 0.44000 |    3.5436800061e-07    |    4.7414263309e+03    |    4.7583899419e+03    |
| 0.44500 |    3.5359023028e-07    |    4.7796347504e+03    |    4.7947969482e+03    |
| 0.45000 |    3.5280970460e-07    |    4.8169608937e+03    |    4.8302732963e+03    |
| 0.45500 |    3.5202672886e-07    |    4.8533826265e+03    |    4.8647967520e+03    |
| 0.46000 |    3.5124161392e-07    |    4.8888780066e+03    |    4.8983453278e+03    |
| 0.46500 |    3.5045467610e-07    |    4.9234253272e+03    |    4.9308973279e+03    |
| 0.47000 |    3.4966623686e-07    |    4.9570031608e+03    |    4.9624313935e+03    |
| 0.47500 |    3.4887662258e-07    |    4.9895904051e+03    |    4.9929265505e+03    |
| 0.48000 |    3.4808616433e-07    |    5.0211663298e+03    |    5.0223622575e+03    |
| 0.48500 |    3.4729519753e-07    |    5.0517106250e+03    |    5.0507184550e+03    |
| 0.49000 |    3.4650406167e-07    |    5.0812034507e+03    |    5.0779756162e+03    |
| 0.49500 |    3.4571310000e-07    |    5.1096254866e+03    |    5.1041147978e+03    |
| 0.50000 |    3.4492265914e-07    |    5.1369579841e+03    |    5.1291176925e+03    |
| 0.50500 |    3.4413308880e-07    |    5.1631828186e+03    |    5.1529666820e+03    |
| 0.51000 |    3.4334474133e-07    |    5.1882825424e+03    |    5.1756448899e+03    |
| 0.51500 |    3.4255797136e-07    |    5.2122404386e+03    |    5.1971362363e+03    |
| 0.52000 |    3.4177313539e-07    |    5.2350405757e+03    |    5.2174254918e+03    |
| 0.52500 |    3.4099059137e-07    |    5.2566678626e+03    |    5.2364983321e+03    |
| 0.53000 |    3.4021069822e-07    |    5.2771081035e+03    |    5.2543413926e+03    |
| 0.53500 |    3.3943381542e-07    |    5.2963480535e+03    |    5.2709423231e+03    |
| 0.54000 |    3.3866030251e-07    |    5.3143754743e+03    |    5.2862898417e+03    |
| 0.54500 |    3.3789051862e-07    |    5.3311791891e+03    |    5.3003737890e+03    |
| 0.55000 |    3.3712482197e-07    |    5.3467491377e+03    |    5.3131851809e+03    |
| 0.55500 |    3.3636356936e-07    |    5.3610764315e+03    |    5.3247162611e+03    |
| 0.56000 |    3.3560711563e-07    |    5.3741534065e+03    |    5.3349605524e+03    |
| 0.56500 |    3.3485581320e-07    |    5.3859736769e+03    |    5.3439129065e+03    |
| 0.57000 |    3.3411001145e-07    |    5.3965321868e+03    |    5.3515695526e+03    |
| 0.57500 |    3.3337005626e-07    |    5.4058252606e+03    |    5.3579281441e+03    |
| 0.58000 |    3.3263628941e-07    |    5.4138506520e+03    |    5.3629878034e+03    |
| 0.58500 |    3.3190904805e-07    |    5.4206075913e+03    |    5.3667491644e+03    |
| 0.59000 |    3.3118866416e-07    |    5.4260968305e+03    |    5.3692144123e+03    |
| 0.59500 |    3.3047546402e-07    |    5.4303206863e+03    |    5.3703873213e+03    |
| 0.60000 |    3.2976976760e-07    |    5.4332830802e+03    |    5.3702732882e+03    |
| 0.60500 |    3.2907188808e-07    |    5.4349895763e+03    |    5.3688793639e+03    |
| 0.61000 |    3.2838213131e-07    |    5.4354474158e+03    |    5.3662142801e+03    |
| 0.61500 |    3.2770079524e-07    |    5.4346655480e+03    |    5.3622884732e+03    |
| 0.62000 |    3.2702816944e-07    |    5.4326546581e+03    |    5.3571141032e+03    |
| 0.62500 |    3.2636453457e-07    |    5.4294271905e+03    |    5.3507050686e+03    |
| 0.63000 |    3.2571016192e-07    |    5.4249973688e+03    |    5.3430770166e+03    |
| 0.63500 |    3.2506531288e-07    |    5.4193812107e+03    |    5.3342473480e+03    |
| 0.64000 |    3.2443023853e-07    |    5.4125965385e+03    |    5.3242352169e+03    |
| 0.64500 |    3.2380517918e-07    |    5.4046629845e+03    |    5.3130615253e+03    |
| 0.65000 |    3.2319036392e-07    |    5.3956019915e+03    |    5.3007489111e+03    |
| 0.65500 |    3.2258601030e-07    |    5.3854368077e+03    |    5.2873217309e+03    |
| 0.66000 |    3.2199232386e-07    |    5.3741924760e+03    |    5.2728060358e+03    |
| 0.66500 |    3.2140949788e-07    |    5.3618958172e+03    |    5.2572295414e+03    |
| 0.67000 |    3.2083771297e-07    |    5.3485754076e+03    |    5.2406215907e+03    |
| 0.67500 |    3.2027713689e-07    |    5.3342615503e+03    |    5.2230131102e+03    |
| 0.68000 |    3.1972792417e-07    |    5.3189862397e+03    |    5.2044365592e+03    |
| 0.68500 |    3.1919021601e-07    |    5.3027831200e+03    |    5.1849258718e+03    |
| 0.69000 |    3.1866413999e-07    |    5.2856874371e+03    |    5.1645163921e+03    |
| 0.69500 |    3.1814980996e-07    |    5.2677359836e+03    |    5.1432448019e+03    |
| 0.70000 |    3.1764732593e-07    |    5.2489670377e+03    |    5.1211490409e+03    |
| 0.70500 |    3.1715677395e-07    |    5.2294202950e+03    |    5.0982682206e+03    |
| 0.71000 |    3.1667822608e-07    |    5.2091367945e+03    |    5.0746425302e+03    |
| 0.71500 |    3.1621174037e-07    |    5.1881588372e+03    |    5.0503131361e+03    |
| 0.72000 |    3.1575736090e-07    |    5.1665298999e+03    |    5.0253220744e+03    |
| 0.72500 |    3.1531511780e-07    |    5.1442945421e+03    |    4.9997121371e+03    |
| 0.73000 |    3.1488502739e-07    |    5.1214983080e+03    |    4.9735267516e+03    |
| 0.73500 |    3.1446709227e-07    |    5.0981876227e+03    |    4.9468098549e+03    |
| 0.74000 |    3.1406130152e-07    |    5.0744096844e+03    |    4.9196057621e+03    |
| 0.74500 |    3.1366763087e-07    |    5.0502123525e+03    |    4.8919590300e+03    |
| 0.75000 |    3.1328604291e-07    |    5.0256440313e+03    |    4.8639143164e+03    |
| 0.75500 |    3.1291648740e-07    |    5.0007535525e+03    |    4.8355162356e+03    |
| 0.76000 |    3.1255890150e-07    |    4.9755900543e+03    |    4.8068092111e+03    |
| 0.76500 |    3.1221321014e-07    |    4.9502028609e+03    |    4.7778373257e+03    |
| 0.77000 |    3.1187932628e-07    |    4.9246413613e+03    |    4.7486441709e+03    |
| 0.77500 |    3.1155715133e-07    |    4.8989548899e+03    |    4.7192726952e+03    |
| 0.78000 |    3.1124657551e-07    |    4.8731926091e+03    |    4.6897650534e+03    |
| 0.78500 |    3.1094747824e-07    |    4.8474033969e+03    |    4.6601624573e+03    |
| 0.79000 |    3.1065972852e-07    |    4.8216357393e+03    |    4.6305050294e+03    |
| 0.79500 |    3.1038318540e-07    |    4.7959376301e+03    |    4.6008316606e+03    |
| 0.80000 |    3.1011769838e-07    |    4.7703564801e+03    |    4.5711798723e+03    |
| 0.80500 |    3.0986310784e-07    |    4.7449390375e+03    |    4.5415856859e+03    |
| 0.81000 |    3.0961924551e-07    |    4.7197313211e+03    |    4.5120834992e+03    |
| 0.81500 |    3.0938593486e-07    |    4.6947785697e+03    |    4.4827059724e+03    |
| 0.82000 |    3.0916299157e-07    |    4.6701252090e+03    |    4.4534839231e+03    |
| 0.82500 |    3.0895022397e-07    |    4.6458148404e+03    |    4.4244462342e+03    |
| 0.83000 |    3.0874743346e-07    |    4.6218902531e+03    |    4.3956197733e+03    |
| 0.83500 |    3.0855441491e-07    |    4.5983934632e+03    |    4.3670293261e+03    |
| 0.84000 |    3.0837095711e-07    |    4.5753657842e+03    |    4.3386975443e+03    |
| 0.84500 |    3.0819684314e-07    |    4.5528479320e+03    |    4.3106449097e+03    |
| 0.85000 |    3.0803185079e-07    |    4.5308801694e+03    |    4.2828897137e+03    |
| 0.85500 |    3.0787575291e-07    |    4.5095024938e+03    |    4.2554480539e+03    |
| 0.86000 |    3.0772831777e-07    |    4.4887548766e+03    |    4.2283338484e+03    |
| 0.86500 |    3.0758930945e-07    |    4.4686775569e+03    |    4.2015588664e+03    |
| 0.87000 |    3.0745848815e-07    |    4.4493114009e+03    |    4.1751327769e+03    |
| 0.87500 |    3.0733561052e-07    |    4.4306983339e+03    |    4.1490632128e+03    |
| 0.88000 |    3.0722042998e-07    |    4.4128818559e+03    |    4.1233558517e+03    |
| 0.88500 |    3.0711269703e-07    |    4.3959076548e+03    |    4.0980145117e+03    |
| 0.89000 |    3.0701215957e-07    |    4.3798243334e+03    |    4.0730412595e+03    |
| 0.89500 |    3.0691856314e-07    |    4.3646842694e+03    |    4.0484365309e+03    |
| 0.90000 |    3.0683165128e-07    |    4.3505446355e+03    |    4.0241992609e+03    |
| 0.90500 |    3.0675116577e-07    |    4.3374686117e+03    |    4.0003270212e+03    |
| 0.91000 |    3.0667684697e-07    |    4.3255268305e+03    |    3.9768161620e+03    |
| 0.91500 |    3.0660843406e-07    |    4.3147991115e+03    |    3.9536619571e+03    |
| 0.92000 |    3.0654566540e-07    |    4.3053765554e+03    |    3.9308587476e+03    |
| 0.92500 |    3.0648827884e-07    |    4.2973640904e+03    |    3.9084000829e+03    |
| 0.93000 |    3.0643601204e-07    |    4.2908835981e+03    |    3.8862788565e+03    |
| 0.93500 |    3.0638860281e-07    |    4.2860777854e+03    |    3.8644874327e+03    |
| 0.94000 |    3.0634578951e-07    |    4.2831150305e+03    |    3.8430177645e+03    |
| 0.94500 |    3.0630731143e-07    |    4.2821955163e+03    |    3.8218614995e+03    |
| 0.95000 |    3.0627290921e-07    |    4.2835590852e+03    |    3.8010100737e+03    |
| 0.95500 |    3.0624232528e-07    |    4.2874954239e+03    |    3.7804547923e+03    |
| 0.96000 |    3.0621530435e-07    |    4.2943574511e+03    |    3.7601868986e+03    |
| 0.96500 |    3.0619159392e-07    |    4.3045791651e+03    |    3.7401976307e+03    |
| 0.97000 |    3.0617094482e-07    |    4.3186998151e+03    |    3.7204782687e+03    |
| 0.97500 |    3.0615311178e-07    |    4.3373971887e+03    |    3.7010201731e+03    |
| 0.98000 |    3.0613785409e-07    |    4.3615343227e+03    |    3.6818148167e+03    |
| 0.98500 |    3.0612493621e-07    |    4.3922264152e+03    |    3.6628538124e+03    |
| 0.99000 |    3.0611412853e-07    |    4.4309389356e+03    |    3.6441289378e+03    |
| 0.99500 |    3.0610520806e-07    |    4.4796353235e+03    |    3.6256321593e+03    |
| 1.00000 |    3.0609795925e-07    |    4.4687893891e+03    |    3.6073556558e+03    |
--------------------------------------------------------------------------------------