Число узлов n = 801
--------------------------------------------------------------------------------------
|    x    |          u(z)          |          f(z)          |     f(z) integral      |
--------------------------------------------------------------------------------------
| 0.00000 |    3.9204990734e-07    |    0.0000000000e+00    |    0.0000000000e+00    |
| 0.00125 |    3.9204952099e-07    |   -0.0000000000e+00    |    1.4593948840e+01    |
| 0.00250 |    3.9204990734e-07    |    3.9856188898e+00    |    2.9187895077e+01    |
| 0.00375 |    3.9204916354e-07    |    2.4944565548e+01    |    4.3781845433e+01    |
| 0.00500 |    3.9204767017e-07    |    4.1054002889e+01    |    5.8375808719e+01    |
| 0.00625 |    3.9204548159e-07    |    5.6355205668e+01    |    7.2969791811e+01    |
| 0.00750 |    3.9204261592e-07    |    7.1362523828e+01    |    8.7563801352e+01    |
| 0.00875 |    3.9203908140e-07    |    8.6228571347e+01    |    1.0215784388e+02    |
| 0.01000 |    3.9203488246e-07    |    1.0101552815e+02    |    1.1675192584e+02    |
| 0.01125 |    3.9203002177e-07    |    1.1575365623e+02    |    1.3134605359e+02    |
| 0.01250 |    3.9202450104e-07    |    1.3045949840e+02    |    1.4594023342e+02    |
| 0.01375 |    3.9201832144e-07    |    1.4514287785e+02    |    1.6053447149e+02    |
| 0.01500 |    3.9201148382e-07    |    1.5981000229e+02    |    1.7512877389e+02    |
| 0.01625 |    3.9200398879e-07    |    1.7446499039e+02    |    1.8972314657e+02    |
| 0.01750 |    3.9199583683e-07    |    1.8911068421e+02    |    2.0431759537e+02    |
| 0.01875 |    3.9198702830e-07    |    2.0374910929e+02    |    2.1891212600e+02    |
| 0.02000 |    3.9197756349e-07    |    2.1838174906e+02    |    2.3350674404e+02    |
| 0.02125 |    3.9196744262e-07    |    2.3300971531e+02    |    2.4810145489e+02    |
| 0.02250 |    3.9195666589e-07    |    2.4763385816e+02    |    2.6269626381e+02    |
| 0.02375 |    3.9194523346e-07    |    2.6225483907e+02    |    2.7729117590e+02    |
| 0.02500 |    3.9193314544e-07    |    2.7687318069e+02    |    2.9188619605e+02    |
| 0.02625 |    3.9192040195e-07    |    2.9148930165e+02    |    3.0648132899e+02    |
| 0.02750 |    3.9190700309e-07    |    3.0610354138e+02    |    3.2107657924e+02    |
| 0.02875 |    3.9189294893e-07    |    3.2071617811e+02    |    3.3567195110e+02    |
| 0.03000 |    3.9187823953e-07    |    3.3532744219e+02    |    3.5026744867e+02    |
| 0.03125 |    3.9186287496e-07    |    3.4993752600e+02    |    3.6486307581e+02    |
| 0.03250 |    3.9184685526e-07    |    3.6454659156e+02    |    3.7945883615e+02    |
| 0.03375 |    3.9183018049e-07    |    3.7915477631e+02    |    3.9405473305e+02    |
| 0.03500 |    3.9181285067e-07    |    3.9376219760e+02    |    4.0865076963e+02    |
| 0.03625 |    3.9179486583e-07    |    4.0836895626e+02    |    4.2324694875e+02    |
| 0.03750 |    3.9177622602e-07    |    4.2297513940e+02    |    4.3784327297e+02    |
| 0.03875 |    3.9175693126e-07    |    4.3758082261e+02    |    4.5243974457e+02    |
| 0.04000 |    3.9173698156e-07    |    4.5218607184e+02    |    4.6703636554e+02    |
| 0.04125 |    3.9171637695e-07    |    4.6679094476e+02    |    4.8163313755e+02    |
| 0.04250 |    3.9169511745e-07    |    4.8139549205e+02    |    4.9623006195e+02    |
| 0.04375 |    3.9167320307e-07    |    4.9599975833e+02    |    5.1082713979e+02    |
| 0.04500 |    3.9165063383e-07    |    5.1060378298e+02    |    5.2542437174e+02    |
| 0.04625 |    3.9162740974e-07    |    5.2520760081e+02    |    5.4002175815e+02    |
| 0.04750 |    3.9160353081e-07    |    5.3981124262e+02    |    5.5461929900e+02    |
| 0.04875 |    3.9157899706e-07    |    5.5441473572e+02    |    5.6921699392e+02    |
| 0.05000 |    3.9155380849e-07    |    5.6901810424e+02    |    5.8381484214e+02    |
| 0.05125 |    3.9152796512e-07    |    5.8362136955e+02    |    5.9841284252e+02    |
| 0.05250 |    3.9150146696e-07    |    5.9822455050e+02    |    6.1301099351e+02    |
| 0.05375 |    3.9147431400e-07    |    6.1282766368e+02    |    6.2760929316e+02    |
| 0.05500 |    3.9144650627e-07    |    6.2743072362e+02    |    6.4220773909e+02    |
| 0.05625 |    3.9141804377e-07    |    6.4203374297e+02    |    6.5680632852e+02    |
| 0.05750 |    3.9138892651e-07    |    6.5663673266e+02    |    6.7140505821e+02    |
| 0.05875 |    3.9135915449e-07    |    6.7123970202e+02    |    6.8600392447e+02    |
| 0.06000 |    3.9132872773e-07    |    6.8584265893e+02    |    7.0060292317e+02    |
| 0.06125 |    3.9129764623e-07    |    7.0044560984e+02    |    7.1520204970e+02    |
| 0.06250 |    3.9126591000e-07    |    7.1504855997e+02    |    7.2980129898e+02    |
| 0.06375 |    3.9123351905e-07    |    7.2965151325e+02    |    7.4440066543e+02    |
| 0.06500 |    3.9120047339e-07    |    7.4425447250e+02    |    7.5900014300e+02    |
| 0.06625 |    3.9116677304e-07    |    7.5885743942e+02    |    7.7359972511e+02    |
| 0.06750 |    3.9113241799e-07    |    7.7346041467e+02    |    7.8819940467e+02    |
| 0.06875 |    3.9109740827e-07    |    7.8806339789e+02    |    8.0279917407e+02    |
| 0.07000 |    3.9106174388e-07    |    8.0266638773e+02    |    8.1739902514e+02    |
| 0.07125 |    3.9102542484e-07    |    8.1726938190e+02    |    8.3199894919e+02    |
| 0.07250 |    3.9098845116e-07    |    8.3187237722e+02    |    8.4659893697e+02    |
| 0.07375 |    3.9095082286e-07    |    8.4647536957e+02    |    8.6119897866e+02    |
| 0.07500 |    3.9091253994e-07    |    8.6107835398e+02    |    8.7579906384e+02    |
| 0.07625 |    3.9087360244e-07    |    8.7568132463e+02    |    8.9039918155e+02    |
| 0.07750 |    3.9083401035e-07    |    8.9028427482e+02    |    9.0499932019e+02    |
| 0.07875 |    3.9079376372e-07    |    9.0488719705e+02    |    9.1959946759e+02    |
| 0.08000 |    3.9075286254e-07    |    9.1949008298e+02    |    9.3419961094e+02    |
| 0.08125 |    3.9071130685e-07    |    9.3409292344e+02    |    9.4879973681e+02    |
| 0.08250 |    3.9066909666e-07    |    9.4869570848e+02    |    9.6339983113e+02    |
| 0.08375 |    3.9062623201e-07    |    9.6329842732e+02    |    9.7799987920e+02    |
| 0.08500 |    3.9058271291e-07    |    9.7790106839e+02    |    9.9259986565e+02    |
| 0.08625 |    3.9053853940e-07    |    9.9250361931e+02    |    1.0071997745e+03    |
| 0.08750 |    3.9049371150e-07    |    1.0071060669e+03    |    1.0217995889e+03    |
| 0.08875 |    3.9044822925e-07    |    1.0217083972e+03    |    1.0363992916e+03    |
| 0.09000 |    3.9040209267e-07    |    1.0363105955e+03    |    1.0509988645e+03    |
| 0.09125 |    3.9035530180e-07    |    1.0509126461e+03    |    1.0655982887e+03    |
| 0.09250 |    3.9030785667e-07    |    1.0655145327e+03    |    1.0801975448e+03    |
| 0.09375 |    3.9025975733e-07    |    1.0801162381e+03    |    1.0947966126e+03    |
| 0.09500 |    3.9021100381e-07    |    1.0947177444e+03    |    1.1093954710e+03    |
| 0.09625 |    3.9016159616e-07    |    1.1093190327e+03    |    1.1239940984e+03    |
| 0.09750 |    3.9011153441e-07    |    1.1239200833e+03    |    1.1385924723e+03    |
| 0.09875 |    3.9006081862e-07    |    1.1385208759e+03    |    1.1531905695e+03    |
| 0.10000 |    3.9000944884e-07    |    1.1531213893e+03    |    1.1677883659e+03    |
| 0.10125 |    3.8995742512e-07    |    1.1677216012e+03    |    1.1823858368e+03    |
| 0.10250 |    3.8990474750e-07    |    1.1823214888e+03    |    1.1969829566e+03    |
| 0.10375 |    3.8985141605e-07    |    1.1969210282e+03    |    1.2115796990e+03    |
| 0.10500 |    3.8979743083e-07    |    1.2115201949e+03    |    1.2261760366e+03    |
| 0.10625 |    3.8974279189e-07    |    1.2261189634e+03    |    1.2407719416e+03    |
| 0.10750 |    3.8968749930e-07    |    1.2407173073e+03    |    1.2553673850e+03    |
| 0.10875 |    3.8963155314e-07    |    1.2553151994e+03    |    1.2699623372e+03    |
| 0.11000 |    3.8957495346e-07    |    1.2699126115e+03    |    1.2845567676e+03    |
| 0.11125 |    3.8951770034e-07    |    1.2845095148e+03    |    1.2991506447e+03    |
| 0.11250 |    3.8945979386e-07    |    1.2991058793e+03    |    1.3137439365e+03    |
| 0.11375 |    3.8940123410e-07    |    1.3137016743e+03    |    1.3283366095e+03    |
| 0.11500 |    3.8934202114e-07    |    1.3282968680e+03    |    1.3429286299e+03    |
| 0.11625 |    3.8928215506e-07    |    1.3428914279e+03    |    1.3575199626e+03    |
| 0.11750 |    3.8922163596e-07    |    1.3574853205e+03    |    1.3721105718e+03    |
| 0.11875 |    3.8916046393e-07    |    1.3720785112e+03    |    1.3867004207e+03    |
| 0.12000 |    3.8909863906e-07    |    1.3866709648e+03    |    1.4012894716e+03    |
| 0.12125 |    3.8903616146e-07    |    1.4012626448e+03    |    1.4158776857e+03    |
| 0.12250 |    3.8897303123e-07    |    1.4158535139e+03    |    1.4304650237e+03    |
| 0.12375 |    3.8890924848e-07    |    1.4304435340e+03    |    1.4450514447e+03    |
| 0.12500 |    3.8884481331e-07    |    1.4450326657e+03    |    1.4596369074e+03    |
| 0.12625 |    3.8877972585e-07    |    1.4596208689e+03    |    1.4742213692e+03    |
| 0.12750 |    3.8871398621e-07    |    1.4742081023e+03    |    1.4888047866e+03    |
| 0.12875 |    3.8864759452e-07    |    1.4887943237e+03    |    1.5033871151e+03    |
| 0.13000 |    3.8858055091e-07    |    1.5033794899e+03    |    1.5179683091e+03    |
| 0.13125 |    3.8851285550e-07    |    1.5179635566e+03    |    1.5325483223e+03    |
| 0.13250 |    3.8844450845e-07    |    1.5325464787e+03    |    1.5471271070e+03    |
| 0.13375 |    3.8837550988e-07    |    1.5471282098e+03    |    1.5617046147e+03    |
| 0.13500 |    3.8830585994e-07    |    1.5617087026e+03    |    1.5762807956e+03    |
| 0.13625 |    3.8823555879e-07    |    1.5762879087e+03    |    1.5908555993e+03    |
| 0.13750 |    3.8816460659e-07    |    1.5908657786e+03    |    1.6054289738e+03    |
| 0.13875 |    3.8809300348e-07    |    1.6054422619e+03    |    1.6200008663e+03    |
| 0.14000 |    3.8802074965e-07    |    1.6200173069e+03    |    1.6345712231e+03    |
| 0.14125 |    3.8794784526e-07    |    1.6345908610e+03    |    1.6491399890e+03    |
| 0.14250 |    3.8787429048e-07    |    1.6491628704e+03    |    1.6637071079e+03    |
| 0.14375 |    3.8780008550e-07    |    1.6637332801e+03    |    1.6782725228e+03    |
| 0.14500 |    3.8772523050e-07    |    1.6783020343e+03    |    1.6928361751e+03    |
| 0.14625 |    3.8764972569e-07    |    1.6928690758e+03    |    1.7073980056e+03    |
| 0.14750 |    3.8757357125e-07    |    1.7074343463e+03    |    1.7219579535e+03    |
| 0.14875 |    3.8749676739e-07    |    1.7219977864e+03    |    1.7365159571e+03    |
| 0.15000 |    3.8741931432e-07    |    1.7365593357e+03    |    1.7510719536e+03    |
| 0.15125 |    3.8734121226e-07    |    1.7511189324e+03    |    1.7656258788e+03    |
| 0.15250 |    3.8726246143e-07    |    1.7656765137e+03    |    1.7801776676e+03    |
| 0.15375 |    3.8718306205e-07    |    1.7802320155e+03    |    1.7947272534e+03    |
| 0.15500 |    3.8710301437e-07    |    1.7947853726e+03    |    1.8092745687e+03    |
| 0.15625 |    3.8702231862e-07    |    1.8093365186e+03    |    1.8238195446e+03    |
| 0.15750 |    3.8694097505e-07    |    1.8238853859e+03    |    1.8383621111e+03    |
| 0.15875 |    3.8685898391e-07    |    1.8384319056e+03    |    1.8529021970e+03    |
| 0.16000 |    3.8677634546e-07    |    1.8529760077e+03    |    1.8674397297e+03    |
| 0.16125 |    3.8669305998e-07    |    1.8675176209e+03    |    1.8819746355e+03    |
| 0.16250 |    3.8660912774e-07    |    1.8820566728e+03    |    1.8965068395e+03    |
| 0.16375 |    3.8652454901e-07    |    1.8965930895e+03    |    1.9110362654e+03    |
| 0.16500 |    3.8643932408e-07    |    1.9111267961e+03    |    1.9255628356e+03    |
| 0.16625 |    3.8635345327e-07    |    1.9256577162e+03    |    1.9400864716e+03    |
| 0.16750 |    3.8626693685e-07    |    1.9401857723e+03    |    1.9546070931e+03    |
| 0.16875 |    3.8617977515e-07    |    1.9547108857e+03    |    1.9691246188e+03    |
| 0.17000 |    3.8609196849e-07    |    1.9692329761e+03    |    1.9836389662e+03    |
| 0.17125 |    3.8600351719e-07    |    1.9837519623e+03    |    1.9981500512e+03    |
| 0.17250 |    3.8591442158e-07    |    1.9982677613e+03    |    2.0126577886e+03    |
| 0.17375 |    3.8582468201e-07    |    2.0127802893e+03    |    2.0271620917e+03    |
| 0.17500 |    3.8573429883e-07    |    2.0272894609e+03    |    2.0416628726e+03    |
| 0.17625 |    3.8564327239e-07    |    2.0417951894e+03    |    2.0561600422e+03    |
| 0.17750 |    3.8555160307e-07    |    2.0562973867e+03    |    2.0706535096e+03    |
| 0.17875 |    3.8545929123e-07    |    2.0707959635e+03    |    2.0851431830e+03    |
| 0.18000 |    3.8536633726e-07    |    2.0852908291e+03    |    2.0996289690e+03    |
| 0.18125 |    3.8527274155e-07    |    2.0997818914e+03    |    2.1141107729e+03    |
| 0.18250 |    3.8517850451e-07    |    2.1142690568e+03    |    2.1285884985e+03    |
| 0.18375 |    3.8508362655e-07    |    2.1287522307e+03    |    2.1430620483e+03    |
| 0.18500 |    3.8498810807e-07    |    2.1432313167e+03    |    2.1575313235e+03    |
| 0.18625 |    3.8489194952e-07    |    2.1577062172e+03    |    2.1719962237e+03    |
| 0.18750 |    3.8479515133e-07    |    2.1721768332e+03    |    2.1864566471e+03    |
| 0.18875 |    3.8469771394e-07    |    2.1866430643e+03    |    2.2009124907e+03    |
| 0.19000 |    3.8459963782e-07    |    2.2011048085e+03    |    2.2153636498e+03    |
| 0.19125 |    3.8450092343e-07    |    2.2155619627e+03    |    2.2298100184e+03    |
| 0.19250 |    3.8440157124e-07    |    2.2300144220e+03    |    2.2442514891e+03    |
| 0.19375 |    3.8430158175e-07    |    2.2444620803e+03    |    2.2586879528e+03    |
| 0.19500 |    3.8420095544e-07    |    2.2589048300e+03    |    2.2731192992e+03    |
| 0.19625 |    3.8409969283e-07    |    2.2733425619e+03    |    2.2875454165e+03    |
| 0.19750 |    3.8399779443e-07    |    2.2877751657e+03    |    2.3019661912e+03    |
| 0.19875 |    3.8389526076e-07    |    2.3022025292e+03    |    2.3163815086e+03    |
| 0.20000 |    3.8379209237e-07    |    2.3166245389e+03    |    2.3307912522e+03    |
| 0.20125 |    3.8368828981e-07    |    2.3310410799e+03    |    2.3451953044e+03    |
| 0.20250 |    3.8358385364e-07    |    2.3454520357e+03    |    2.3595935458e+03    |
| 0.20375 |    3.8347878441e-07    |    2.3598572882e+03    |    2.3739858555e+03    |
| 0.20500 |    3.8337308273e-07    |    2.3742567181e+03    |    2.3883721111e+03    |
| 0.20625 |    3.8326674917e-07    |    2.3886502043e+03    |    2.4027521888e+03    |
| 0.20750 |    3.8315978434e-07    |    2.4030376242e+03    |    2.4171259631e+03    |
| 0.20875 |    3.8305218887e-07    |    2.4174188539e+03    |    2.4314933071e+03    |
| 0.21000 |    3.8294396337e-07    |    2.4317937676e+03    |    2.4458540921e+03    |
| 0.21125 |    3.8283510849e-07    |    2.4461622383e+03    |    2.4602081882e+03    |
| 0.21250 |    3.8272562487e-07    |    2.4605241373e+03    |    2.4745554638e+03    |
| 0.21375 |    3.8261551318e-07    |    2.4748793342e+03    |    2.4888957855e+03    |
| 0.21500 |    3.8250477410e-07    |    2.4892276974e+03    |    2.5032290186e+03    |
| 0.21625 |    3.8239340832e-07    |    2.5035690933e+03    |    2.5175550267e+03    |
| 0.21750 |    3.8228141653e-07    |    2.5179033872e+03    |    2.5318736719e+03    |
| 0.21875 |    3.8216879944e-07    |    2.5322304423e+03    |    2.5461848146e+03    |
| 0.22000 |    3.8205555779e-07    |    2.5465501205e+03    |    2.5604883137e+03    |
| 0.22125 |    3.8194169230e-07    |    2.5608622823e+03    |    2.5747840264e+03    |
| 0.22250 |    3.8182720375e-07    |    2.5751667861e+03    |    2.5890718084e+03    |
| 0.22375 |    3.8171209287e-07    |    2.5894634891e+03    |    2.6033515136e+03    |
| 0.22500 |    3.8159636047e-07    |    2.6037522467e+03    |    2.6176229945e+03    |
| 0.22625 |    3.8148000732e-07    |    2.6180329127e+03    |    2.6318861018e+03    |
| 0.22750 |    3.8136303424e-07    |    2.6323053394e+03    |    2.6461406846e+03    |
| 0.22875 |    3.8124544203e-07    |    2.6465693774e+03    |    2.6603865904e+03    |
| 0.23000 |    3.8112723154e-07    |    2.6608248755e+03    |    2.6746236651e+03    |
| 0.23125 |    3.8100840362e-07    |    2.6750716811e+03    |    2.6888517528e+03    |
| 0.23250 |    3.8088895911e-07    |    2.6893096399e+03    |    2.7030706961e+03    |
| 0.23375 |    3.8076889891e-07    |    2.7035385958e+03    |    2.7172803359e+03    |
| 0.23500 |    3.8064822389e-07    |    2.7177583911e+03    |    2.7314805114e+03    |
| 0.23625 |    3.8052693497e-07    |    2.7319688667e+03    |    2.7456710600e+03    |
| 0.23750 |    3.8040503305e-07    |    2.7461698615e+03    |    2.7598518177e+03    |
| 0.23875 |    3.8028251909e-07    |    2.7603612129e+03    |    2.7740226187e+03    |
| 0.24000 |    3.8015939402e-07    |    2.7745427565e+03    |    2.7881832954e+03    |
| 0.24125 |    3.8003565881e-07    |    2.7887143264e+03    |    2.8023336787e+03    |
| 0.24250 |    3.7991131443e-07    |    2.8028757548e+03    |    2.8164735977e+03    |
| 0.24375 |    3.7978636190e-07    |    2.8170268725e+03    |    2.8306028798e+03    |
| 0.24500 |    3.7966080220e-07    |    2.8311675083e+03    |    2.8447213508e+03    |
| 0.24625 |    3.7953463638e-07    |    2.8452974896e+03    |    2.8588288346e+03    |
| 0.24750 |    3.7940786547e-07    |    2.8594166417e+03    |    2.8729251535e+03    |
| 0.24875 |    3.7928049054e-07    |    2.8735247887e+03    |    2.8870101283e+03    |
| 0.25000 |    3.7915251265e-07    |    2.8876217526e+03    |    2.9010835777e+03    |
| 0.25125 |    3.7902393290e-07    |    2.9017073538e+03    |    2.9151453190e+03    |
| 0.25250 |    3.7889475240e-07    |    2.9157814111e+03    |    2.9291951675e+03    |
| 0.25375 |    3.7876497226e-07    |    2.9298437415e+03    |    2.9432329371e+03    |
| 0.25500 |    3.7863459364e-07    |    2.9438941603e+03    |    2.9572584397e+03    |
| 0.25625 |    3.7850361768e-07    |    2.9579324810e+03    |    2.9712714856e+03    |
| 0.25750 |    3.7837204556e-07    |    2.9719585154e+03    |    2.9852718833e+03    |
| 0.25875 |    3.7823987848e-07    |    2.9859720736e+03    |    2.9992594397e+03    |
| 0.26000 |    3.7810711764e-07    |    2.9999729642e+03    |    3.0132339598e+03    |
| 0.26125 |    3.7797376428e-07    |    3.0139609935e+03    |    3.0271952469e+03    |
| 0.26250 |    3.7783981962e-07    |    3.0279359667e+03    |    3.0411431027e+03    |
| 0.26375 |    3.7770528495e-07    |    3.0418976868e+03    |    3.0550773269e+03    |
| 0.26500 |    3.7757016152e-07    |    3.0558459554e+03    |    3.0689977177e+03    |
| 0.26625 |    3.7743445066e-07    |    3.0697805720e+03    |    3.0829040715e+03    |
| 0.26750 |    3.7729815366e-07    |    3.0837013347e+03    |    3.0967961829e+03    |
| 0.26875 |    3.7716127187e-07    |    3.0976080396e+03    |    3.1106738447e+03    |
| 0.27000 |    3.7702380664e-07    |    3.1115004813e+03    |    3.1245368480e+03    |
| 0.27125 |    3.7688575933e-07    |    3.1253784524e+03    |    3.1383849823e+03    |
| 0.27250 |    3.7674713135e-07    |    3.1392417440e+03    |    3.1522180351e+03    |
| 0.27375 |    3.7660792409e-07    |    3.1530901452e+03    |    3.1660357923e+03    |
| 0.27500 |    3.7646813900e-07    |    3.1669234436e+03    |    3.1798380381e+03    |
| 0.27625 |    3.7632777750e-07    |    3.1807414248e+03    |    3.1936245547e+03    |
| 0.27750 |    3.7618684108e-07    |    3.1945438730e+03    |    3.2073951229e+03    |
| 0.27875 |    3.7604533122e-07    |    3.2083305702e+03    |    3.2211495214e+03    |
| 0.28000 |    3.7590324942e-07    |    3.2221012971e+03    |    3.2348875274e+03    |
| 0.28125 |    3.7576059721e-07    |    3.2358558323e+03    |    3.2486089163e+03    |
| 0.28250 |    3.7561737613e-07    |    3.2495939529e+03    |    3.2623134616e+03    |
| 0.28375 |    3.7547358776e-07    |    3.2633154341e+03    |    3.2760009353e+03    |
| 0.28500 |    3.7532923367e-07    |    3.2770200495e+03    |    3.2896711075e+03    |
| 0.28625 |    3.7518431547e-07    |    3.2907075707e+03    |    3.3033237465e+03    |
| 0.28750 |    3.7503883479e-07    |    3.3043777678e+03    |    3.3169586189e+03    |
| 0.28875 |    3.7489279327e-07    |    3.3180304092e+03    |    3.3305754897e+03    |
| 0.29000 |    3.7474619258e-07    |    3.3316652612e+03    |    3.3441741221e+03    |
| 0.29125 |    3.7459903442e-07    |    3.3452820889e+03    |    3.3577542773e+03    |
| 0.29250 |    3.7445132048e-07    |    3.3588806551e+03    |    3.3713157151e+03    |
| 0.29375 |    3.7430305251e-07    |    3.3724607213e+03    |    3.3848581935e+03    |
| 0.29500 |    3.7415423224e-07    |    3.3860220470e+03    |    3.3983814686e+03    |
| 0.29625 |    3.7400486146e-07    |    3.3995643901e+03    |    3.4118852950e+03    |
| 0.29750 |    3.7385494196e-07    |    3.4130875069e+03    |    3.4253694253e+03    |
| 0.29875 |    3.7370447555e-07    |    3.4265911516e+03    |    3.4388336107e+03    |
| 0.30000 |    3.7355346408e-07    |    3.4400750771e+03    |    3.4522776004e+03    |
| 0.30125 |    3.7340190940e-07    |    3.4535390342e+03    |    3.4657011421e+03    |
| 0.30250 |    3.7324981339e-07    |    3.4669827724e+03    |    3.4791039817e+03    |
| 0.30375 |    3.7309717796e-07    |    3.4804060391e+03    |    3.4924858633e+03    |
| 0.30500 |    3.7294400503e-07    |    3.4938085803e+03    |    3.5058465295e+03    |
| 0.30625 |    3.7279029655e-07    |    3.5071901401e+03    |    3.5191857210e+03    |
| 0.30750 |    3.7263605450e-07    |    3.5205504609e+03    |    3.5325031770e+03    |
| 0.30875 |    3.7248128086e-07    |    3.5338892837e+03    |    3.5457986348e+03    |
| 0.31000 |    3.7232597765e-07    |    3.5472063474e+03    |    3.5590718303e+03    |
| 0.31125 |    3.7217014691e-07    |    3.5605013896e+03    |    3.5723224975e+03    |
| 0.31250 |    3.7201379070e-07    |    3.5737741459e+03    |    3.5855503687e+03    |
| 0.31375 |    3.7185691112e-07    |    3.5870243504e+03    |    3.5987551748e+03    |
| 0.31500 |    3.7169951025e-07    |    3.6002517356e+03    |    3.6119366447e+03    |
| 0.31625 |    3.7154159025e-07    |    3.6134560323e+03    |    3.6250945060e+03    |
| 0.31750 |    3.7138315325e-07    |    3.6266369695e+03    |    3.6382284844e+03    |
| 0.31875 |    3.7122420145e-07    |    3.6397942747e+03    |    3.6513383041e+03    |
| 0.32000 |    3.7106473704e-07    |    3.6529276738e+03    |    3.6644236875e+03    |
| 0.32125 |    3.7090476225e-07    |    3.6660368909e+03    |    3.6774843556e+03    |
| 0.32250 |    3.7074427932e-07    |    3.6791216488e+03    |    3.6905200277e+03    |
| 0.32375 |    3.7058329054e-07    |    3.6921816683e+03    |    3.7035304215e+03    |
| 0.32500 |    3.7042179820e-07    |    3.7052166688e+03    |    3.7165152531e+03    |
| 0.32625 |    3.7025980461e-07    |    3.7182263681e+03    |    3.7294742369e+03    |
| 0.32750 |    3.7009731214e-07    |    3.7312104824e+03    |    3.7424070859e+03    |
| 0.32875 |    3.6993432314e-07    |    3.7441687264e+03    |    3.7553135114e+03    |
| 0.33000 |    3.6977084002e-07    |    3.7571008130e+03    |    3.7681932233e+03    |
| 0.33125 |    3.6960686519e-07    |    3.7700064537e+03    |    3.7810459298e+03    |
| 0.33250 |    3.6944240110e-07    |    3.7828853586e+03    |    3.7938713376e+03    |
| 0.33375 |    3.6927745021e-07    |    3.7957372359e+03    |    3.8066691518e+03    |
| 0.33500 |    3.6911201503e-07    |    3.8085617926e+03    |    3.8194390762e+03    |
| 0.33625 |    3.6894609806e-07    |    3.8213587339e+03    |    3.8321808129e+03    |
| 0.33750 |    3.6877970186e-07    |    3.8341277638e+03    |    3.8448940625e+03    |
| 0.33875 |    3.6861282899e-07    |    3.8468685845e+03    |    3.8575785242e+03    |
| 0.34000 |    3.6844548205e-07    |    3.8595808970e+03    |    3.8702338958e+03    |
| 0.34125 |    3.6827766366e-07    |    3.8722644006e+03    |    3.8828598734e+03    |
| 0.34250 |    3.6810937645e-07    |    3.8849187931e+03    |    3.8954561518e+03    |
| 0.34375 |    3.6794062311e-07    |    3.8975437712e+03    |    3.9080224245e+03    |
| 0.34500 |    3.6777140633e-07    |    3.9101390297e+03    |    3.9205583832e+03    |
| 0.34625 |    3.6760172883e-07    |    3.9227042623e+03    |    3.9330637186e+03    |
| 0.34750 |    3.6743159335e-07    |    3.9352391613e+03    |    3.9455381198e+03    |
| 0.34875 |    3.6726100268e-07    |    3.9477434173e+03    |    3.9579812744e+03    |
| 0.35000 |    3.6708995960e-07    |    3.9602167198e+03    |    3.9703928689e+03    |
| 0.35125 |    3.6691846695e-07    |    3.9726587568e+03    |    3.9827725883e+03    |
| 0.35250 |    3.6674652758e-07    |    3.9850692151e+03    |    3.9951201163e+03    |
| 0.35375 |    3.6657414436e-07    |    3.9974477798e+03    |    4.0074351351e+03    |
| 0.35500 |    3.6640132019e-07    |    4.0097941352e+03    |    4.0197173260e+03    |
| 0.35625 |    3.6622805800e-07    |    4.0221079637e+03    |    4.0319663685e+03    |
| 0.35750 |    3.6605436076e-07    |    4.0343889469e+03    |    4.0441819413e+03    |
| 0.35875 |    3.6588023144e-07    |    4.0466367649e+03    |    4.0563637214e+03    |
| 0.36000 |    3.6570567304e-07    |    4.0588510966e+03    |    4.0685113849e+03    |
| 0.36125 |    3.6553068861e-07    |    4.0710316194e+03    |    4.0806246065e+03    |
| 0.36250 |    3.6535528121e-07    |    4.0831780099e+03    |    4.0927030598e+03    |
| 0.36375 |    3.6517945391e-07    |    4.0952899432e+03    |    4.1047464170e+03    |
| 0.36500 |    3.6500320985e-07    |    4.1073670933e+03    |    4.1167543494e+03    |
| 0.36625 |    3.6482655214e-07    |    4.1194091329e+03    |    4.1287265270e+03    |
| 0.36750 |    3.6464948397e-07    |    4.1314157336e+03    |    4.1406626186e+03    |
| 0.36875 |    3.6447200852e-07    |    4.1433865661e+03    |    4.1525622920e+03    |
| 0.37000 |    3.6429412902e-07    |    4.1553212996e+03    |    4.1644252138e+03    |
| 0.37125 |    3.6411584871e-07    |    4.1672196025e+03    |    4.1762510497e+03    |
| 0.37250 |    3.6393717087e-07    |    4.1790811418e+03    |    4.1880394641e+03    |
| 0.37375 |    3.6375809879e-07    |    4.1909055838e+03    |    4.1997901206e+03    |
| 0.37500 |    3.6357863581e-07    |    4.2026925934e+03    |    4.2115026816e+03    |
| 0.37625 |    3.6339878527e-07    |    4.2144418349e+03    |    4.2231768085e+03    |
| 0.37750 |    3.6321855056e-07    |    4.2261529711e+03    |    4.2348121618e+03    |
| 0.37875 |    3.6303793508e-07    |    4.2378256642e+03    |    4.2464084012e+03    |
| 0.38000 |    3.6285694227e-07    |    4.2494595752e+03    |    4.2579651851e+03    |
| 0.38125 |    3.6267557559e-07    |    4.2610543645e+03    |    4.2694821713e+03    |
| 0.38250 |    3.6249383853e-07    |    4.2726096911e+03    |    4.2809590166e+03    |
| 0.38375 |    3.6231173460e-07    |    4.2841252135e+03    |    4.2923953769e+03    |
| 0.38500 |    3.6212926734e-07    |    4.2956005892e+03    |    4.3037909073e+03    |
| 0.38625 |    3.6194644032e-07    |    4.3070354748e+03    |    4.3151452621e+03    |
| 0.38750 |    3.6176325713e-07    |    4.3184295261e+03    |    4.3264580949e+03    |
| 0.38875 |    3.6157972141e-07    |    4.3297823983e+03    |    4.3377290582e+03    |
| 0.39000 |    3.6139583679e-07    |    4.3410937454e+03    |    4.3489578042e+03    |
| 0.39125 |    3.6121160695e-07    |    4.3523632211e+03    |    4.3601439840e+03    |
| 0.39250 |    3.6102703560e-07    |    4.3635904781e+03    |    4.3712872483e+03    |
| 0.39375 |    3.6084212645e-07    |    4.3747751685e+03    |    4.3823872470e+03    |
| 0.39500 |    3.6065688328e-07    |    4.3859169437e+03    |    4.3934436292e+03    |
| 0.39625 |    3.6047130985e-07    |    4.3970154544e+03    |    4.4044560437e+03    |
| 0.39750 |    3.6028540998e-07    |    4.4080703509e+03    |    4.4154241386e+03    |
| 0.39875 |    3.6009918750e-07    |    4.4190812825e+03    |    4.4263475613e+03    |
| 0.40000 |    3.5991264628e-07    |    4.4300478985e+03    |    4.4372259588e+03    |
| 0.40125 |    3.5972579020e-07    |    4.4409698471e+03    |    4.4480589775e+03    |
| 0.40250 |    3.5953862319e-07    |    4.4518467762e+03    |    4.4588462636e+03    |
| 0.40375 |    3.5935114916e-07    |    4.4626783335e+03    |    4.4695874625e+03    |
| 0.40500 |    3.5916337211e-07    |    4.4734641657e+03    |    4.4802822194e+03    |
| 0.40625 |    3.5897529602e-07    |    4.4842039196e+03    |    4.4909301790e+03    |
| 0.40750 |    3.5878692490e-07    |    4.4948972413e+03    |    4.5015309857e+03    |
| 0.40875 |    3.5859826282e-07    |    4.5055437766e+03    |    4.5120842835e+03    |
| 0.41000 |    3.5840931383e-07    |    4.5161431710e+03    |    4.5225897164e+03    |
| 0.41125 |    3.5822008204e-07    |    4.5266950696e+03    |    4.5330469276e+03    |
| 0.41250 |    3.5803057157e-07    |    4.5371991173e+03    |    4.5434555606e+03    |
| 0.41375 |    3.5784078657e-07    |    4.5476549589e+03    |    4.5538152584e+03    |
| 0.41500 |    3.5765073121e-07    |    4.5580622387e+03    |    4.5641256639e+03    |
| 0.41625 |    3.5746040971e-07    |    4.5684206010e+03    |    4.5743864198e+03    |
| 0.41750 |    3.5726982628e-07    |    4.5787296900e+03    |    4.5845971689e+03    |
| 0.41875 |    3.5707898518e-07    |    4.5889891496e+03    |    4.5947575536e+03    |
| 0.42000 |    3.5688789068e-07    |    4.5991986238e+03    |    4.6048672166e+03    |
| 0.42125 |    3.5669654710e-07    |    4.6093577564e+03    |    4.6149258005e+03    |
| 0.42250 |    3.5650495875e-07    |    4.6194661913e+03    |    4.6249329476e+03    |
| 0.42375 |    3.5631312999e-07    |    4.6295235725e+03    |    4.6348883008e+03    |
| 0.42500 |    3.5612106520e-07    |    4.6395295438e+03    |    4.6447915028e+03    |
| 0.42625 |    3.5592876878e-07    |    4.6494837493e+03    |    4.6546421965e+03    |
| 0.42750 |    3.5573624517e-07    |    4.6593858332e+03    |    4.6644400248e+03    |
| 0.42875 |    3.5554349880e-07    |    4.6692354398e+03    |    4.6741846311e+03    |
| 0.43000 |    3.5535053417e-07    |    4.6790322135e+03    |    4.6838756589e+03    |
| 0.43125 |    3.5515735577e-07    |    4.6887757992e+03    |    4.6935127519e+03    |
| 0.43250 |    3.5496396812e-07    |    4.6984658420e+03    |    4.7030955544e+03    |
| 0.43375 |    3.5477037578e-07    |    4.7081019870e+03    |    4.7126237106e+03    |
| 0.43500 |    3.5457658332e-07    |    4.7176838801e+03    |    4.7220968656e+03    |
| 0.43625 |    3.5438259534e-07    |    4.7272111673e+03    |    4.7315146645e+03    |
| 0.43750 |    3.5418841645e-07    |    4.7366834950e+03    |    4.7408767533e+03    |
| 0.43875 |    3.5399405130e-07    |    4.7461005103e+03    |    4.7501827780e+03    |
| 0.44000 |    3.5379950457e-07    |    4.7554618605e+03    |    4.7594323856e+03    |
| 0.44125 |    3.5360478093e-07    |    4.7647671938e+03    |    4.7686252235e+03    |
| 0.44250 |    3.5340988510e-07    |    4.7740161585e+03    |    4.7777609396e+03    |
| 0.44375 |    3.5321482182e-07    |    4.7832084040e+03    |    4.7868391828e+03    |
| 0.44500 |    3.5301959585e-07    |    4.7923435801e+03    |    4.7958596025e+03    |
| 0.44625 |    3.5282421196e-07    |    4.8014213372e+03    |    4.8048218488e+03    |
| 0.44750 |    3.5262867496e-07    |    4.8104413268e+03    |    4.8137255727e+03    |
| 0.44875 |    3.5243298968e-07    |    4.8194032009e+03    |    4.8225704260e+03    |
| 0.45000 |    3.5223716096e-07    |    4.8283066123e+03    |    4.8313560614e+03    |
| 0.45125 |    3.5204119367e-07    |    4.8371512148e+03    |    4.8400821325e+03    |
| 0.45250 |    3.5184509270e-07    |    4.8459366631e+03    |    4.8487482939e+03    |
| 0.45375 |    3.5164886296e-07    |    4.8546626129e+03    |    4.8573542011e+03    |
| 0.45500 |    3.5145250938e-07    |    4.8633287206e+03    |    4.8658995107e+03    |
| 0.45625 |    3.5125603691e-07    |    4.8719346440e+03    |    4.8743838805e+03    |
| 0.45750 |    3.5105945053e-07    |    4.8804800418e+03    |    4.8828069694e+03    |
| 0.45875 |    3.5086275523e-07    |    4.8889645738e+03    |    4.8911684373e+03    |
| 0.46000 |    3.5066595602e-07    |    4.8973879011e+03    |    4.8994679455e+03    |
| 0.46125 |    3.5046905794e-07    |    4.9057496858e+03    |    4.9077051565e+03    |
| 0.46250 |    3.5027206603e-07    |    4.9140495916e+03    |    4.9158797343e+03    |
| 0.46375 |    3.5007498537e-07    |    4.9222872832e+03    |    4.9239913439e+03    |
| 0.46500 |    3.4987782105e-07    |    4.9304624267e+03    |    4.9320396520e+03    |
| 0.46625 |    3.4968057818e-07    |    4.9385746896e+03    |    4.9400243267e+03    |
| 0.46750 |    3.4948326188e-07    |    4.9466237411e+03    |    4.9479450376e+03    |
| 0.46875 |    3.4928587731e-07    |    4.9546092514e+03    |    4.9558014557e+03    |
| 0.47000 |    3.4908842961e-07    |    4.9625308928e+03    |    4.9635932538e+03    |
| 0.47125 |    3.4889092399e-07    |    4.9703883386e+03    |    4.9713201062e+03    |
| 0.47250 |    3.4869336563e-07    |    4.9781812642e+03    |    4.9789816890e+03    |
| 0.47375 |    3.4849575975e-07    |    4.9859093465e+03    |    4.9865776799e+03    |
| 0.47500 |    3.4829811158e-07    |    4.9935722640e+03    |    4.9941077585e+03    |
| 0.47625 |    3.4810042638e-07    |    5.0011696971e+03    |    5.0015716063e+03    |
| 0.47750 |    3.4790270941e-07    |    5.0087013282e+03    |    5.0089689064e+03    |
| 0.47875 |    3.4770496594e-07    |    5.0161668412e+03    |    5.0162993441e+03    |
| 0.48000 |    3.4750720128e-07    |    5.0235659221e+03    |    5.0235626066e+03    |
| 0.48125 |    3.4730942074e-07    |    5.0308982589e+03    |    5.0307583831e+03    |
| 0.48250 |    3.4711162964e-07    |    5.0381635417e+03    |    5.0378863649e+03    |
| 0.48375 |    3.4691383333e-07    |    5.0453614624e+03    |    5.0449462454e+03    |
| 0.48500 |    3.4671603717e-07    |    5.0524917152e+03    |    5.0519377202e+03    |
| 0.48625 |    3.4651824651e-07    |    5.0595539965e+03    |    5.0588604873e+03    |
| 0.48750 |    3.4632046676e-07    |    5.0665480047e+03    |    5.0657142466e+03    |
| 0.48875 |    3.4612270329e-07    |    5.0734734408e+03    |    5.0724987006e+03    |
| 0.49000 |    3.4592496153e-07    |    5.0803300079e+03    |    5.0792135542e+03    |
| 0.49125 |    3.4572724690e-07    |    5.0871174114e+03    |    5.0858585147e+03    |
| 0.49250 |    3.4552956483e-07    |    5.0938353593e+03    |    5.0924332916e+03    |
| 0.49375 |    3.4533192076e-07    |    5.1004835620e+03    |    5.0989375975e+03    |
| 0.49500 |    3.4513432016e-07    |    5.1070617323e+03    |    5.1053711470e+03    |
| 0.49625 |    3.4493676849e-07    |    5.1135695859e+03    |    5.1117336577e+03    |
| 0.49750 |    3.4473927124e-07    |    5.1200068408e+03    |    5.1180248499e+03    |
| 0.49875 |    3.4454183390e-07    |    5.1263732178e+03    |    5.1242444463e+03    |
| 0.50000 |    3.4434446196e-07    |    5.1326684404e+03    |    5.1303921729e+03    |
| 0.50125 |    3.4414716094e-07    |    5.1388922350e+03    |    5.1364677580e+03    |
| 0.50250 |    3.4394993636e-07    |    5.1450443306e+03    |    5.1424709333e+03    |
| 0.50375 |    3.4375279374e-07    |    5.1511244594e+03    |    5.1484014332e+03    |
| 0.50500 |    3.4355573862e-07    |    5.1571323563e+03    |    5.1542589950e+03    |
| 0.50625 |    3.4335877656e-07    |    5.1630677593e+03    |    5.1600433594e+03    |
| 0.50750 |    3.4316191309e-07    |    5.1689304093e+03    |    5.1657542697e+03    |
| 0.50875 |    3.4296515378e-07    |    5.1747200506e+03    |    5.1713914730e+03    |
| 0.51000 |    3.4276850420e-07    |    5.1804364303e+03    |    5.1769547190e+03    |
| 0.51125 |    3.4257196992e-07    |    5.1860792989e+03    |    5.1824437612e+03    |
| 0.51250 |    3.4237555653e-07    |    5.1916484102e+03    |    5.1878583560e+03    |
| 0.51375 |    3.4217926960e-07    |    5.1971435212e+03    |    5.1931982634e+03    |
| 0.51500 |    3.4198311472e-07    |    5.2025643923e+03    |    5.1984632467e+03    |
| 0.51625 |    3.4178709750e-07    |    5.2079107874e+03    |    5.2036530730e+03    |
| 0.51750 |    3.4159122353e-07    |    5.2131824737e+03    |    5.2087675125e+03    |
| 0.51875 |    3.4139549841e-07    |    5.2183792221e+03    |    5.2138063392e+03    |
| 0.52000 |    3.4119992775e-07    |    5.2235008069e+03    |    5.2187693308e+03    |
| 0.52125 |    3.4100451717e-07    |    5.2285470062e+03    |    5.2236562686e+03    |
| 0.52250 |    3.4080927227e-07    |    5.2335176018e+03    |    5.2284669377e+03    |
| 0.52375 |    3.4061419866e-07    |    5.2384123791e+03    |    5.2332011269e+03    |
| 0.52500 |    3.4041930197e-07    |    5.2432311273e+03    |    5.2378586291e+03    |
| 0.52625 |    3.4022458782e-07    |    5.2479736397e+03    |    5.2424392408e+03    |
| 0.52750 |    3.4003006181e-07    |    5.2526397131e+03    |    5.2469427627e+03    |
| 0.52875 |    3.3983572957e-07    |    5.2572291486e+03    |    5.2513689994e+03    |
| 0.53000 |    3.3964159672e-07    |    5.2617417511e+03    |    5.2557177596e+03    |
| 0.53125 |    3.3944766887e-07    |    5.2661773296e+03    |    5.2599888561e+03    |
| 0.53250 |    3.3925395165e-07    |    5.2705356974e+03    |    5.2641821059e+03    |
| 0.53375 |    3.3906045066e-07    |    5.2748166717e+03    |    5.2682973303e+03    |
| 0.53500 |    3.3886717152e-07    |    5.2790200740e+03    |    5.2723343547e+03    |
| 0.53625 |    3.3867411983e-07    |    5.2831457303e+03    |    5.2762930090e+03    |
| 0.53750 |    3.3848130122e-07    |    5.2871934705e+03    |    5.2801731274e+03    |
| 0.53875 |    3.3828872127e-07    |    5.2911631293e+03    |    5.2839745487e+03    |
| 0.54000 |    3.3809638559e-07    |    5.2950545456e+03    |    5.2876971158e+03    |
| 0.54125 |    3.3790429977e-07    |    5.2988675628e+03    |    5.2913406766e+03    |
| 0.54250 |    3.3771246941e-07    |    5.3026020289e+03    |    5.2949050833e+03    |
| 0.54375 |    3.3752090008e-07    |    5.3062577965e+03    |    5.2983901928e+03    |
| 0.54500 |    3.3732959737e-07    |    5.3098347227e+03    |    5.3017958668e+03    |
| 0.54625 |    3.3713856685e-07    |    5.3133326695e+03    |    5.3051219717e+03    |
| 0.54750 |    3.3694781408e-07    |    5.3167515035e+03    |    5.3083683787e+03    |
| 0.54875 |    3.3675734462e-07    |    5.3200910961e+03    |    5.3115349637e+03    |
| 0.55000 |    3.3656716402e-07    |    5.3233513236e+03    |    5.3146216077e+03    |
| 0.55125 |    3.3637727782e-07    |    5.3265320672e+03    |    5.3176281965e+03    |
| 0.55250 |    3.3618769155e-07    |    5.3296332130e+03    |    5.3205546211e+03    |
| 0.55375 |    3.3599841073e-07    |    5.3326546521e+03    |    5.3234007774e+03    |
| 0.55500 |    3.3580944087e-07    |    5.3355962807e+03    |    5.3261665664e+03    |
| 0.55625 |    3.3562078748e-07    |    5.3384580000e+03    |    5.3288518942e+03    |
| 0.55750 |    3.3543245605e-07    |    5.3412397165e+03    |    5.3314566722e+03    |
| 0.55875 |    3.3524445205e-07    |    5.3439413417e+03    |    5.3339808170e+03    |
| 0.56000 |    3.3505678094e-07    |    5.3465627926e+03    |    5.3364242505e+03    |
| 0.56125 |    3.3486944819e-07    |    5.3491039911e+03    |    5.3387869000e+03    |
| 0.56250 |    3.3468245923e-07    |    5.3515648649e+03    |    5.3410686980e+03    |
| 0.56375 |    3.3449581949e-07    |    5.3539453468e+03    |    5.3432695826e+03    |
| 0.56500 |    3.3430953438e-07    |    5.3562453750e+03    |    5.3453894974e+03    |
| 0.56625 |    3.3412360929e-07    |    5.3584648933e+03    |    5.3474283912e+03    |
| 0.56750 |    3.3393804961e-07    |    5.3606038511e+03    |    5.3493862189e+03    |
| 0.56875 |    3.3375286070e-07    |    5.3626622031e+03    |    5.3512629406e+03    |
| 0.57000 |    3.3356804792e-07    |    5.3646399100e+03    |    5.3530585221e+03    |
| 0.57125 |    3.3338361659e-07    |    5.3665369377e+03    |    5.3547729351e+03    |
| 0.57250 |    3.3319957203e-07    |    5.3683532583e+03    |    5.3564061569e+03    |
| 0.57375 |    3.3301591953e-07    |    5.3700888492e+03    |    5.3579581705e+03    |
| 0.57500 |    3.3283266438e-07    |    5.3717436939e+03    |    5.3594289649e+03    |
| 0.57625 |    3.3264981183e-07    |    5.3733177816e+03    |    5.3608185350e+03    |
| 0.57750 |    3.3246736712e-07    |    5.3748111073e+03    |    5.3621268813e+03    |
| 0.57875 |    3.3228533547e-07    |    5.3762236722e+03    |    5.3633540107e+03    |
| 0.58000 |    3.3210372207e-07    |    5.3775554831e+03    |    5.3644999356e+03    |
| 0.58125 |    3.3192253211e-07    |    5.3788065531e+03    |    5.3655646748e+03    |
| 0.58250 |    3.3174177074e-07    |    5.3799769011e+03    |    5.3665482531e+03    |
| 0.58375 |    3.3156144309e-07    |    5.3810665523e+03    |    5.3674507012e+03    |
| 0.58500 |    3.3138155427e-07    |    5.3820755378e+03    |    5.3682720562e+03    |
| 0.58625 |    3.3120210937e-07    |    5.3830038951e+03    |    5.3690123611e+03    |
| 0.58750 |    3.3102311344e-07    |    5.3838516676e+03    |    5.3696716654e+03    |
| 0.58875 |    3.3084457154e-07    |    5.3846189051e+03    |    5.3702500247e+03    |
| 0.59000 |    3.3066648866e-07    |    5.3853056637e+03    |    5.3707475009e+03    |
| 0.59125 |    3.3048886980e-07    |    5.3859120056e+03    |    5.3711641621e+03    |
| 0.59250 |    3.3031171992e-07    |    5.3864379996e+03    |    5.3715000830e+03    |
| 0.59375 |    3.3013504396e-07    |    5.3868837206e+03    |    5.3717553444e+03    |
| 0.59500 |    3.2995884681e-07    |    5.3872492501e+03    |    5.3719300337e+03    |
| 0.59625 |    3.2978313337e-07    |    5.3875346758e+03    |    5.3720242446e+03    |
| 0.59750 |    3.2960790847e-07    |    5.3877400922e+03    |    5.3720380775e+03    |
| 0.59875 |    3.2943317695e-07    |    5.3878656000e+03    |    5.3719716389e+03    |
| 0.60000 |    3.2925894360e-07    |    5.3879113064e+03    |    5.3718250422e+03    |
| 0.60125 |    3.2908521318e-07    |    5.3878773253e+03    |    5.3715984072e+03    |
| 0.60250 |    3.2891199043e-07    |    5.3877637772e+03    |    5.3712918602e+03    |
| 0.60375 |    3.2873928005e-07    |    5.3875707890e+03    |    5.3709055342e+03    |
| 0.60500 |    3.2856708670e-07    |    5.3872984944e+03    |    5.3704395688e+03    |
| 0.60625 |    3.2839541504e-07    |    5.3869470337e+03    |    5.3698941102e+03    |
| 0.60750 |    3.2822426967e-07    |    5.3865165538e+03    |    5.3692693114e+03    |
| 0.60875 |    3.2805365516e-07    |    5.3860072083e+03    |    5.3685653319e+03    |
| 0.61000 |    3.2788357605e-07    |    5.3854191576e+03    |    5.3677823379e+03    |
| 0.61125 |    3.2771403686e-07    |    5.3847525689e+03    |    5.3669205026e+03    |
| 0.61250 |    3.2754504205e-07    |    5.3840076159e+03    |    5.3659800056e+03    |
| 0.61375 |    3.2737659606e-07    |    5.3831844793e+03    |    5.3649610335e+03    |
| 0.61500 |    3.2720870331e-07    |    5.3822833464e+03    |    5.3638637796e+03    |
| 0.61625 |    3.2704136815e-07    |    5.3813044116e+03    |    5.3626884438e+03    |
| 0.61750 |    3.2687459491e-07    |    5.3802478759e+03    |    5.3614352331e+03    |
| 0.61875 |    3.2670838790e-07    |    5.3791139470e+03    |    5.3601043611e+03    |
| 0.62000 |    3.2654275137e-07    |    5.3779028398e+03    |    5.3586960484e+03    |
| 0.62125 |    3.2637768954e-07    |    5.3766147759e+03    |    5.3572105222e+03    |
| 0.62250 |    3.2621320659e-07    |    5.3752499836e+03    |    5.3556480167e+03    |
| 0.62375 |    3.2604930666e-07    |    5.3738086983e+03    |    5.3540087730e+03    |
| 0.62500 |    3.2588599386e-07    |    5.3722911623e+03    |    5.3522930388e+03    |
| 0.62625 |    3.2572327226e-07    |    5.3706976246e+03    |    5.3505010688e+03    |
| 0.62750 |    3.2556114587e-07    |    5.3690283413e+03    |    5.3486331248e+03    |
| 0.62875 |    3.2539961869e-07    |    5.3672835753e+03    |    5.3466894750e+03    |
| 0.63000 |    3.2523869466e-07    |    5.3654635963e+03    |    5.3446703947e+03    |
| 0.63125 |    3.2507837768e-07    |    5.3635686813e+03    |    5.3425761662e+03    |
| 0.63250 |    3.2491867160e-07    |    5.3615991137e+03    |    5.3404070783e+03    |
| 0.63375 |    3.2475958026e-07    |    5.3595551842e+03    |    5.3381634270e+03    |
| 0.63500 |    3.2460110742e-07    |    5.3574371902e+03    |    5.3358455150e+03    |
| 0.63625 |    3.2444325682e-07    |    5.3552454362e+03    |    5.3334536519e+03    |
| 0.63750 |    3.2428603215e-07    |    5.3529802332e+03    |    5.3309881539e+03    |
| 0.63875 |    3.2412943706e-07    |    5.3506418996e+03    |    5.3284493443e+03    |
| 0.64000 |    3.2397347515e-07    |    5.3482307604e+03    |    5.3258375532e+03    |
| 0.64125 |    3.2381814997e-07    |    5.3457471475e+03    |    5.3231531174e+03    |
| 0.64250 |    3.2366346503e-07    |    5.3431913996e+03    |    5.3203963804e+03    |
| 0.64375 |    3.2350942382e-07    |    5.3405638625e+03    |    5.3175676928e+03    |
| 0.64500 |    3.2335602974e-07    |    5.3378648886e+03    |    5.3146674115e+03    |
| 0.64625 |    3.2320328618e-07    |    5.3350948372e+03    |    5.3116959007e+03    |
| 0.64750 |    3.2305119645e-07    |    5.3322540745e+03    |    5.3086535307e+03    |
| 0.64875 |    3.2289976386e-07    |    5.3293429733e+03    |    5.3055406791e+03    |
| 0.65000 |    3.2274899163e-07    |    5.3263619133e+03    |    5.3023577297e+03    |
| 0.65125 |    3.2259888294e-07    |    5.3233112811e+03    |    5.2991050732e+03    |
| 0.65250 |    3.2244944095e-07    |    5.3201914696e+03    |    5.2957831070e+03    |
| 0.65375 |    3.2230066874e-07    |    5.3170028789e+03    |    5.2923922348e+03    |
| 0.65500 |    3.2215256936e-07    |    5.3137459155e+03    |    5.2889328672e+03    |
| 0.65625 |    3.2200514580e-07    |    5.3104209925e+03    |    5.2854054211e+03    |
| 0.65750 |    3.2185840101e-07    |    5.3070285299e+03    |    5.2818103200e+03    |
| 0.65875 |    3.2171233789e-07    |    5.3035689540e+03    |    5.2781479940e+03    |
| 0.66000 |    3.2156695928e-07    |    5.3000426978e+03    |    5.2744188794e+03    |
| 0.66125 |    3.2142226798e-07    |    5.2964502008e+03    |    5.2706234191e+03    |
| 0.66250 |    3.2127826674e-07    |    5.2927919091e+03    |    5.2667620622e+03    |
| 0.66375 |    3.2113495826e-07    |    5.2890682751e+03    |    5.2628352644e+03    |
| 0.66500 |    3.2099234518e-07    |    5.2852797577e+03    |    5.2588434874e+03    |
| 0.66625 |    3.2085043009e-07    |    5.2814268222e+03    |    5.2547871992e+03    |
| 0.66750 |    3.2070921555e-07    |    5.2775099402e+03    |    5.2506668741e+03    |
| 0.66875 |    3.2056870404e-07    |    5.2735295896e+03    |    5.2464829925e+03    |
| 0.67000 |    3.2042889800e-07    |    5.2694862545e+03    |    5.2422360409e+03    |
| 0.67125 |    3.2028979983e-07    |    5.2653804254e+03    |    5.2379265118e+03    |
| 0.67250 |    3.2015141186e-07    |    5.2612125986e+03    |    5.2335549037e+03    |
| 0.67375 |    3.2001373638e-07    |    5.2569832769e+03    |    5.2291217211e+03    |
| 0.67500 |    3.1987677562e-07    |    5.2526929688e+03    |    5.2246274745e+03    |
| 0.67625 |    3.1974053175e-07    |    5.2483421891e+03    |    5.2200726799e+03    |
| 0.67750 |    3.1960500691e-07    |    5.2439314584e+03    |    5.2154578594e+03    |
| 0.67875 |    3.1947020316e-07    |    5.2394613031e+03    |    5.2107835406e+03    |
| 0.68000 |    3.1933612254e-07    |    5.2349322557e+03    |    5.2060502569e+03    |
| 0.68125 |    3.1920276700e-07    |    5.2303448541e+03    |    5.2012585471e+03    |
| 0.68250 |    3.1907013846e-07    |    5.2256996422e+03    |    5.1964089557e+03    |
| 0.68375 |    3.1893823877e-07    |    5.2209971694e+03    |    5.1915020325e+03    |
| 0.68500 |    3.1880706975e-07    |    5.2162379909e+03    |    5.1865383328e+03    |
| 0.68625 |    3.1867663315e-07    |    5.2114226670e+03    |    5.1815184172e+03    |
| 0.68750 |    3.1854693066e-07    |    5.2065517638e+03    |    5.1764428515e+03    |
| 0.68875 |    3.1841796393e-07    |    5.2016258526e+03    |    5.1713122065e+03    |
| 0.69000 |    3.1828973455e-07    |    5.1966455100e+03    |    5.1661270584e+03    |
| 0.69125 |    3.1816224405e-07    |    5.1916113180e+03    |    5.1608879882e+03    |
| 0.69250 |    3.1803549392e-07    |    5.1865238635e+03    |    5.1555955818e+03    |
| 0.69375 |    3.1790948558e-07    |    5.1813837387e+03    |    5.1502504300e+03    |
| 0.69500 |    3.1778422040e-07    |    5.1761915405e+03    |    5.1448531284e+03    |
| 0.69625 |    3.1765969969e-07    |    5.1709478710e+03    |    5.1394042773e+03    |
| 0.69750 |    3.1753592474e-07    |    5.1656533371e+03    |    5.1339044814e+03    |
| 0.69875 |    3.1741289673e-07    |    5.1603085502e+03    |    5.1283543501e+03    |
| 0.70000 |    3.1729061682e-07    |    5.1549141265e+03    |    5.1227544971e+03    |
| 0.70125 |    3.1716908612e-07    |    5.1494706869e+03    |    5.1171055405e+03    |
| 0.70250 |    3.1704830566e-07    |    5.1439788567e+03    |    5.1114081024e+03    |
| 0.70375 |    3.1692827644e-07    |    5.1384392654e+03    |    5.1056628093e+03    |
| 0.70500 |    3.1680899939e-07    |    5.1328525470e+03    |    5.0998702916e+03    |
| 0.70625 |    3.1669047539e-07    |    5.1272193396e+03    |    5.0940311836e+03    |
| 0.70750 |    3.1657270526e-07    |    5.1215402856e+03    |    5.0881461234e+03    |
| 0.70875 |    3.1645568978e-07    |    5.1158160311e+03    |    5.0822157530e+03    |
| 0.71000 |    3.1633942965e-07    |    5.1100472264e+03    |    5.0762407178e+03    |
| 0.71125 |    3.1622392555e-07    |    5.1042345254e+03    |    5.0702216669e+03    |
| 0.71250 |    3.1610917808e-07    |    5.0983785857e+03    |    5.0641592527e+03    |
| 0.71375 |    3.1599518778e-07    |    5.0924800687e+03    |    5.0580541308e+03    |
| 0.71500 |    3.1588195517e-07    |    5.0865396392e+03    |    5.0519069602e+03    |
| 0.71625 |    3.1576948068e-07    |    5.0805579652e+03    |    5.0457184028e+03    |
| 0.71750 |    3.1565776470e-07    |    5.0745357183e+03    |    5.0394891237e+03    |
| 0.71875 |    3.1554680757e-07    |    5.0684735730e+03    |    5.0332197905e+03    |
| 0.72000 |    3.1543660957e-07    |    5.0623722070e+03    |    5.0269110738e+03    |
| 0.72125 |    3.1532717092e-07    |    5.0562323009e+03    |    5.0205636466e+03    |
| 0.72250 |    3.1521849181e-07    |    5.0500545382e+03    |    5.0141781847e+03    |
| 0.72375 |    3.1511057235e-07    |    5.0438396049e+03    |    5.0077553659e+03    |
| 0.72500 |    3.1500341261e-07    |    5.0375881899e+03    |    5.0012958705e+03    |
| 0.72625 |    3.1489701260e-07    |    5.0313009844e+03    |    4.9948003808e+03    |
| 0.72750 |    3.1479137229e-07    |    5.0249786819e+03    |    4.9882695812e+03    |
| 0.72875 |    3.1468649158e-07    |    5.0186219783e+03    |    4.9817041579e+03    |
| 0.73000 |    3.1458237033e-07    |    5.0122315715e+03    |    4.9751047988e+03    |
| 0.73125 |    3.1447900833e-07    |    5.0058081615e+03    |    4.9684721936e+03    |
| 0.73250 |    3.1437640536e-07    |    4.9993524500e+03    |    4.9618070332e+03    |
| 0.73375 |    3.1427456109e-07    |    4.9928651405e+03    |    4.9551100100e+03    |
| 0.73500 |    3.1417347517e-07    |    4.9863469382e+03    |    4.9483818177e+03    |
| 0.73625 |    3.1407314721e-07    |    4.9797985497e+03    |    4.9416231510e+03    |
| 0.73750 |    3.1397357674e-07    |    4.9732206830e+03    |    4.9348347056e+03    |
| 0.73875 |    3.1387476326e-07    |    4.9666140474e+03    |    4.9280171779e+03    |
| 0.74000 |    3.1377670620e-07    |    4.9599793530e+03    |    4.9211712650e+03    |
| 0.74125 |    3.1367940496e-07    |    4.9533173112e+03    |    4.9142976647e+03    |
| 0.74250 |    3.1358285888e-07    |    4.9466286340e+03    |    4.9073970750e+03    |
| 0.74375 |    3.1348706725e-07    |    4.9399140342e+03    |    4.9004701942e+03    |
| 0.74500 |    3.1339202930e-07    |    4.9331742252e+03    |    4.8935177209e+03    |
| 0.74625 |    3.1329774423e-07    |    4.9264099208e+03    |    4.8865403535e+03    |
| 0.74750 |    3.1320421117e-07    |    4.9196218349e+03    |    4.8795387902e+03    |
| 0.74875 |    3.1311142923e-07    |    4.9128106817e+03    |    4.8725137290e+03    |
| 0.75000 |    3.1301939743e-07    |    4.9059771756e+03    |    4.8654658674e+03    |
| 0.75125 |    3.1292811477e-07    |    4.8991220304e+03    |    4.8583959023e+03    |
| 0.75250 |    3.1283758021e-07    |    4.8922459602e+03    |    4.8513045300e+03    |
| 0.75375 |    3.1274779263e-07    |    4.8853496782e+03    |    4.8441924456e+03    |
| 0.75500 |    3.1265875090e-07    |    4.8784338974e+03    |    4.8370603435e+03    |
| 0.75625 |    3.1257045380e-07    |    4.8714993300e+03    |    4.8299089166e+03    |
| 0.75750 |    3.1248290010e-07    |    4.8645466872e+03    |    4.8227388568e+03    |
| 0.75875 |    3.1239608850e-07    |    4.8575766795e+03    |    4.8155508543e+03    |
| 0.76000 |    3.1231001767e-07    |    4.8505900162e+03    |    4.8083455978e+03    |
| 0.76125 |    3.1222468623e-07    |    4.8435874053e+03    |    4.8011237740e+03    |
| 0.76250 |    3.1214009275e-07    |    4.8365695535e+03    |    4.7938860681e+03    |
| 0.76375 |    3.1205623575e-07    |    4.8295371658e+03    |    4.7866331627e+03    |
| 0.76500 |    3.1197311372e-07    |    4.8224909459e+03    |    4.7793657387e+03    |
| 0.76625 |    3.1189072509e-07    |    4.8154315952e+03    |    4.7720844744e+03    |
| 0.76750 |    3.1180906826e-07    |    4.8083598135e+03    |    4.7647900454e+03    |
| 0.76875 |    3.1172814157e-07    |    4.8012762984e+03    |    4.7574831250e+03    |
| 0.77000 |    3.1164794334e-07    |    4.7941817453e+03    |    4.7501643835e+03    |
| 0.77125 |    3.1156847182e-07    |    4.7870768471e+03    |    4.7428344883e+03    |
| 0.77250 |    3.1148972523e-07    |    4.7799622943e+03    |    4.7354941036e+03    |
| 0.77375 |    3.1141170176e-07    |    4.7728387749e+03    |    4.7281438905e+03    |
| 0.77500 |    3.1133439953e-07    |    4.7657069737e+03    |    4.7207845066e+03    |
| 0.77625 |    3.1125781665e-07    |    4.7585675730e+03    |    4.7134166060e+03    |
| 0.77750 |    3.1118195117e-07    |    4.7514212518e+03    |    4.7060408390e+03    |
| 0.77875 |    3.1110680110e-07    |    4.7442686860e+03    |    4.6986578524e+03    |
| 0.78000 |    3.1103236442e-07    |    4.7371105481e+03    |    4.6912682886e+03    |
| 0.78125 |    3.1095863905e-07    |    4.7299475071e+03    |    4.6838727862e+03    |
| 0.78250 |    3.1088562290e-07    |    4.7227802286e+03    |    4.6764719793e+03    |
| 0.78375 |    3.1081331381e-07    |    4.7156093742e+03    |    4.6690664979e+03    |
| 0.78500 |    3.1074170961e-07    |    4.7084356018e+03    |    4.6616569672e+03    |
| 0.78625 |    3.1067080807e-07    |    4.7012595653e+03    |    4.6542440078e+03    |
| 0.78750 |    3.1060060693e-07    |    4.6940819144e+03    |    4.6468282354e+03    |
| 0.78875 |    3.1053110390e-07    |    4.6869032947e+03    |    4.6394102611e+03    |
| 0.79000 |    3.1046229664e-07    |    4.6797243473e+03    |    4.6319906904e+03    |
| 0.79125 |    3.1039418278e-07    |    4.6725457088e+03    |    4.6245701239e+03    |
| 0.79250 |    3.1032675993e-07    |    4.6653680113e+03    |    4.6171491569e+03    |
| 0.79375 |    3.1026002562e-07    |    4.6581918820e+03    |    4.6097283789e+03    |
| 0.79500 |    3.1019397740e-07    |    4.6510179434e+03    |    4.6023083741e+03    |
| 0.79625 |    3.1012861274e-07    |    4.6438468129e+03    |    4.5948897208e+03    |
| 0.79750 |    3.1006392911e-07    |    4.6366791030e+03    |    4.5874729914e+03    |
| 0.79875 |    3.0999992392e-07    |    4.6295154208e+03    |    4.5800587525e+03    |
| 0.80000 |    3.0993659456e-07    |    4.6223563682e+03    |    4.5726475643e+03    |
| 0.80125 |    3.0987393838e-07    |    4.6152025417e+03    |    4.5652399811e+03    |
| 0.80250 |    3.0981195270e-07    |    4.6080545322e+03    |    4.5578365507e+03    |
| 0.80375 |    3.0975063482e-07    |    4.6009129251e+03    |    4.5504378142e+03    |
| 0.80500 |    3.0968998199e-07    |    4.5937783000e+03    |    4.5430443065e+03    |
| 0.80625 |    3.0962999144e-07    |    4.5866512308e+03    |    4.5356565555e+03    |
| 0.80750 |    3.0957066036e-07    |    4.5795322853e+03    |    4.5282750827e+03    |
| 0.80875 |    3.0951198592e-07    |    4.5724220254e+03    |    4.5209004022e+03    |
| 0.81000 |    3.0945396525e-07    |    4.5653210070e+03    |    4.5135330214e+03    |
| 0.81125 |    3.0939659546e-07    |    4.5582297798e+03    |    4.5061734406e+03    |
| 0.81250 |    3.0933987362e-07    |    4.5511488870e+03    |    4.4988221527e+03    |
| 0.81375 |    3.0928379679e-07    |    4.5440788660e+03    |    4.4914796435e+03    |
| 0.81500 |    3.0922836197e-07    |    4.5370202471e+03    |    4.4841463913e+03    |
| 0.81625 |    3.0917356617e-07    |    4.5299735548e+03    |    4.4768228669e+03    |
| 0.81750 |    3.0911940634e-07    |    4.5229393067e+03    |    4.4695095336e+03    |
| 0.81875 |    3.0906587943e-07    |    4.5159180137e+03    |    4.4622068470e+03    |
| 0.82000 |    3.0901298233e-07    |    4.5089101804e+03    |    4.4549152549e+03    |
| 0.82125 |    3.0896071194e-07    |    4.5019163043e+03    |    4.4476351975e+03    |
| 0.82250 |    3.0890906512e-07    |    4.4949368764e+03    |    4.4403671070e+03    |
| 0.82375 |    3.0885803869e-07    |    4.4879723807e+03    |    4.4331114074e+03    |
| 0.82500 |    3.0880762946e-07    |    4.4810232945e+03    |    4.4258685151e+03    |
| 0.82625 |    3.0875783422e-07    |    4.4740900880e+03    |    4.4186388381e+03    |
| 0.82750 |    3.0870864973e-07    |    4.4671732247e+03    |    4.4114227763e+03    |
| 0.82875 |    3.0866007271e-07    |    4.4602731609e+03    |    4.4042207217e+03    |
| 0.83000 |    3.0861209989e-07    |    4.4533903461e+03    |    4.3970330576e+03    |
| 0.83125 |    3.0856472794e-07    |    4.4465252225e+03    |    4.3898601593e+03    |
| 0.83250 |    3.0851795354e-07    |    4.4396782257e+03    |    4.3827023936e+03    |
| 0.83375 |    3.0847177333e-07    |    4.4328497838e+03    |    4.3755601189e+03    |
| 0.83500 |    3.0842618393e-07    |    4.4260403182e+03    |    4.3684336853e+03    |
| 0.83625 |    3.0838118193e-07    |    4.4192502431e+03    |    4.3613234344e+03    |
| 0.83750 |    3.0833676393e-07    |    4.4124799656e+03    |    4.3542296992e+03    |
| 0.83875 |    3.0829292648e-07    |    4.4057298858e+03    |    4.3471528042e+03    |
| 0.84000 |    3.0824966611e-07    |    4.3990003970e+03    |    4.3400930655e+03    |
| 0.84125 |    3.0820697934e-07    |    4.3922918850e+03    |    4.3330507905e+03    |
| 0.84250 |    3.0816486268e-07    |    4.3856047291e+03    |    4.3260262781e+03    |
| 0.84375 |    3.0812331259e-07    |    4.3789393015e+03    |    4.3190198185e+03    |
| 0.84500 |    3.0808232555e-07    |    4.3722959674e+03    |    4.3120316936e+03    |
| 0.84625 |    3.0804189799e-07    |    4.3656750852e+03    |    4.3050621763e+03    |
| 0.84750 |    3.0800202634e-07    |    4.3590770064e+03    |    4.2981115312e+03    |
| 0.84875 |    3.0796270700e-07    |    4.3525020759e+03    |    4.2911800143e+03    |
| 0.85000 |    3.0792393636e-07    |    4.3459506318e+03    |    4.2842678730e+03    |
| 0.85125 |    3.0788571080e-07    |    4.3394230055e+03    |    4.2773753460e+03    |
| 0.85250 |    3.0784802666e-07    |    4.3329195220e+03    |    4.2705026637e+03    |
| 0.85375 |    3.0781088028e-07    |    4.3264404996e+03    |    4.2636500478e+03    |
| 0.85500 |    3.0777426799e-07    |    4.3199862505e+03    |    4.2568177118e+03    |
| 0.85625 |    3.0773818609e-07    |    4.3135570803e+03    |    4.2500058603e+03    |
| 0.85750 |    3.0770263088e-07    |    4.3071532885e+03    |    4.2432146899e+03    |
| 0.85875 |    3.0766759862e-07    |    4.3007751686e+03    |    4.2364443887e+03    |
| 0.86000 |    3.0763308558e-07    |    4.2944230080e+03    |    4.2296951364e+03    |
| 0.86125 |    3.0759908801e-07    |    4.2880970883e+03    |    4.2229671045e+03    |
| 0.86250 |    3.0756560213e-07    |    4.2817976853e+03    |    4.2162604562e+03    |
| 0.86375 |    3.0753262417e-07    |    4.2755250693e+03    |    4.2095753467e+03    |
| 0.86500 |    3.0750015033e-07    |    4.2692795051e+03    |    4.2029119229e+03    |
| 0.86625 |    3.0746817680e-07    |    4.2630612521e+03    |    4.1962703237e+03    |
| 0.86750 |    3.0743669976e-07    |    4.2568705647e+03    |    4.1896506802e+03    |
| 0.86875 |    3.0740571538e-07    |    4.2507076922e+03    |    4.1830531155e+03    |
| 0.87000 |    3.0737521980e-07    |    4.2445728792e+03    |    4.1764777448e+03    |
| 0.87125 |    3.0734520918e-07    |    4.2384663655e+03    |    4.1699246755e+03    |
| 0.87250 |    3.0731567964e-07    |    4.2323883866e+03    |    4.1633940077e+03    |
| 0.87375 |    3.0728662730e-07    |    4.2263391737e+03    |    4.1568858337e+03    |
| 0.87500 |    3.0725804827e-07    |    4.2203189539e+03    |    4.1504002381e+03    |
| 0.87625 |    3.0722993864e-07    |    4.2143279507e+03    |    4.1439372986e+03    |
| 0.87750 |    3.0720229450e-07    |    4.2083663837e+03    |    4.1374970853e+03    |
| 0.87875 |    3.0717511193e-07    |    4.2024344693e+03    |    4.1310796611e+03    |
| 0.88000 |    3.0714838699e-07    |    4.1965324207e+03    |    4.1246850821e+03    |
| 0.88125 |    3.0712211575e-07    |    4.1906604484e+03    |    4.1183133971e+03    |
| 0.88250 |    3.0709629423e-07    |    4.1848187599e+03    |    4.1119646484e+03    |
| 0.88375 |    3.0707091849e-07    |    4.1790075607e+03    |    4.1056388712e+03    |
| 0.88500 |    3.0704598456e-07    |    4.1732270540e+03    |    4.0993360943e+03    |
| 0.88625 |    3.0702148844e-07    |    4.1674774414e+03    |    4.0930563399e+03    |
| 0.88750 |    3.0699742617e-07    |    4.1617589229e+03    |    4.0867996240e+03    |
| 0.88875 |    3.0697379373e-07    |    4.1560716972e+03    |    4.0805659561e+03    |
| 0.89000 |    3.0695058714e-07    |    4.1504159624e+03    |    4.0743553397e+03    |
| 0.89125 |    3.0692780237e-07    |    4.1447919159e+03    |    4.0681677722e+03    |
| 0.89250 |    3.0690543541e-07    |    4.1391997550e+03    |    4.0620032453e+03    |
| 0.89375 |    3.0688348224e-07    |    4.1336396770e+03    |    4.0558617448e+03    |
| 0.89500 |    3.0686193882e-07    |    4.1281118800e+03    |    4.0497432511e+03    |
| 0.89625 |    3.0684080112e-07    |    4.1226165627e+03    |    4.0436477387e+03    |
| 0.89750 |    3.0682006510e-07    |    4.1171539255e+03    |    4.0375751774e+03    |
| 0.89875 |    3.0679972670e-07    |    4.1117241701e+03    |    4.0315255311e+03    |
| 0.90000 |    3.0677978187e-07    |    4.1063275007e+03    |    4.0254987593e+03    |
| 0.90125 |    3.0676022656e-07    |    4.1009641238e+03    |    4.0194948161e+03    |
| 0.90250 |    3.0674105670e-07    |    4.0956342491e+03    |    4.0135136512e+03    |
| 0.90375 |    3.0672226822e-07    |    4.0903380896e+03    |    4.0075552092e+03    |
| 0.90500 |    3.0670385706e-07    |    4.0850758626e+03    |    4.0016194308e+03    |
| 0.90625 |    3.0668581912e-07    |    4.0798477895e+03    |    3.9957062518e+03    |
| 0.90750 |    3.0666815034e-07    |    4.0746540970e+03    |    3.9898156041e+03    |
| 0.90875 |    3.0665084663e-07    |    4.0694950171e+03    |    3.9839474155e+03    |
| 0.91000 |    3.0663390391e-07    |    4.0643707881e+03    |    3.9781016099e+03    |
| 0.91125 |    3.0661731808e-07    |    4.0592816549e+03    |    3.9722781072e+03    |
| 0.91250 |    3.0660108505e-07    |    4.0542278696e+03    |    3.9664768239e+03    |
| 0.91375 |    3.0658520074e-07    |    4.0492096922e+03    |    3.9606976729e+03    |
| 0.91500 |    3.0656966105e-07    |    4.0442273915e+03    |    3.9549405639e+03    |
| 0.91625 |    3.0655446188e-07    |    4.0392812453e+03    |    3.9492054029e+03    |
| 0.91750 |    3.0653959913e-07    |    4.0343715414e+03    |    3.9434920935e+03    |
| 0.91875 |    3.0652506871e-07    |    4.0294985783e+03    |    3.9378005357e+03    |
| 0.92000 |    3.0651086652e-07    |    4.0246626660e+03    |    3.9321306271e+03    |
| 0.92125 |    3.0649698846e-07    |    4.0198641266e+03    |    3.9264822624e+03    |
| 0.92250 |    3.0648343044e-07    |    4.0151032954e+03    |    3.9208553339e+03    |
| 0.92375 |    3.0647018835e-07    |    4.0103805218e+03    |    3.9152497314e+03    |
| 0.92500 |    3.0645725809e-07    |    4.0056961697e+03    |    3.9096653423e+03    |
| 0.92625 |    3.0644463559e-07    |    4.0010506192e+03    |    3.9041020519e+03    |
| 0.92750 |    3.0643231673e-07    |    3.9964442671e+03    |    3.8985597435e+03    |
| 0.92875 |    3.0642029743e-07    |    3.9918775280e+03    |    3.8930382984e+03    |
| 0.93000 |    3.0640857361e-07    |    3.9873508358e+03    |    3.8875375960e+03    |
| 0.93125 |    3.0639714117e-07    |    3.9828646443e+03    |    3.8820575142e+03    |
| 0.93250 |    3.0638599603e-07    |    3.9784194288e+03    |    3.8765979291e+03    |
| 0.93375 |    3.0637513412e-07    |    3.9740156872e+03    |    3.8711587154e+03    |
| 0.93500 |    3.0636455136e-07    |    3.9696539415e+03    |    3.8657397463e+03    |
| 0.93625 |    3.0635424368e-07    |    3.9653347393e+03    |    3.8603408940e+03    |
| 0.93750 |    3.0634420702e-07    |    3.9610586550e+03    |    3.8549620292e+03    |
| 0.93875 |    3.0633443731e-07    |    3.9568262918e+03    |    3.8496030217e+03    |
| 0.94000 |    3.0632493049e-07    |    3.9526382829e+03    |    3.8442637403e+03    |
| 0.94125 |    3.0631568253e-07    |    3.9484952939e+03    |    3.8389440527e+03    |
| 0.94250 |    3.0630668938e-07    |    3.9443980243e+03    |    3.8336438260e+03    |
| 0.94375 |    3.0629794701e-07    |    3.9403472095e+03    |    3.8283629266e+03    |
| 0.94500 |    3.0628945138e-07    |    3.9363436232e+03    |    3.8231012200e+03    |
| 0.94625 |    3.0628119848e-07    |    3.9323880796e+03    |    3.8178585714e+03    |
| 0.94750 |    3.0627318429e-07    |    3.9284814357e+03    |    3.8126348452e+03    |
| 0.94875 |    3.0626540483e-07    |    3.9246245941e+03    |    3.8074299058e+03    |
| 0.95000 |    3.0625785608e-07    |    3.9208185056e+03    |    3.8022436167e+03    |
| 0.95125 |    3.0625053408e-07    |    3.9170641722e+03    |    3.7970758416e+03    |
| 0.95250 |    3.0624343484e-07    |    3.9133626505e+03    |    3.7919264437e+03    |
| 0.95375 |    3.0623655442e-07    |    3.9097150546e+03    |    3.7867952860e+03    |
| 0.95500 |    3.0622988884e-07    |    3.9061225603e+03    |    3.7816822315e+03    |
| 0.95625 |    3.0622343419e-07    |    3.9025864087e+03    |    3.7765871432e+03    |
| 0.95750 |    3.0621718653e-07    |    3.8991079103e+03    |    3.7715098839e+03    |
| 0.95875 |    3.0621114195e-07    |    3.8956884497e+03    |    3.7664503165e+03    |
| 0.96000 |    3.0620529655e-07    |    3.8923294903e+03    |    3.7614083040e+03    |
| 0.96125 |    3.0619964645e-07    |    3.8890325798e+03    |    3.7563837097e+03    |
| 0.96250 |    3.0619418777e-07    |    3.8857993555e+03    |    3.7513763967e+03    |
| 0.96375 |    3.0618891667e-07    |    3.8826315505e+03    |    3.7463862287e+03    |
| 0.96500 |    3.0618382930e-07    |    3.8795310003e+03    |    3.7414130693e+03    |
| 0.96625 |    3.0617892184e-07    |    3.8764996499e+03    |    3.7364567827e+03    |
| 0.96750 |    3.0617419048e-07    |    3.8735395615e+03    |    3.7315172332e+03    |
| 0.96875 |    3.0616963144e-07    |    3.8706529231e+03    |    3.7265942855e+03    |
| 0.97000 |    3.0616524095e-07    |    3.8678420571e+03    |    3.7216878048e+03    |
| 0.97125 |    3.0616101526e-07    |    3.8651094305e+03    |    3.7167976565e+03    |
| 0.97250 |    3.0615695063e-07    |    3.8624576658e+03    |    3.7119237066e+03    |
| 0.97375 |    3.0615304336e-07    |    3.8598895523e+03    |    3.7070658216e+03    |
| 0.97500 |    3.0614928976e-07    |    3.8574080594e+03    |    3.7022238683e+03    |
| 0.97625 |    3.0614568616e-07    |    3.8550163502e+03    |    3.6973977143e+03    |
| 0.97750 |    3.0614222891e-07    |    3.8527177971e+03    |    3.6925872275e+03    |
| 0.97875 |    3.0613891439e-07    |    3.8505159984e+03    |    3.6877922766e+03    |
| 0.98000 |    3.0613573901e-07    |    3.8484147970e+03    |    3.6830127306e+03    |
| 0.98125 |    3.0613269919e-07    |    3.8464183003e+03    |    3.6782484593e+03    |
| 0.98250 |    3.0612979138e-07    |    3.8445309029e+03    |    3.6734993333e+03    |
| 0.98375 |    3.0612701206e-07    |    3.8427573111e+03    |    3.6687652236e+03    |
| 0.98500 |    3.0612435773e-07    |    3.8411025701e+03    |    3.6640460020e+03    |
| 0.98625 |    3.0612182492e-07    |    3.8395720942e+03    |    3.6593415409e+03    |
| 0.98750 |    3.0611941020e-07    |    3.8381717003e+03    |    3.6546517138e+03    |
| 0.98875 |    3.0611711015e-07    |    3.8369076446e+03    |    3.6499763945e+03    |
| 0.99000 |    3.0611492139e-07    |    3.8357866640e+03    |    3.6453154578e+03    |
| 0.99125 |    3.0611284057e-07    |    3.8348160225e+03    |    3.6406687794e+03    |
| 0.99250 |    3.0611086437e-07    |    3.8340035621e+03    |    3.6360362356e+03    |
| 0.99375 |    3.0610898951e-07    |    3.8333577606e+03    |    3.6314177037e+03    |
| 0.99500 |    3.0610721272e-07    |    3.8328877964e+03    |    3.6268130619e+03    |
| 0.99625 |    3.0610553080e-07    |    3.8326036204e+03    |    3.6222221893e+03    |
| 0.99750 |    3.0610394055e-07    |    3.8325160385e+03    |    3.6176449657e+03    |
| 0.99875 |    3.0610243883e-07    |    3.8326368037e+03    |    3.6130812722e+03    |
| 1.00000 |    3.0610102252e-07    |    3.8286936789e+03    |    3.6085309906e+03    |
--------------------------------------------------------------------------------------