Число узлов n = 501
--------------------------------------------------------------------------------------
|    x    |          u(z)          |          f(z)          |     f(z) integral      |
--------------------------------------------------------------------------------------
| 0.00000 |    3.9236224130e-07    |    0.0000000000e+00    |    0.0000000000e+00    |
| 0.00200 |    3.9236125226e-07    |    2.4754526817e+01    |    2.3346963206e+01    |
| 0.00400 |    3.9235868911e-07    |    4.7256973865e+01    |    4.6693953959e+01    |
| 0.00600 |    3.9235447104e-07    |    7.0402934603e+01    |    7.0040999120e+01    |
| 0.00800 |    3.9234858650e-07    |    9.3656219397e+01    |    9.3388125179e+01    |
| 0.01000 |    3.9234103166e-07    |    1.1694860885e+02    |    1.1673535843e+02    |
| 0.01200 |    3.9233180474e-07    |    1.4025988014e+02    |    1.4008272478e+02    |
| 0.01400 |    3.9232090481e-07    |    1.6358180918e+02    |    1.6343024965e+02    |
| 0.01600 |    3.9230833127e-07    |    1.8691040631e+02    |    1.8677795782e+02    |
| 0.01800 |    3.9229408375e-07    |    2.1024350145e+02    |    2.1012587337e+02    |
| 0.02000 |    3.9227816199e-07    |    2.3357981528e+02    |    2.3347401955e+02    |
| 0.02200 |    3.9226056579e-07    |    2.5691854725e+02    |    2.5682241866e+02    |
| 0.02400 |    3.9224129500e-07    |    2.8025917294e+02    |    2.8017109196e+02    |
| 0.02600 |    3.9222034950e-07    |    3.0360133617e+02    |    3.0352005959e+02    |
| 0.02800 |    3.9219772920e-07    |    3.2694478783e+02    |    3.2686934041e+02    |
| 0.03000 |    3.9217343402e-07    |    3.5028934936e+02    |    3.5021895195e+02    |
| 0.03200 |    3.9214746387e-07    |    3.7363489006e+02    |    3.7356891027e+02    |
| 0.03400 |    3.9211981871e-07    |    3.9698131235e+02    |    3.9691922987e+02    |
| 0.03600 |    3.9209049847e-07    |    4.2032854200e+02    |    4.2026992359e+02    |
| 0.03800 |    3.9205950312e-07    |    4.4367652140e+02    |    4.4362100250e+02    |
| 0.04000 |    3.9202683260e-07    |    4.6702520486e+02    |    4.6697247578e+02    |
| 0.04200 |    3.9199248687e-07    |    4.9037455519e+02    |    4.9032435065e+02    |
| 0.04400 |    3.9195646590e-07    |    5.1372454121e+02    |    5.1367663224e+02    |
| 0.04600 |    3.9191876966e-07    |    5.3707513586e+02    |    5.3702932350e+02    |
| 0.04800 |    3.9187939812e-07    |    5.6042631484e+02    |    5.6038242506e+02    |
| 0.05000 |    3.9183835126e-07    |    5.8377805542e+02    |    5.8373593518e+02    |
| 0.05200 |    3.9179562905e-07    |    6.0713033561e+02    |    6.0708984963e+02    |
| 0.05400 |    3.9175123148e-07    |    6.3048313345e+02    |    6.3044416154e+02    |
| 0.05600 |    3.9170515854e-07    |    6.5383642643e+02    |    6.5379886136e+02    |
| 0.05800 |    3.9165741021e-07    |    6.7719019102e+02    |    6.7715393673e+02    |
| 0.06000 |    3.9160798650e-07    |    7.0054440225e+02    |    7.0050937234e+02    |
| 0.06200 |    3.9155688740e-07    |    7.2389903338e+02    |    7.2386514989e+02    |
| 0.06400 |    3.9150411293e-07    |    7.4725405561e+02    |    7.4722124794e+02    |
| 0.06600 |    3.9144966309e-07    |    7.7060943779e+02    |    7.7057764183e+02    |
| 0.06800 |    3.9139353791e-07    |    7.9396514620e+02    |    7.9393430357e+02    |
| 0.07000 |    3.9133573742e-07    |    8.1732114434e+02    |    8.1729120170e+02    |
| 0.07200 |    3.9127626164e-07    |    8.4067739272e+02    |    8.4064830126e+02    |
| 0.07400 |    3.9121511061e-07    |    8.6403384870e+02    |    8.6400556362e+02    |
| 0.07600 |    3.9115228440e-07    |    8.8739046630e+02    |    8.8736294641e+02    |
| 0.07800 |    3.9108778304e-07    |    9.1074719608e+02    |    9.1072040338e+02    |
| 0.08000 |    3.9102160662e-07    |    9.3410398492e+02    |    9.3407788437e+02    |
| 0.08200 |    3.9095375521e-07    |    9.5746077596e+02    |    9.5743533510e+02    |
| 0.08400 |    3.9088422890e-07    |    9.8081750841e+02    |    9.8079269718e+02    |
| 0.08600 |    3.9081302778e-07    |    1.0041741174e+03    |    1.0041499079e+03    |
| 0.08800 |    3.9074015196e-07    |    1.0275305340e+03    |    1.0275069002e+03    |
| 0.09000 |    3.9066560157e-07    |    1.0508866847e+03    |    1.0508636026e+03    |
| 0.09200 |    3.9058937674e-07    |    1.0742424919e+03    |    1.0742199389e+03    |
| 0.09400 |    3.9051147763e-07    |    1.0975978733e+03    |    1.0975758284e+03    |
| 0.09600 |    3.9043190439e-07    |    1.1209527419e+03    |    1.1209311854e+03    |
| 0.09800 |    3.9035065719e-07    |    1.1443070059e+03    |    1.1442859194e+03    |
| 0.10000 |    3.9026773625e-07    |    1.1676605687e+03    |    1.1676399350e+03    |
| 0.10200 |    3.9018314175e-07    |    1.1910133287e+03    |    1.1909931317e+03    |
| 0.10400 |    3.9009687394e-07    |    1.2143651791e+03    |    1.2143454035e+03    |
| 0.10600 |    3.9000893306e-07    |    1.2377160079e+03    |    1.2376966396e+03    |
| 0.10800 |    3.8991931937e-07    |    1.2610656977e+03    |    1.2610467232e+03    |
| 0.11000 |    3.8982803315e-07    |    1.2844141259e+03    |    1.2843955326e+03    |
| 0.11200 |    3.8973507470e-07    |    1.3077611639e+03    |    1.3077429400e+03    |
| 0.11400 |    3.8964044436e-07    |    1.3311066779e+03    |    1.3310888121e+03    |
| 0.11600 |    3.8954414246e-07    |    1.3544505280e+03    |    1.3544330098e+03    |
| 0.11800 |    3.8944616938e-07    |    1.3777925687e+03    |    1.3777753881e+03    |
| 0.12000 |    3.8934652551e-07    |    1.4011326482e+03    |    1.4011157958e+03    |
| 0.12200 |    3.8924521126e-07    |    1.4244706088e+03    |    1.4244540758e+03    |
| 0.12400 |    3.8914222708e-07    |    1.4478062867e+03    |    1.4477900647e+03    |
| 0.12600 |    3.8903757343e-07    |    1.4711395116e+03    |    1.4711235926e+03    |
| 0.12800 |    3.8893125082e-07    |    1.4944701070e+03    |    1.4944544835e+03    |
| 0.13000 |    3.8882325976e-07    |    1.5177978897e+03    |    1.5177825546e+03    |
| 0.13200 |    3.8871360081e-07    |    1.5411226700e+03    |    1.5411076167e+03    |
| 0.13400 |    3.8860227456e-07    |    1.5644442516e+03    |    1.5644294736e+03    |
| 0.13600 |    3.8848928161e-07    |    1.5877624312e+03    |    1.5877479225e+03    |
| 0.13800 |    3.8837462262e-07    |    1.6110769987e+03    |    1.6110627537e+03    |
| 0.14000 |    3.8825829825e-07    |    1.6343877370e+03    |    1.6343737502e+03    |
| 0.14200 |    3.8814030924e-07    |    1.6576944219e+03    |    1.6576806882e+03    |
| 0.14400 |    3.8802065632e-07    |    1.6809968219e+03    |    1.6809833365e+03    |
| 0.14600 |    3.8789934028e-07    |    1.7042946984e+03    |    1.7042814566e+03    |
| 0.14800 |    3.8777636194e-07    |    1.7275878051e+03    |    1.7275748027e+03    |
| 0.15000 |    3.8765172216e-07    |    1.7508758884e+03    |    1.7508631212e+03    |
| 0.15200 |    3.8752542185e-07    |    1.7741586872e+03    |    1.7741461513e+03    |
| 0.15400 |    3.8739746193e-07    |    1.7974359324e+03    |    1.7974236242e+03    |
| 0.15600 |    3.8726784340e-07    |    1.8207073473e+03    |    1.8206952634e+03    |
| 0.15800 |    3.8713656729e-07    |    1.8439726475e+03    |    1.8439607844e+03    |
| 0.16000 |    3.8700363464e-07    |    1.8672315402e+03    |    1.8672198949e+03    |
| 0.16200 |    3.8686904660e-07    |    1.8904837248e+03    |    1.8904722944e+03    |
| 0.16400 |    3.8673280430e-07    |    1.9137288925e+03    |    1.9137176742e+03    |
| 0.16600 |    3.8659490896e-07    |    1.9369667262e+03    |    1.9369557174e+03    |
| 0.16800 |    3.8645536183e-07    |    1.9601969004e+03    |    1.9601860987e+03    |
| 0.17000 |    3.8631416423e-07    |    1.9834190813e+03    |    1.9834084843e+03    |
| 0.17200 |    3.8617131751e-07    |    2.0066329264e+03    |    2.0066225319e+03    |
| 0.17400 |    3.8602682307e-07    |    2.0298380847e+03    |    2.0298278907e+03    |
| 0.17600 |    3.8588068238e-07    |    2.0530341964e+03    |    2.0530242009e+03    |
| 0.17800 |    3.8573289696e-07    |    2.0762208928e+03    |    2.0762110941e+03    |
| 0.18000 |    3.8558346838e-07    |    2.0993977966e+03    |    2.0993881930e+03    |
| 0.18200 |    3.8543239827e-07    |    2.1225645212e+03    |    2.1225551112e+03    |
| 0.18400 |    3.8527968833e-07    |    2.1457206712e+03    |    2.1457114532e+03    |
| 0.18600 |    3.8512534029e-07    |    2.1688658418e+03    |    2.1688568146e+03    |
| 0.18800 |    3.8496935598e-07    |    2.1919996191e+03    |    2.1919907814e+03    |
| 0.19000 |    3.8481173726e-07    |    2.2151215800e+03    |    2.2151129305e+03    |
| 0.19200 |    3.8465248608e-07    |    2.2382312916e+03    |    2.2382228294e+03    |
| 0.19400 |    3.8449160443e-07    |    2.2613283120e+03    |    2.2613200360e+03    |
| 0.19600 |    3.8432909438e-07    |    2.2844121893e+03    |    2.2844040987e+03    |
| 0.19800 |    3.8416495807e-07    |    2.3074824623e+03    |    2.3074745563e+03    |
| 0.20000 |    3.8399919771e-07    |    2.3305386599e+03    |    2.3305309377e+03    |
| 0.20200 |    3.8383181558e-07    |    2.3535803011e+03    |    2.3535727622e+03    |
| 0.20400 |    3.8366281402e-07    |    2.3766068954e+03    |    2.3765995391e+03    |
| 0.20600 |    3.8349219545e-07    |    2.3996179419e+03    |    2.3996107677e+03    |
| 0.20800 |    3.8331996238e-07    |    2.4226129299e+03    |    2.4226059374e+03    |
| 0.21000 |    3.8314611737e-07    |    2.4455913386e+03    |    2.4455845275e+03    |
| 0.21200 |    3.8297066309e-07    |    2.4685526370e+03    |    2.4685460070e+03    |
| 0.21400 |    3.8279360225e-07    |    2.4914962840e+03    |    2.4914898347e+03    |
| 0.21600 |    3.8261493767e-07    |    2.5144217278e+03    |    2.5144154592e+03    |
| 0.21800 |    3.8243467225e-07    |    2.5373284067e+03    |    2.5373223186e+03    |
| 0.22000 |    3.8225280896e-07    |    2.5602157483e+03    |    2.5602098406e+03    |
| 0.22200 |    3.8206935087e-07    |    2.5830831697e+03    |    2.5830774425e+03    |
| 0.22400 |    3.8188430111e-07    |    2.6059300775e+03    |    2.6059245308e+03    |
| 0.22600 |    3.8169766293e-07    |    2.6287558677e+03    |    2.6287505016e+03    |
| 0.22800 |    3.8150943966e-07    |    2.6515599255e+03    |    2.6515547403e+03    |
| 0.23000 |    3.8131963471e-07    |    2.6743416256e+03    |    2.6743366213e+03    |
| 0.23200 |    3.8112825158e-07    |    2.6971003315e+03    |    2.6970955085e+03    |
| 0.23400 |    3.8093529389e-07    |    2.7198353964e+03    |    2.7198307549e+03    |
| 0.23600 |    3.8074076533e-07    |    2.7425461620e+03    |    2.7425417025e+03    |
| 0.23800 |    3.8054466969e-07    |    2.7652319595e+03    |    2.7652276823e+03    |
| 0.24000 |    3.8034701087e-07    |    2.7878921090e+03    |    2.7878880145e+03    |
| 0.24200 |    3.8014779286e-07    |    2.8105259193e+03    |    2.8105220080e+03    |
| 0.24400 |    3.7994701975e-07    |    2.8331326885e+03    |    2.8331289609e+03    |
| 0.24600 |    3.7974469575e-07    |    2.8557117033e+03    |    2.8557081600e+03    |
| 0.24800 |    3.7954082515e-07    |    2.8782622393e+03    |    2.8782588809e+03    |
| 0.25000 |    3.7933541237e-07    |    2.9007835610e+03    |    2.9007803881e+03    |
| 0.25200 |    3.7912846191e-07    |    2.9232749214e+03    |    2.9232719347e+03    |
| 0.25400 |    3.7891997839e-07    |    2.9457355625e+03    |    2.9457327627e+03    |
| 0.25600 |    3.7870996657e-07    |    2.9681647149e+03    |    2.9681621028e+03    |
| 0.25800 |    3.7849843127e-07    |    2.9905615978e+03    |    2.9905591740e+03    |
| 0.26000 |    3.7828537746e-07    |    3.0129254191e+03    |    3.0129231845e+03    |
| 0.26200 |    3.7807081021e-07    |    3.0352553753e+03    |    3.0352533308e+03    |
| 0.26400 |    3.7785473472e-07    |    3.0575506515e+03    |    3.0575487978e+03    |
| 0.26600 |    3.7763715628e-07    |    3.0798104214e+03    |    3.0798087595e+03    |
| 0.26800 |    3.7741808034e-07    |    3.1020338471e+03    |    3.1020323780e+03    |
| 0.27000 |    3.7719751244e-07    |    3.1242200796e+03    |    3.1242188041e+03    |
| 0.27200 |    3.7697545824e-07    |    3.1463682580e+03    |    3.1463671772e+03    |
| 0.27400 |    3.7675192355e-07    |    3.1684775104e+03    |    3.1684766251e+03    |
| 0.27600 |    3.7652691428e-07    |    3.1905469529e+03    |    3.1905462643e+03    |
| 0.27800 |    3.7630043648e-07    |    3.2125756906e+03    |    3.2125751998e+03    |
| 0.28000 |    3.7607249633e-07    |    3.2345628169e+03    |    3.2345625248e+03    |
| 0.28200 |    3.7584310012e-07    |    3.2565074137e+03    |    3.2565073215e+03    |
| 0.28400 |    3.7561225431e-07    |    3.2784085515e+03    |    3.2784086604e+03    |
| 0.28600 |    3.7537996544e-07    |    3.3002652894e+03    |    3.3002656004e+03    |
| 0.28800 |    3.7514624024e-07    |    3.3220766750e+03    |    3.3220771893e+03    |
| 0.29000 |    3.7491108552e-07    |    3.3438417444e+03    |    3.3438424633e+03    |
| 0.29200 |    3.7467450828e-07    |    3.3655595225e+03    |    3.3655604471e+03    |
| 0.29400 |    3.7443651562e-07    |    3.3872290227e+03    |    3.3872301543e+03    |
| 0.29600 |    3.7419711479e-07    |    3.4088492470e+03    |    3.4088505868e+03    |
| 0.29800 |    3.7395631319e-07    |    3.4304191862e+03    |    3.4304207354e+03    |
| 0.30000 |    3.7371411835e-07    |    3.4519378197e+03    |    3.4519395797e+03    |
| 0.30200 |    3.7347053795e-07    |    3.4734041158e+03    |    3.4734060879e+03    |
| 0.30400 |    3.7322557981e-07    |    3.4948170315e+03    |    3.4948192169e+03    |
| 0.30600 |    3.7297925191e-07    |    3.5161755126e+03    |    3.5161779127e+03    |
| 0.30800 |    3.7273156236e-07    |    3.5374784939e+03    |    3.5374811101e+03    |
| 0.31000 |    3.7248251943e-07    |    3.5587248991e+03    |    3.5587277327e+03    |
| 0.31200 |    3.7223213154e-07    |    3.5799136409e+03    |    3.5799166932e+03    |
| 0.31400 |    3.7198040724e-07    |    3.6010436211e+03    |    3.6010468935e+03    |
| 0.31600 |    3.7172735527e-07    |    3.6221137305e+03    |    3.6221172245e+03    |
| 0.31800 |    3.7147298450e-07    |    3.6431228492e+03    |    3.6431265662e+03    |
| 0.32000 |    3.7121730395e-07    |    3.6640698467e+03    |    3.6640737880e+03    |
| 0.32200 |    3.7096032280e-07    |    3.6849535815e+03    |    3.6849577487e+03    |
| 0.32400 |    3.7070205041e-07    |    3.7057729019e+03    |    3.7057772964e+03    |
| 0.32600 |    3.7044249627e-07    |    3.7265266456e+03    |    3.7265312687e+03    |
| 0.32800 |    3.7018167004e-07    |    3.7472136397e+03    |    3.7472184930e+03    |
| 0.33000 |    3.6991958153e-07    |    3.7678327014e+03    |    3.7678377863e+03    |
| 0.33200 |    3.6965624074e-07    |    3.7883826373e+03    |    3.7883879553e+03    |
| 0.33400 |    3.6939165780e-07    |    3.8088622441e+03    |    3.8088677968e+03    |
| 0.33600 |    3.6912584301e-07    |    3.8292703087e+03    |    3.8292760975e+03    |
| 0.33800 |    3.6885880686e-07    |    3.8496056077e+03    |    3.8496116341e+03    |
| 0.34000 |    3.6859055997e-07    |    3.8698669084e+03    |    3.8698731740e+03    |
| 0.34200 |    3.6832111314e-07    |    3.8900529682e+03    |    3.8900594744e+03    |
| 0.34400 |    3.6805047735e-07    |    3.9101625351e+03    |    3.9101692834e+03    |
| 0.34600 |    3.6777866373e-07    |    3.9301943477e+03    |    3.9302013397e+03    |
| 0.34800 |    3.6750568359e-07    |    3.9501471354e+03    |    3.9501543726e+03    |
| 0.35000 |    3.6723154840e-07    |    3.9700196185e+03    |    3.9700271024e+03    |
| 0.35200 |    3.6695626980e-07    |    3.9898105085e+03    |    3.9898182406e+03    |
| 0.35400 |    3.6667985961e-07    |    4.0095185078e+03    |    4.0095264898e+03    |
| 0.35600 |    3.6640232982e-07    |    4.0291423105e+03    |    4.0291505438e+03    |
| 0.35800 |    3.6612369257e-07    |    4.0486806022e+03    |    4.0486890884e+03    |
| 0.36000 |    3.6584396021e-07    |    4.0681320601e+03    |    4.0681408007e+03    |
| 0.36200 |    3.6556314523e-07    |    4.0874953533e+03    |    4.0875043498e+03    |
| 0.36400 |    3.6528126031e-07    |    4.1067691430e+03    |    4.1067783971e+03    |
| 0.36600 |    3.6499831831e-07    |    4.1259520828e+03    |    4.1259615959e+03    |
| 0.36800 |    3.6471433224e-07    |    4.1450428186e+03    |    4.1450525923e+03    |
| 0.37000 |    3.6442931530e-07    |    4.1640399888e+03    |    4.1640500247e+03    |
| 0.37200 |    3.6414328087e-07    |    4.1829422250e+03    |    4.1829525245e+03    |
| 0.37400 |    3.6385624250e-07    |    4.2017481517e+03    |    4.2017587164e+03    |
| 0.37600 |    3.6356821391e-07    |    4.2204563865e+03    |    4.2204672179e+03    |
| 0.37800 |    3.6327920899e-07    |    4.2390655407e+03    |    4.2390766404e+03    |
| 0.38000 |    3.6298924184e-07    |    4.2575742194e+03    |    4.2575855889e+03    |
| 0.38200 |    3.6269832669e-07    |    4.2759810213e+03    |    4.2759926621e+03    |
| 0.38400 |    3.6240647797e-07    |    4.2942845396e+03    |    4.2942964533e+03    |
| 0.38600 |    3.6211371030e-07    |    4.3124833619e+03    |    4.3124955499e+03    |
| 0.38800 |    3.6182003843e-07    |    4.3305760703e+03    |    4.3305885341e+03    |
| 0.39000 |    3.6152547734e-07    |    4.3485612420e+03    |    4.3485739832e+03    |
| 0.39200 |    3.6123004214e-07    |    4.3664374493e+03    |    4.3664504693e+03    |
| 0.39400 |    3.6093374814e-07    |    4.3842032601e+03    |    4.3842165604e+03    |
| 0.39600 |    3.6063661082e-07    |    4.4018572378e+03    |    4.4018708200e+03    |
| 0.39800 |    3.6033864584e-07    |    4.4193979421e+03    |    4.4194118075e+03    |
| 0.40000 |    3.6003986901e-07    |    4.4368239287e+03    |    4.4368380790e+03    |
| 0.40200 |    3.5974029634e-07    |    4.4541337502e+03    |    4.4541481867e+03    |
| 0.40400 |    3.5943994401e-07    |    4.4713259559e+03    |    4.4713406800e+03    |
| 0.40600 |    3.5913882836e-07    |    4.4883990923e+03    |    4.4884141055e+03    |
| 0.40800 |    3.5883696590e-07    |    4.5053517035e+03    |    4.5053670072e+03    |
| 0.41000 |    3.5853437333e-07    |    4.5221823313e+03    |    4.5221979270e+03    |
| 0.41200 |    3.5823106751e-07    |    4.5388895157e+03    |    4.5389054048e+03    |
| 0.41400 |    3.5792706545e-07    |    4.5554717952e+03    |    4.5554879790e+03    |
| 0.41600 |    3.5762238437e-07    |    4.5719277071e+03    |    4.5719441871e+03    |
| 0.41800 |    3.5731704162e-07    |    4.5882557878e+03    |    4.5882725653e+03    |
| 0.42000 |    3.5701105473e-07    |    4.6044545732e+03    |    4.6044716496e+03    |
| 0.42200 |    3.5670444141e-07    |    4.6205225991e+03    |    4.6205399757e+03    |
| 0.42400 |    3.5639721951e-07    |    4.6364584014e+03    |    4.6364760796e+03    |
| 0.42600 |    3.5608940705e-07    |    4.6522605167e+03    |    4.6522784978e+03    |
| 0.42800 |    3.5578102222e-07    |    4.6679274824e+03    |    4.6679457678e+03    |
| 0.43000 |    3.5547208337e-07    |    4.6834578374e+03    |    4.6834764284e+03    |
| 0.43200 |    3.5516260899e-07    |    4.6988501222e+03    |    4.6988690199e+03    |
| 0.43400 |    3.5485261776e-07    |    4.7141028793e+03    |    4.7141220851e+03    |
| 0.43600 |    3.5454212849e-07    |    4.7292146538e+03    |    4.7292341690e+03    |
| 0.43800 |    3.5423116015e-07    |    4.7441839937e+03    |    4.7442038195e+03    |
| 0.44000 |    3.5391973186e-07    |    4.7590094502e+03    |    4.7590295879e+03    |
| 0.44200 |    3.5360786291e-07    |    4.7736895784e+03    |    4.7737100292e+03    |
| 0.44400 |    3.5329557271e-07    |    4.7882229373e+03    |    4.7882437023e+03    |
| 0.44600 |    3.5298288084e-07    |    4.8026080905e+03    |    4.8026291710e+03    |
| 0.44800 |    3.5266980701e-07    |    4.8168436067e+03    |    4.8168650039e+03    |
| 0.45000 |    3.5235637107e-07    |    4.8309280600e+03    |    4.8309497750e+03    |
| 0.45200 |    3.5204259304e-07    |    4.8448600303e+03    |    4.8448820642e+03    |
| 0.45400 |    3.5172849304e-07    |    4.8586381038e+03    |    4.8586604578e+03    |
| 0.45600 |    3.5141409135e-07    |    4.8722608735e+03    |    4.8722835487e+03    |
| 0.45800 |    3.5109940838e-07    |    4.8857269396e+03    |    4.8857499371e+03    |
| 0.46000 |    3.5078446466e-07    |    4.8990349100e+03    |    4.8990582308e+03    |
| 0.46200 |    3.5046928087e-07    |    4.9121834008e+03    |    4.9122070460e+03    |
| 0.46400 |    3.5015387779e-07    |    4.9251710366e+03    |    4.9251950073e+03    |
| 0.46600 |    3.4983827634e-07    |    4.9379964512e+03    |    4.9380207485e+03    |
| 0.46800 |    3.4952249757e-07    |    4.9506582880e+03    |    4.9506829128e+03    |
| 0.47000 |    3.4920656262e-07    |    4.9631552004e+03    |    4.9631801538e+03    |
| 0.47200 |    3.4889049276e-07    |    4.9754858525e+03    |    4.9755111355e+03    |
| 0.47400 |    3.4857430939e-07    |    4.9876489194e+03    |    4.9876745329e+03    |
| 0.47600 |    3.4825803398e-07    |    4.9996430877e+03    |    4.9996690327e+03    |
| 0.47800 |    3.4794168814e-07    |    5.0114670562e+03    |    5.0114933336e+03    |
| 0.48000 |    3.4762529356e-07    |    5.0231195363e+03    |    5.0231461470e+03    |
| 0.48200 |    3.4730887205e-07    |    5.0345992523e+03    |    5.0346261973e+03    |
| 0.48400 |    3.4699244550e-07    |    5.0459049424e+03    |    5.0459322226e+03    |
| 0.48600 |    3.4667603589e-07    |    5.0570353588e+03    |    5.0570629750e+03    |
| 0.48800 |    3.4635966531e-07    |    5.0679892684e+03    |    5.0680172215e+03    |
| 0.49000 |    3.4604335591e-07    |    5.0787654533e+03    |    5.0787937442e+03    |
| 0.49200 |    3.4572712994e-07    |    5.0893627114e+03    |    5.0893913410e+03    |
| 0.49400 |    3.4541100971e-07    |    5.0997798568e+03    |    5.0998088258e+03    |
| 0.49600 |    3.4509501763e-07    |    5.1100157204e+03    |    5.1100450298e+03    |
| 0.49800 |    3.4477917616e-07    |    5.1200691506e+03    |    5.1200988011e+03    |
| 0.50000 |    3.4446350782e-07    |    5.1319294618e+03    |    5.1299690061e+03    |
| 0.50200 |    3.4414779034e-07    |    5.1438001216e+03    |    5.1396545315e+03    |
| 0.50400 |    3.4383226856e-07    |    5.1536814576e+03    |    5.1491542835e+03    |
| 0.50600 |    3.4351696512e-07    |    5.1633788494e+03    |    5.1584671858e+03    |
| 0.50800 |    3.4320190276e-07    |    5.1728912241e+03    |    5.1675921819e+03    |
| 0.51000 |    3.4288710421e-07    |    5.1822175289e+03    |    5.1765282363e+03    |
| 0.51200 |    3.4257259229e-07    |    5.1913567314e+03    |    5.1852743345e+03    |
| 0.51400 |    3.4225838985e-07    |    5.2003078204e+03    |    5.1938294840e+03    |
| 0.51600 |    3.4194451977e-07    |    5.2090698062e+03    |    5.2021927143e+03    |
| 0.51800 |    3.4163100496e-07    |    5.2176417216e+03    |    5.2103630781e+03    |
| 0.52000 |    3.4131786837e-07    |    5.2260226221e+03    |    5.2183396515e+03    |
| 0.52200 |    3.4100513296e-07    |    5.2342115863e+03    |    5.2261215344e+03    |
| 0.52400 |    3.4069282172e-07    |    5.2422077171e+03    |    5.2337078515e+03    |
| 0.52600 |    3.4038095765e-07    |    5.2500101415e+03    |    5.2410977526e+03    |
| 0.52800 |    3.4006956376e-07    |    5.2576180119e+03    |    5.2482904131e+03    |
| 0.53000 |    3.3975866306e-07    |    5.2650305062e+03    |    5.2552850347e+03    |
| 0.53200 |    3.3944827856e-07    |    5.2722468282e+03    |    5.2620808459e+03    |
| 0.53400 |    3.3913843328e-07    |    5.2792662087e+03    |    5.2686771027e+03    |
| 0.53600 |    3.3882915019e-07    |    5.2860879058e+03    |    5.2750730887e+03    |
| 0.53800 |    3.3852045229e-07    |    5.2927112052e+03    |    5.2812681163e+03    |
| 0.54000 |    3.3821236254e-07    |    5.2991354214e+03    |    5.2872615266e+03    |
| 0.54200 |    3.3790490386e-07    |    5.3053598974e+03    |    5.2930526906e+03    |
| 0.54400 |    3.3759809917e-07    |    5.3113840060e+03    |    5.2986410091e+03    |
| 0.54600 |    3.3729197132e-07    |    5.3172071499e+03    |    5.3040259138e+03    |
| 0.54800 |    3.3698654314e-07    |    5.3228287626e+03    |    5.3092068673e+03    |
| 0.55000 |    3.3668183741e-07    |    5.3282483086e+03    |    5.3141833641e+03    |
| 0.55200 |    3.3637787685e-07    |    5.3334652839e+03    |    5.3189549309e+03    |
| 0.55400 |    3.3607468414e-07    |    5.3384792171e+03    |    5.3235211272e+03    |
| 0.55600 |    3.3577228187e-07    |    5.3432896692e+03    |    5.3278815457e+03    |
| 0.55800 |    3.3547069259e-07    |    5.3478962347e+03    |    5.3320358128e+03    |
| 0.56000 |    3.3516993875e-07    |    5.3522985416e+03    |    5.3359835894e+03    |
| 0.56200 |    3.3487004274e-07    |    5.3564962526e+03    |    5.3397245711e+03    |
| 0.56400 |    3.3457102685e-07    |    5.3604890649e+03    |    5.3432584887e+03    |
| 0.56600 |    3.3427291330e-07    |    5.3642767110e+03    |    5.3465851089e+03    |
| 0.56800 |    3.3397572420e-07    |    5.3678589594e+03    |    5.3497042346e+03    |
| 0.57000 |    3.3367948155e-07    |    5.3712356147e+03    |    5.3526157053e+03    |
| 0.57200 |    3.3338420725e-07    |    5.3744065183e+03    |    5.3553193978e+03    |
| 0.57400 |    3.3308992311e-07    |    5.3773715488e+03    |    5.3578152265e+03    |
| 0.57600 |    3.3279665078e-07    |    5.3801306227e+03    |    5.3601031440e+03    |
| 0.57800 |    3.3250441181e-07    |    5.3826836944e+03    |    5.3621831410e+03    |
| 0.58000 |    3.3221322763e-07    |    5.3850307571e+03    |    5.3640552477e+03    |
| 0.58200 |    3.3192311952e-07    |    5.3871718428e+03    |    5.3657195331e+03    |
| 0.58400 |    3.3163410861e-07    |    5.3891070230e+03    |    5.3671761064e+03    |
| 0.58600 |    3.3134621590e-07    |    5.3908364094e+03    |    5.3684251165e+03    |
| 0.58800 |    3.3105946224e-07    |    5.3923601535e+03    |    5.3694667532e+03    |
| 0.59000 |    3.3077386831e-07    |    5.3936784477e+03    |    5.3703012470e+03    |
| 0.59200 |    3.3048945463e-07    |    5.3947915255e+03    |    5.3709288696e+03    |
| 0.59400 |    3.3020624155e-07    |    5.3956996617e+03    |    5.3713499343e+03    |
| 0.59600 |    3.2992424925e-07    |    5.3964031728e+03    |    5.3715647965e+03    |
| 0.59800 |    3.2964349774e-07    |    5.3969024177e+03    |    5.3715738535e+03    |
| 0.60000 |    3.2936400682e-07    |    5.3971977973e+03    |    5.3713775453e+03    |
| 0.60200 |    3.2908579612e-07    |    5.3972897555e+03    |    5.3709763547e+03    |
| 0.60400 |    3.2880888506e-07    |    5.3971787794e+03    |    5.3703708075e+03    |
| 0.60600 |    3.2853329287e-07    |    5.3968653991e+03    |    5.3695614730e+03    |
| 0.60800 |    3.2825903857e-07    |    5.3963501885e+03    |    5.3685489637e+03    |
| 0.61000 |    3.2798614096e-07    |    5.3956337653e+03    |    5.3673339363e+03    |
| 0.61200 |    3.2771461864e-07    |    5.3947167914e+03    |    5.3659170911e+03    |
| 0.61400 |    3.2744448996e-07    |    5.3935999727e+03    |    5.3642991729e+03    |
| 0.61600 |    3.2717577306e-07    |    5.3922840600e+03    |    5.3624809707e+03    |
| 0.61800 |    3.2690848585e-07    |    5.3907698486e+03    |    5.3604633178e+03    |
| 0.62000 |    3.2664264600e-07    |    5.3890581787e+03    |    5.3582470924e+03    |
| 0.62200 |    3.2637827092e-07    |    5.3871499354e+03    |    5.3558332173e+03    |
| 0.62400 |    3.2611537780e-07    |    5.3850460491e+03    |    5.3532226599e+03    |
| 0.62600 |    3.2585398356e-07    |    5.3827474953e+03    |    5.3504164329e+03    |
| 0.62800 |    3.2559410487e-07    |    5.3802552951e+03    |    5.3474155935e+03    |
| 0.63000 |    3.2533575812e-07    |    5.3775705147e+03    |    5.3442212441e+03    |
| 0.63200 |    3.2507895945e-07    |    5.3746942659e+03    |    5.3408345321e+03    |
| 0.63400 |    3.2482372474e-07    |    5.3716277060e+03    |    5.3372566495e+03    |
| 0.63600 |    3.2457006957e-07    |    5.3683720378e+03    |    5.3334888335e+03    |
| 0.63800 |    3.2431800924e-07    |    5.3649285094e+03    |    5.3295323661e+03    |
| 0.64000 |    3.2406755879e-07    |    5.3612984146e+03    |    5.3253885738e+03    |
| 0.64200 |    3.2381873295e-07    |    5.3574830924e+03    |    5.3210588281e+03    |
| 0.64400 |    3.2357154616e-07    |    5.3534839270e+03    |    5.3165445447e+03    |
| 0.64600 |    3.2332601258e-07    |    5.3493023480e+03    |    5.3118471837e+03    |
| 0.64800 |    3.2308214604e-07    |    5.3449398298e+03    |    5.3069682494e+03    |
| 0.65000 |    3.2283996009e-07    |    5.3403978919e+03    |    5.3019092901e+03    |
| 0.65200 |    3.2259946797e-07    |    5.3356780984e+03    |    5.2966718975e+03    |
| 0.65400 |    3.2236068259e-07    |    5.3307820577e+03    |    5.2912577071e+03    |
| 0.65600 |    3.2212361657e-07    |    5.3257114228e+03    |    5.2856683974e+03    |
| 0.65800 |    3.2188828219e-07    |    5.3204678904e+03    |    5.2799056896e+03    |
| 0.66000 |    3.2165469142e-07    |    5.3150532011e+03    |    5.2739713475e+03    |
| 0.66200 |    3.2142285590e-07    |    5.3094691388e+03    |    5.2678671771e+03    |
| 0.66400 |    3.2119278696e-07    |    5.3037175303e+03    |    5.2615950260e+03    |
| 0.66600 |    3.2096449556e-07    |    5.2978002455e+03    |    5.2551567830e+03    |
| 0.66800 |    3.2073799237e-07    |    5.2917191962e+03    |    5.2485543780e+03    |
| 0.67000 |    3.2051328770e-07    |    5.2854763362e+03    |    5.2417897809e+03    |
| 0.67200 |    3.2029039152e-07    |    5.2790736607e+03    |    5.2348650018e+03    |
| 0.67400 |    3.2006931348e-07    |    5.2725132060e+03    |    5.2277820897e+03    |
| 0.67600 |    3.1985006286e-07    |    5.2657970485e+03    |    5.2205431328e+03    |
| 0.67800 |    3.1963264862e-07    |    5.2589273049e+03    |    5.2131502569e+03    |
| 0.68000 |    3.1941707936e-07    |    5.2519061310e+03    |    5.2056056257e+03    |
| 0.68200 |    3.1920336333e-07    |    5.2447357214e+03    |    5.1979114395e+03    |
| 0.68400 |    3.1899150843e-07    |    5.2374183088e+03    |    5.1900699348e+03    |
| 0.68600 |    3.1878152222e-07    |    5.2299561634e+03    |    5.1820833837e+03    |
| 0.68800 |    3.1857341189e-07    |    5.2223515923e+03    |    5.1739540927e+03    |
| 0.69000 |    3.1836718430e-07    |    5.2146069385e+03    |    5.1656844023e+03    |
| 0.69200 |    3.1816284591e-07    |    5.2067245807e+03    |    5.1572766863e+03    |
| 0.69400 |    3.1796040288e-07    |    5.1987069319e+03    |    5.1487333505e+03    |
| 0.69600 |    3.1775986098e-07    |    5.1905564389e+03    |    5.1400568322e+03    |
| 0.69800 |    3.1756122561e-07    |    5.1822755819e+03    |    5.1312495991e+03    |
| 0.70000 |    3.1736450185e-07    |    5.1738668727e+03    |    5.1223141488e+03    |
| 0.70200 |    3.1716969440e-07    |    5.1653328548e+03    |    5.1132530071e+03    |
| 0.70400 |    3.1697680759e-07    |    5.1566761019e+03    |    5.1040687277e+03    |
| 0.70600 |    3.1678584541e-07    |    5.1478992170e+03    |    5.0947638909e+03    |
| 0.70800 |    3.1659681149e-07    |    5.1390048320e+03    |    5.0853411025e+03    |
| 0.71000 |    3.1640970909e-07    |    5.1299956058e+03    |    5.0758029930e+03    |
| 0.71200 |    3.1622454113e-07    |    5.1208742241e+03    |    5.0661522162e+03    |
| 0.71400 |    3.1604131015e-07    |    5.1116433979e+03    |    5.0563914481e+03    |
| 0.71600 |    3.1586001835e-07    |    5.1023058627e+03    |    5.0465233862e+03    |
| 0.71800 |    3.1568066757e-07    |    5.0928643773e+03    |    5.0365507477e+03    |
| 0.72000 |    3.1550325930e-07    |    5.0833217224e+03    |    5.0264762687e+03    |
| 0.72200 |    3.1532779467e-07    |    5.0736807001e+03    |    5.0163027028e+03    |
| 0.72400 |    3.1515427445e-07    |    5.0639441322e+03    |    5.0060328200e+03    |
| 0.72600 |    3.1498269909e-07    |    5.0541148592e+03    |    4.9956694053e+03    |
| 0.72800 |    3.1481306864e-07    |    5.0441957390e+03    |    4.9852152574e+03    |
| 0.73000 |    3.1464538286e-07    |    5.0341896460e+03    |    4.9746731875e+03    |
| 0.73200 |    3.1447964111e-07    |    5.0240994692e+03    |    4.9640460178e+03    |
| 0.73400 |    3.1431584246e-07    |    5.0139281119e+03    |    4.9533365803e+03    |
| 0.73600 |    3.1415398558e-07    |    5.0036784892e+03    |    4.9425477152e+03    |
| 0.73800 |    3.1399406886e-07    |    4.9933535278e+03    |    4.9316822698e+03    |
| 0.74000 |    3.1383609031e-07    |    4.9829561641e+03    |    4.9207430968e+03    |
| 0.74200 |    3.1368004761e-07    |    4.9724893429e+03    |    4.9097330529e+03    |
| 0.74400 |    3.1352593814e-07    |    4.9619560161e+03    |    4.8986549976e+03    |
| 0.74600 |    3.1337375891e-07    |    4.9513591415e+03    |    4.8875117915e+03    |
| 0.74800 |    3.1322350663e-07    |    4.9407016810e+03    |    4.8763062946e+03    |
| 0.75000 |    3.1307517768e-07    |    4.9299865998e+03    |    4.8650413653e+03    |
| 0.75200 |    3.1292876811e-07    |    4.9192168644e+03    |    4.8537198588e+03    |
| 0.75400 |    3.1278427366e-07    |    4.9083954416e+03    |    4.8423446250e+03    |
| 0.75600 |    3.1264168977e-07    |    4.8975252968e+03    |    4.8309185078e+03    |
| 0.75800 |    3.1250101155e-07    |    4.8866093928e+03    |    4.8194443430e+03    |
| 0.76000 |    3.1236223380e-07    |    4.8756506884e+03    |    4.8079249568e+03    |
| 0.76200 |    3.1222535104e-07    |    4.8646521367e+03    |    4.7963631647e+03    |
| 0.76400 |    3.1209035746e-07    |    4.8536166838e+03    |    4.7847617693e+03    |
| 0.76600 |    3.1195724698e-07    |    4.8425472674e+03    |    4.7731235592e+03    |
| 0.76800 |    3.1182601321e-07    |    4.8314468154e+03    |    4.7614513074e+03    |
| 0.77000 |    3.1169664948e-07    |    4.8203182445e+03    |    4.7497477695e+03    |
| 0.77200 |    3.1156914884e-07    |    4.8091644586e+03    |    4.7380156825e+03    |
| 0.77400 |    3.1144350405e-07    |    4.7979883475e+03    |    4.7262577630e+03    |
| 0.77600 |    3.1131970759e-07    |    4.7867927856e+03    |    4.7144767056e+03    |
| 0.77800 |    3.1119775167e-07    |    4.7755806302e+03    |    4.7026751816e+03    |
| 0.78000 |    3.1107762826e-07    |    4.7643547207e+03    |    4.6908558376e+03    |
| 0.78200 |    3.1095932901e-07    |    4.7531178764e+03    |    4.6790212935e+03    |
| 0.78400 |    3.1084284537e-07    |    4.7418728962e+03    |    4.6671741414e+03    |
| 0.78600 |    3.1072816848e-07    |    4.7306225563e+03    |    4.6553169441e+03    |
| 0.78800 |    3.1061528928e-07    |    4.7193696094e+03    |    4.6434522333e+03    |
| 0.79000 |    3.1050419843e-07    |    4.7081167836e+03    |    4.6315825087e+03    |
| 0.79200 |    3.1039488635e-07    |    4.6968667807e+03    |    4.6197102362e+03    |
| 0.79400 |    3.1028734324e-07    |    4.6856222753e+03    |    4.6078378467e+03    |
| 0.79600 |    3.1018155906e-07    |    4.6743859135e+03    |    4.5959677344e+03    |
| 0.79800 |    3.1007752352e-07    |    4.6631603118e+03    |    4.5841022559e+03    |
| 0.80000 |    3.0997522613e-07    |    4.6519480560e+03    |    4.5722437288e+03    |
| 0.80200 |    3.0987465618e-07    |    4.6407517004e+03    |    4.5603944301e+03    |
| 0.80400 |    3.0977580274e-07    |    4.6295737660e+03    |    4.5485565954e+03    |
| 0.80600 |    3.0967865466e-07    |    4.6184167406e+03    |    4.5367324172e+03    |
| 0.80800 |    3.0958320059e-07    |    4.6072830769e+03    |    4.5249240444e+03    |
| 0.81000 |    3.0948942898e-07    |    4.5961751924e+03    |    4.5131335805e+03    |
| 0.81200 |    3.0939732809e-07    |    4.5850954681e+03    |    4.5013630829e+03    |
| 0.81400 |    3.0930688597e-07    |    4.5740462480e+03    |    4.4896145618e+03    |
| 0.81600 |    3.0921809050e-07    |    4.5630298381e+03    |    4.4778899791e+03    |
| 0.81800 |    3.0913092936e-07    |    4.5520485063e+03    |    4.4661912477e+03    |
| 0.82000 |    3.0904539005e-07    |    4.5411044813e+03    |    4.4545202303e+03    |
| 0.82200 |    3.0896145993e-07    |    4.5301999525e+03    |    4.4428787389e+03    |
| 0.82400 |    3.0887912613e-07    |    4.5193370692e+03    |    4.4312685336e+03    |
| 0.82600 |    3.0879837566e-07    |    4.5085179408e+03    |    4.4196913221e+03    |
| 0.82800 |    3.0871919535e-07    |    4.4977446360e+03    |    4.4081487594e+03    |
| 0.83000 |    3.0864157188e-07    |    4.4870191829e+03    |    4.3966424463e+03    |
| 0.83200 |    3.0856549176e-07    |    4.4763435689e+03    |    4.3851739298e+03    |
| 0.83400 |    3.0849094136e-07    |    4.4657197407e+03    |    4.3737447020e+03    |
| 0.83600 |    3.0841790692e-07    |    4.4551496043e+03    |    4.3623561998e+03    |
| 0.83800 |    3.0834637450e-07    |    4.4446350254e+03    |    4.3510098047e+03    |
| 0.84000 |    3.0827633006e-07    |    4.4341778294e+03    |    4.3397068424e+03    |
| 0.84200 |    3.0820775942e-07    |    4.4237798019e+03    |    4.3284485826e+03    |
| 0.84400 |    3.0814064824e-07    |    4.4134426895e+03    |    4.3172362388e+03    |
| 0.84600 |    3.0807498208e-07    |    4.4031681999e+03    |    4.3060709681e+03    |
| 0.84800 |    3.0801074639e-07    |    4.3929580032e+03    |    4.2949538716e+03    |
| 0.85000 |    3.0794792646e-07    |    4.3828137321e+03    |    4.2838859941e+03    |
| 0.85200 |    3.0788650750e-07    |    4.3727369835e+03    |    4.2728683240e+03    |
| 0.85400 |    3.0782647461e-07    |    4.3627293193e+03    |    4.2619017943e+03    |
| 0.85600 |    3.0776781275e-07    |    4.3527922675e+03    |    4.2509872820e+03    |
| 0.85800 |    3.0771050681e-07    |    4.3429273237e+03    |    4.2401256089e+03    |
| 0.86000 |    3.0765454155e-07    |    4.3331359529e+03    |    4.2293175418e+03    |
| 0.86200 |    3.0759990166e-07    |    4.3234195906e+03    |    4.2185637934e+03    |
| 0.86400 |    3.0754657172e-07    |    4.3137796450e+03    |    4.2078650221e+03    |
| 0.86600 |    3.0749453623e-07    |    4.3042174988e+03    |    4.1972218333e+03    |
| 0.86800 |    3.0744377958e-07    |    4.2947345112e+03    |    4.1866347799e+03    |
| 0.87000 |    3.0739428611e-07    |    4.2853320206e+03    |    4.1761043626e+03    |
| 0.87200 |    3.0734604004e-07    |    4.2760113465e+03    |    4.1656310315e+03    |
| 0.87400 |    3.0729902555e-07    |    4.2667737925e+03    |    4.1552151864e+03    |
| 0.87600 |    3.0725322671e-07    |    4.2576206491e+03    |    4.1448571777e+03    |
| 0.87800 |    3.0720862755e-07    |    4.2485531965e+03    |    4.1345573078e+03    |
| 0.88000 |    3.0716521202e-07    |    4.2395727080e+03    |    4.1243158320e+03    |
| 0.88200 |    3.0712296399e-07    |    4.2306804533e+03    |    4.1141329592e+03    |
| 0.88400 |    3.0708186729e-07    |    4.2218777023e+03    |    4.1040088539e+03    |
| 0.88600 |    3.0704190568e-07    |    4.2131657288e+03    |    4.0939436363e+03    |
| 0.88800 |    3.0700306286e-07    |    4.2045458147e+03    |    4.0839373847e+03    |
| 0.89000 |    3.0696532247e-07    |    4.1960192545e+03    |    4.0739901360e+03    |
| 0.89200 |    3.0692866813e-07    |    4.1875873598e+03    |    4.0641018871e+03    |
| 0.89400 |    3.0689308339e-07    |    4.1792514641e+03    |    4.0542725966e+03    |
| 0.89600 |    3.0685855174e-07    |    4.1710129285e+03    |    4.0445021862e+03    |
| 0.89800 |    3.0682505666e-07    |    4.1628731469e+03    |    4.0347905416e+03    |
| 0.90000 |    3.0679258158e-07    |    4.1548335520e+03    |    4.0251375144e+03    |
| 0.90200 |    3.0676110989e-07    |    4.1468956216e+03    |    4.0155429235e+03    |
| 0.90400 |    3.0673062495e-07    |    4.1390608856e+03    |    4.0060065565e+03    |
| 0.90600 |    3.0670111010e-07    |    4.1313309325e+03    |    3.9965281712e+03    |
| 0.90800 |    3.0667254862e-07    |    4.1237074177e+03    |    3.9871074970e+03    |
| 0.91000 |    3.0664492382e-07    |    4.1161920713e+03    |    3.9777442365e+03    |
| 0.91200 |    3.0661821895e-07    |    4.1087867067e+03    |    3.9684380670e+03    |
| 0.91400 |    3.0659241725e-07    |    4.1014932300e+03    |    3.9591886420e+03    |
| 0.91600 |    3.0656750197e-07    |    4.0943136500e+03    |    3.9499955924e+03    |
| 0.91800 |    3.0654345631e-07    |    4.0872500888e+03    |    3.9408585283e+03    |
| 0.92000 |    3.0652026351e-07    |    4.0803047931e+03    |    3.9317770403e+03    |
| 0.92200 |    3.0649790677e-07    |    4.0734801469e+03    |    3.9227507006e+03    |
| 0.92400 |    3.0647636930e-07    |    4.0667786844e+03    |    3.9137790649e+03    |
| 0.92600 |    3.0645563432e-07    |    4.0602031049e+03    |    3.9048616734e+03    |
| 0.92800 |    3.0643568507e-07    |    4.0537562878e+03    |    3.8959980521e+03    |
| 0.93000 |    3.0641650478e-07    |    4.0474413098e+03    |    3.8871877142e+03    |
| 0.93200 |    3.0639807670e-07    |    4.0412614632e+03    |    3.8784301612e+03    |
| 0.93400 |    3.0638038410e-07    |    4.0352202757e+03    |    3.8697248842e+03    |
| 0.93600 |    3.0636341029e-07    |    4.0293215328e+03    |    3.8610713648e+03    |
| 0.93800 |    3.0634713859e-07    |    4.0235693010e+03    |    3.8524690765e+03    |
| 0.94000 |    3.0633155235e-07    |    4.0179679542e+03    |    3.8439174854e+03    |
| 0.94200 |    3.0631663498e-07    |    4.0125222026e+03    |    3.8354160514e+03    |
| 0.94400 |    3.0630236991e-07    |    4.0072371245e+03    |    3.8269642291e+03    |
| 0.94600 |    3.0628874062e-07    |    4.0021182009e+03    |    3.8185614684e+03    |
| 0.94800 |    3.0627573064e-07    |    3.9971713543e+03    |    3.8102072157e+03    |
| 0.95000 |    3.0626332356e-07    |    3.9924029921e+03    |    3.8019009144e+03    |
| 0.95200 |    3.0625150304e-07    |    3.9878200539e+03    |    3.7936420059e+03    |
| 0.95400 |    3.0624025278e-07    |    3.9834300647e+03    |    3.7854299298e+03    |
| 0.95600 |    3.0622955658e-07    |    3.9792411948e+03    |    3.7772641249e+03    |
| 0.95800 |    3.0621939830e-07    |    3.9752623261e+03    |    3.7691440297e+03    |
| 0.96000 |    3.0620976188e-07    |    3.9715031272e+03    |    3.7610690828e+03    |
| 0.96200 |    3.0620063137e-07    |    3.9679741374e+03    |    3.7530387236e+03    |
| 0.96400 |    3.0619199089e-07    |    3.9646868622e+03    |    3.7450523923e+03    |
| 0.96600 |    3.0618382466e-07    |    3.9616538806e+03    |    3.7371095309e+03    |
| 0.96800 |    3.0617611703e-07    |    3.9588889682e+03    |    3.7292095834e+03    |
| 0.97000 |    3.0616885244e-07    |    3.9564072358e+03    |    3.7213519957e+03    |
| 0.97200 |    3.0616201547e-07    |    3.9542252891e+03    |    3.7135362165e+03    |
| 0.97400 |    3.0615559080e-07    |    3.9523614107e+03    |    3.7057616975e+03    |
| 0.97600 |    3.0614956326e-07    |    3.9508357702e+03    |    3.6980278935e+03    |
| 0.97800 |    3.0614391783e-07    |    3.9496706658e+03    |    3.6903342625e+03    |
| 0.98000 |    3.0613863961e-07    |    3.9488908043e+03    |    3.6826802667e+03    |
| 0.98200 |    3.0613371387e-07    |    3.9485236263e+03    |    3.6750653719e+03    |
| 0.98400 |    3.0612912606e-07    |    3.9485996863e+03    |    3.6674890483e+03    |
| 0.98600 |    3.0612486176e-07    |    3.9491530962e+03    |    3.6599507705e+03    |
| 0.98800 |    3.0612090676e-07    |    3.9502220494e+03    |    3.6524500179e+03    |
| 0.99000 |    3.0611724703e-07    |    3.9518494375e+03    |    3.6449862746e+03    |
| 0.99200 |    3.0611386873e-07    |    3.9540835847e+03    |    3.6375590302e+03    |
| 0.99400 |    3.0611075823e-07    |    3.9569791228e+03    |    3.6301677796e+03    |
| 0.99600 |    3.0610790209e-07    |    3.9605980418e+03    |    3.6228120233e+03    |
| 0.99800 |    3.0610528712e-07    |    3.9650109579e+03    |    3.6154912679e+03    |
| 1.00000 |    3.0610290034e-07    |    3.9592073168e+03    |    3.6082050260e+03    |
--------------------------------------------------------------------------------------