Число узлов n = 901
--------------------------------------------------------------------------------------
|    x    |          u(z)          |          f(z)          |     f(z) integral      |
--------------------------------------------------------------------------------------
| 0.00000 |    3.9222482469e-07    |    0.0000000000e+00    |    0.0000000000e+00    |
| 0.00111 |    3.9222451943e-07    |    1.3753060602e+01    |    1.2971352646e+01    |
| 0.00222 |    3.9222372829e-07    |    2.6255392255e+01    |    2.5942710021e+01    |
| 0.00333 |    3.9222242634e-07    |    3.9115085751e+01    |    3.8914076747e+01    |
| 0.00444 |    3.9222061002e-07    |    5.2034351927e+01    |    5.1885457409e+01    |
| 0.00556 |    3.9221827814e-07    |    6.4975294350e+01    |    6.4856856593e+01    |
| 0.00667 |    3.9221543016e-07    |    7.7926672230e+01    |    7.7828278872e+01    |
| 0.00778 |    3.9221206579e-07    |    9.0883908673e+01    |    9.0799728792e+01    |
| 0.00889 |    3.9220818485e-07    |    1.0384477872e+02    |    1.0377121087e+02    |
| 0.01000 |    3.9220378723e-07    |    1.1680806832e+02    |    1.1674272958e+02    |
| 0.01111 |    3.9219887285e-07    |    1.2977305851e+02    |    1.2971428937e+02    |
| 0.01222 |    3.9219344166e-07    |    1.4273929670e+02    |    1.4268589460e+02    |
| 0.01333 |    3.9218749361e-07    |    1.5570648419e+02    |    1.5565754963e+02    |
| 0.01444 |    3.9218102866e-07    |    1.6867441626e+02    |    1.6862925871e+02    |
| 0.01556 |    3.9217404680e-07    |    1.8164294829e+02    |    1.8160102605e+02    |
| 0.01667 |    3.9216654800e-07    |    1.9461197554e+02    |    1.9457285578e+02    |
| 0.01778 |    3.9215853224e-07    |    2.0758142055e+02    |    2.0754475197e+02    |
| 0.01889 |    3.9214999951e-07    |    2.2055122506e+02    |    2.2051671857e+02    |
| 0.02000 |    3.9214094980e-07    |    2.3352134462e+02    |    2.3348875948e+02    |
| 0.02111 |    3.9213138308e-07    |    2.4649174487e+02    |    2.4646087849e+02    |
| 0.02222 |    3.9212129936e-07    |    2.5946239904e+02    |    2.5943307930e+02    |
| 0.02333 |    3.9211069863e-07    |    2.7243328607e+02    |    2.7240536547e+02    |
| 0.02444 |    3.9209958086e-07    |    2.8540438927e+02    |    2.8537774051e+02    |
| 0.02556 |    3.9208794607e-07    |    2.9837569536e+02    |    2.9835020776e+02    |
| 0.02667 |    3.9207579423e-07    |    3.1134719373e+02    |    3.1132277047e+02    |
| 0.02778 |    3.9206312535e-07    |    3.2431887583e+02    |    3.2429543175e+02    |
| 0.02889 |    3.9204993941e-07    |    3.3729073481e+02    |    3.3726819458e+02    |
| 0.03000 |    3.9203623641e-07    |    3.5026276512e+02    |    3.5024106181e+02    |
| 0.03111 |    3.9202201634e-07    |    3.6323496229e+02    |    3.6321403614e+02    |
| 0.03222 |    3.9200727921e-07    |    3.7620732267e+02    |    3.7618712011e+02    |
| 0.03333 |    3.9199202499e-07    |    3.8917984330e+02    |    3.8916031613e+02    |
| 0.03444 |    3.9197625369e-07    |    4.0215252174e+02    |    4.0213362643e+02    |
| 0.03556 |    3.9195996530e-07    |    4.1512535596e+02    |    4.1510705309e+02    |
| 0.03667 |    3.9194315982e-07    |    4.2809834429e+02    |    4.2808059800e+02    |
| 0.03778 |    3.9192583724e-07    |    4.4107148528e+02    |    4.4105426289e+02    |
| 0.03889 |    3.9190799756e-07    |    4.5404477765e+02    |    4.5402804931e+02    |
| 0.04000 |    3.9188964077e-07    |    4.6701822028e+02    |    4.6700195860e+02    |
| 0.04111 |    3.9187076687e-07    |    4.7999181211e+02    |    4.7997599193e+02    |
| 0.04222 |    3.9185137585e-07    |    4.9296555210e+02    |    4.9295015027e+02    |
| 0.04333 |    3.9183146771e-07    |    5.0593943924e+02    |    5.0592443438e+02    |
| 0.04444 |    3.9181104245e-07    |    5.1891347245e+02    |    5.1889884479e+02    |
| 0.04556 |    3.9179010006e-07    |    5.3188765064e+02    |    5.3187338186e+02    |
| 0.04667 |    3.9176864055e-07    |    5.4486197260e+02    |    5.4484804570e+02    |
| 0.04778 |    3.9174666389e-07    |    5.5783643702e+02    |    5.5782283619e+02    |
| 0.04889 |    3.9172417011e-07    |    5.7081104249e+02    |    5.7079775299e+02    |
| 0.05000 |    3.9170115918e-07    |    5.8378578745e+02    |    5.8377279552e+02    |
| 0.05111 |    3.9167763112e-07    |    5.9676067016e+02    |    5.9674796296e+02    |
| 0.05222 |    3.9165358591e-07    |    6.0973568873e+02    |    6.0972325424e+02    |
| 0.05333 |    3.9162902356e-07    |    6.2271084109e+02    |    6.2269866804e+02    |
| 0.05444 |    3.9160394406e-07    |    6.3568612496e+02    |    6.3567420277e+02    |
| 0.05556 |    3.9157834742e-07    |    6.4866153785e+02    |    6.4864985659e+02    |
| 0.05667 |    3.9155223363e-07    |    6.6163707705e+02    |    6.6162562737e+02    |
| 0.05778 |    3.9152560269e-07    |    6.7461273964e+02    |    6.7460151272e+02    |
| 0.05889 |    3.9149845461e-07    |    6.8758852243e+02    |    6.8757750998e+02    |
| 0.06000 |    3.9147078938e-07    |    7.0056442200e+02    |    7.0055361616e+02    |
| 0.06111 |    3.9144260701e-07    |    7.1354043466e+02    |    7.1352982804e+02    |
| 0.06222 |    3.9141390749e-07    |    7.2651655647e+02    |    7.2650614204e+02    |
| 0.06333 |    3.9138469084e-07    |    7.3949278318e+02    |    7.3948255432e+02    |
| 0.06444 |    3.9135495704e-07    |    7.5246911030e+02    |    7.5245906071e+02    |
| 0.06556 |    3.9132470611e-07    |    7.6544553302e+02    |    7.6543565674e+02    |
| 0.06667 |    3.9129393805e-07    |    7.7842204625e+02    |    7.7841233760e+02    |
| 0.06778 |    3.9126265287e-07    |    7.9139864457e+02    |    7.9138909818e+02    |
| 0.06889 |    3.9123085056e-07    |    8.0437532228e+02    |    8.0436593302e+02    |
| 0.07000 |    3.9119853114e-07    |    8.1735207333e+02    |    8.1734283633e+02    |
| 0.07111 |    3.9116569461e-07    |    8.3032889137e+02    |    8.3031980198e+02    |
| 0.07222 |    3.9113234098e-07    |    8.4330576968e+02    |    8.4329682348e+02    |
| 0.07333 |    3.9109847025e-07    |    8.5628270124e+02    |    8.5627389402e+02    |
| 0.07444 |    3.9106408244e-07    |    8.6925967867e+02    |    8.6925100639e+02    |
| 0.07556 |    3.9102917755e-07    |    8.8223669423e+02    |    8.8222815304e+02    |
| 0.07667 |    3.9099375560e-07    |    8.9521373983e+02    |    8.9520532605e+02    |
| 0.07778 |    3.9095781659e-07    |    9.0819080700e+02    |    9.0818251713e+02    |
| 0.07889 |    3.9092136054e-07    |    9.2116788692e+02    |    9.2115971758e+02    |
| 0.08000 |    3.9088438747e-07    |    9.3414497037e+02    |    9.3413691835e+02    |
| 0.08111 |    3.9084689737e-07    |    9.4712204777e+02    |    9.4711410998e+02    |
| 0.08222 |    3.9080889028e-07    |    9.6009910914e+02    |    9.6009128261e+02    |
| 0.08333 |    3.9077036620e-07    |    9.7307614409e+02    |    9.7306842600e+02    |
| 0.08444 |    3.9073132515e-07    |    9.8605314184e+02    |    9.8604552947e+02    |
| 0.08556 |    3.9069176715e-07    |    9.9903009122e+02    |    9.9902258196e+02    |
| 0.08667 |    3.9065169222e-07    |    1.0120069806e+03    |    1.0119995720e+03    |
| 0.08778 |    3.9061110038e-07    |    1.0249837980e+03    |    1.0249764876e+03    |
| 0.08889 |    3.9056999165e-07    |    1.0379605310e+03    |    1.0379533164e+03    |
| 0.09000 |    3.9052836606e-07    |    1.0509371667e+03    |    1.0509300457e+03    |
| 0.09111 |    3.9048622362e-07    |    1.0639136917e+03    |    1.0639066622e+03    |
| 0.09222 |    3.9044356436e-07    |    1.0768900924e+03    |    1.0768831523e+03    |
| 0.09333 |    3.9040038832e-07    |    1.0898663545e+03    |    1.0898595019e+03    |
| 0.09444 |    3.9035669551e-07    |    1.1028424633e+03    |    1.1028356963e+03    |
| 0.09556 |    3.9031248596e-07    |    1.1158184038e+03    |    1.1158117205e+03    |
| 0.09667 |    3.9026775972e-07    |    1.1287941604e+03    |    1.1287875590e+03    |
| 0.09778 |    3.9022251680e-07    |    1.1417697171e+03    |    1.1417631958e+03    |
| 0.09889 |    3.9017675724e-07    |    1.1547450572e+03    |    1.1547386145e+03    |
| 0.10000 |    3.9013048108e-07    |    1.1677201638e+03    |    1.1677137981e+03    |
| 0.10111 |    3.9008368836e-07    |    1.1806950194e+03    |    1.1806887291e+03    |
| 0.10222 |    3.9003637911e-07    |    1.1936696061e+03    |    1.1936633897e+03    |
| 0.10333 |    3.8998855337e-07    |    1.2066439052e+03    |    1.2066377614e+03    |
| 0.10444 |    3.8994021119e-07    |    1.2196178979e+03    |    1.2196118252e+03    |
| 0.10556 |    3.8989135260e-07    |    1.2325915647e+03    |    1.2325855617e+03    |
| 0.10667 |    3.8984197766e-07    |    1.2455648854e+03    |    1.2455589510e+03    |
| 0.10778 |    3.8979208641e-07    |    1.2585378396e+03    |    1.2585319725e+03    |
| 0.10889 |    3.8974167889e-07    |    1.2715104063e+03    |    1.2715046052e+03    |
| 0.11000 |    3.8969075517e-07    |    1.2844825638e+03    |    1.2844768275e+03    |
| 0.11111 |    3.8963931529e-07    |    1.2974542899e+03    |    1.2974486174e+03    |
| 0.11222 |    3.8958735931e-07    |    1.3104255621e+03    |    1.3104199522e+03    |
| 0.11333 |    3.8953488729e-07    |    1.3233963571e+03    |    1.3233908088e+03    |
| 0.11444 |    3.8948189927e-07    |    1.3363666511e+03    |    1.3363611634e+03    |
| 0.11556 |    3.8942839534e-07    |    1.3493364198e+03    |    1.3493309916e+03    |
| 0.11667 |    3.8937437554e-07    |    1.3623056383e+03    |    1.3623002687e+03    |
| 0.11778 |    3.8931983995e-07    |    1.3752742810e+03    |    1.3752689691e+03    |
| 0.11889 |    3.8926478863e-07    |    1.3882423220e+03    |    1.3882370670e+03    |
| 0.12000 |    3.8920922165e-07    |    1.4012097347e+03    |    1.4012045355e+03    |
| 0.12111 |    3.8915313908e-07    |    1.4141764918e+03    |    1.4141713477e+03    |
| 0.12222 |    3.8909654101e-07    |    1.4271425655e+03    |    1.4271374756e+03    |
| 0.12333 |    3.8903942750e-07    |    1.4401079273e+03    |    1.4401028909e+03    |
| 0.12444 |    3.8898179864e-07    |    1.4530725484e+03    |    1.4530675647e+03    |
| 0.12556 |    3.8892365451e-07    |    1.4660363991e+03    |    1.4660314673e+03    |
| 0.12667 |    3.8886499519e-07    |    1.4789994492e+03    |    1.4789945686e+03    |
| 0.12778 |    3.8880582078e-07    |    1.4919616677e+03    |    1.4919568376e+03    |
| 0.12889 |    3.8874613136e-07    |    1.5049230233e+03    |    1.5049182431e+03    |
| 0.13000 |    3.8868592702e-07    |    1.5178834839e+03    |    1.5178787528e+03    |
| 0.13111 |    3.8862520787e-07    |    1.5308430166e+03    |    1.5308383341e+03    |
| 0.13222 |    3.8856397400e-07    |    1.5438015882e+03    |    1.5437969536e+03    |
| 0.13333 |    3.8850222551e-07    |    1.5567591646e+03    |    1.5567545773e+03    |
| 0.13444 |    3.8843996251e-07    |    1.5697157112e+03    |    1.5697111706e+03    |
| 0.13556 |    3.8837718510e-07    |    1.5826711925e+03    |    1.5826666981e+03    |
| 0.13667 |    3.8831389340e-07    |    1.5956255727e+03    |    1.5956211239e+03    |
| 0.13778 |    3.8825008752e-07    |    1.6085788151e+03    |    1.6085744114e+03    |
| 0.13889 |    3.8818576758e-07    |    1.6215308824e+03    |    1.6215265232e+03    |
| 0.14000 |    3.8812093370e-07    |    1.6344817364e+03    |    1.6344774213e+03    |
| 0.14111 |    3.8805558600e-07    |    1.6474313387e+03    |    1.6474270672e+03    |
| 0.14222 |    3.8798972460e-07    |    1.6603796497e+03    |    1.6603754213e+03    |
| 0.14333 |    3.8792334965e-07    |    1.6733266295e+03    |    1.6733224437e+03    |
| 0.14444 |    3.8785646127e-07    |    1.6862722373e+03    |    1.6862680937e+03    |
| 0.14556 |    3.8778905960e-07    |    1.6992164315e+03    |    1.6992123297e+03    |
| 0.14667 |    3.8772114478e-07    |    1.7121591701e+03    |    1.7121551096e+03    |
| 0.14778 |    3.8765271696e-07    |    1.7251004101e+03    |    1.7250963906e+03    |
| 0.14889 |    3.8758377628e-07    |    1.7380401079e+03    |    1.7380361290e+03    |
| 0.15000 |    3.8751432290e-07    |    1.7509782193e+03    |    1.7509742805e+03    |
| 0.15111 |    3.8744435697e-07    |    1.7639146991e+03    |    1.7639108001e+03    |
| 0.15222 |    3.8737387865e-07    |    1.7768495016e+03    |    1.7768456420e+03    |
| 0.15333 |    3.8730288811e-07    |    1.7897825802e+03    |    1.7897787597e+03    |
| 0.15444 |    3.8723138551e-07    |    1.8027138877e+03    |    1.8027101060e+03    |
| 0.15556 |    3.8715937103e-07    |    1.8156433760e+03    |    1.8156396327e+03    |
| 0.15667 |    3.8708684484e-07    |    1.8285709964e+03    |    1.8285672912e+03    |
| 0.15778 |    3.8701380712e-07    |    1.8414966993e+03    |    1.8414930319e+03    |
| 0.15889 |    3.8694025805e-07    |    1.8544204344e+03    |    1.8544168045e+03    |
| 0.16000 |    3.8686619783e-07    |    1.8673421507e+03    |    1.8673385580e+03    |
| 0.16111 |    3.8679162664e-07    |    1.8802617963e+03    |    1.8802582406e+03    |
| 0.16222 |    3.8671654469e-07    |    1.8931793186e+03    |    1.8931757996e+03    |
| 0.16333 |    3.8664095217e-07    |    1.9060946642e+03    |    1.9060911816e+03    |
| 0.16444 |    3.8656484929e-07    |    1.9190077789e+03    |    1.9190043324e+03    |
| 0.16556 |    3.8648823626e-07    |    1.9319186078e+03    |    1.9319151972e+03    |
| 0.16667 |    3.8641111330e-07    |    1.9448270949e+03    |    1.9448237200e+03    |
| 0.16778 |    3.8633348063e-07    |    1.9577331838e+03    |    1.9577298444e+03    |
| 0.16889 |    3.8625533847e-07    |    1.9706368171e+03    |    1.9706335129e+03    |
| 0.17000 |    3.8617668705e-07    |    1.9835379365e+03    |    1.9835346673e+03    |
| 0.17111 |    3.8609752661e-07    |    1.9964364831e+03    |    1.9964332486e+03    |
| 0.17222 |    3.8601785739e-07    |    2.0093323969e+03    |    2.0093291970e+03    |
| 0.17333 |    3.8593767962e-07    |    2.0222256173e+03    |    2.0222224518e+03    |
| 0.17444 |    3.8585699357e-07    |    2.0351160828e+03    |    2.0351129515e+03    |
| 0.17556 |    3.8577579948e-07    |    2.0480037310e+03    |    2.0480006338e+03    |
| 0.17667 |    3.8569409761e-07    |    2.0608884988e+03    |    2.0608854355e+03    |
| 0.17778 |    3.8561188824e-07    |    2.0737703221e+03    |    2.0737672925e+03    |
| 0.17889 |    3.8552917163e-07    |    2.0866491361e+03    |    2.0866461400e+03    |
| 0.18000 |    3.8544594806e-07    |    2.0995248750e+03    |    2.0995219123e+03    |
| 0.18111 |    3.8536221781e-07    |    2.1123974722e+03    |    2.1123945428e+03    |
| 0.18222 |    3.8527798117e-07    |    2.1252668603e+03    |    2.1252639640e+03    |
| 0.18333 |    3.8519323843e-07    |    2.1381329709e+03    |    2.1381301075e+03    |
| 0.18444 |    3.8510798989e-07    |    2.1509957349e+03    |    2.1509929043e+03    |
| 0.18556 |    3.8502223586e-07    |    2.1638550821e+03    |    2.1638522842e+03    |
| 0.18667 |    3.8493597664e-07    |    2.1767109416e+03    |    2.1767081763e+03    |
| 0.18778 |    3.8484921255e-07    |    2.1895632415e+03    |    2.1895605086e+03    |
| 0.18889 |    3.8476194391e-07    |    2.2024119091e+03    |    2.2024092086e+03    |
| 0.19000 |    3.8467417106e-07    |    2.2152568709e+03    |    2.2152542026e+03    |
| 0.19111 |    3.8458589432e-07    |    2.2280980521e+03    |    2.2280954160e+03    |
| 0.19222 |    3.8449711405e-07    |    2.2409353774e+03    |    2.2409327733e+03    |
| 0.19333 |    3.8440783058e-07    |    2.2537687705e+03    |    2.2537661984e+03    |
| 0.19444 |    3.8431804426e-07    |    2.2665981541e+03    |    2.2665956138e+03    |
| 0.19556 |    3.8422775547e-07    |    2.2794234500e+03    |    2.2794209415e+03    |
| 0.19667 |    3.8413696456e-07    |    2.2922445792e+03    |    2.2922421024e+03    |
| 0.19778 |    3.8404567191e-07    |    2.3050614615e+03    |    2.3050590163e+03    |
| 0.19889 |    3.8395387790e-07    |    2.3178740161e+03    |    2.3178716025e+03    |
| 0.20000 |    3.8386158291e-07    |    2.3306821611e+03    |    2.3306797790e+03    |
| 0.20111 |    3.8376878734e-07    |    2.3434858136e+03    |    2.3434834629e+03    |
| 0.20222 |    3.8367549159e-07    |    2.3562848899e+03    |    2.3562825706e+03    |
| 0.20333 |    3.8358169606e-07    |    2.3690793054e+03    |    2.3690770173e+03    |
| 0.20444 |    3.8348740117e-07    |    2.3818689742e+03    |    2.3818667174e+03    |
| 0.20556 |    3.8339260733e-07    |    2.3946538099e+03    |    2.3946515843e+03    |
| 0.20667 |    3.8329731499e-07    |    2.4074337248e+03    |    2.4074315304e+03    |
| 0.20778 |    3.8320152457e-07    |    2.4202086304e+03    |    2.4202064672e+03    |
| 0.20889 |    3.8310523652e-07    |    2.4329784374e+03    |    2.4329763053e+03    |
| 0.21000 |    3.8300845128e-07    |    2.4457430551e+03    |    2.4457409540e+03    |
| 0.21111 |    3.8291116932e-07    |    2.4585023921e+03    |    2.4585003221e+03    |
| 0.21222 |    3.8281339109e-07    |    2.4712563561e+03    |    2.4712543172e+03    |
| 0.21333 |    3.8271511708e-07    |    2.4840048537e+03    |    2.4840028458e+03    |
| 0.21444 |    3.8261634776e-07    |    2.4967477905e+03    |    2.4967458135e+03    |
| 0.21556 |    3.8251708362e-07    |    2.5094850711e+03    |    2.5094831251e+03    |
| 0.21667 |    3.8241732516e-07    |    2.5222165993e+03    |    2.5222146842e+03    |
| 0.21778 |    3.8231707288e-07    |    2.5349422776e+03    |    2.5349403935e+03    |
| 0.21889 |    3.8221632729e-07    |    2.5476620077e+03    |    2.5476601546e+03    |
| 0.22000 |    3.8211508892e-07    |    2.5603756904e+03    |    2.5603738682e+03    |
| 0.22111 |    3.8201335829e-07    |    2.5730832253e+03    |    2.5730814340e+03    |
| 0.22222 |    3.8191113594e-07    |    2.5857845109e+03    |    2.5857827506e+03    |
| 0.22333 |    3.8180842240e-07    |    2.5984794451e+03    |    2.5984777157e+03    |
| 0.22444 |    3.8170521825e-07    |    2.6111679244e+03    |    2.6111662259e+03    |
| 0.22556 |    3.8160152403e-07    |    2.6238498444e+03    |    2.6238481769e+03    |
| 0.22667 |    3.8149734033e-07    |    2.6365250997e+03    |    2.6365234632e+03    |
| 0.22778 |    3.8139266771e-07    |    2.6491935840e+03    |    2.6491919785e+03    |
| 0.22889 |    3.8128750676e-07    |    2.6618551897e+03    |    2.6618536152e+03    |
| 0.23000 |    3.8118185809e-07    |    2.6745098084e+03    |    2.6745082650e+03    |
| 0.23111 |    3.8107572229e-07    |    2.6871573306e+03    |    2.6871558183e+03    |
| 0.23222 |    3.8096909998e-07    |    2.6997976458e+03    |    2.6997961645e+03    |
| 0.23333 |    3.8086199179e-07    |    2.7124306424e+03    |    2.7124291922e+03    |
| 0.23444 |    3.8075439834e-07    |    2.7250562077e+03    |    2.7250547887e+03    |
| 0.23556 |    3.8064632028e-07    |    2.7376742281e+03    |    2.7376728403e+03    |
| 0.23667 |    3.8053775826e-07    |    2.7502845889e+03    |    2.7502832323e+03    |
| 0.23778 |    3.8042871294e-07    |    2.7628871744e+03    |    2.7628858491e+03    |
| 0.23889 |    3.8031918498e-07    |    2.7754818677e+03    |    2.7754805737e+03    |
| 0.24000 |    3.8020917507e-07    |    2.7880685511e+03    |    2.7880672884e+03    |
| 0.24111 |    3.8009868390e-07    |    2.8006471056e+03    |    2.8006458743e+03    |
| 0.24222 |    3.7998771216e-07    |    2.8132174112e+03    |    2.8132162114e+03    |
| 0.24333 |    3.7987626056e-07    |    2.8257793470e+03    |    2.8257781786e+03    |
| 0.24444 |    3.7976432982e-07    |    2.8383327908e+03    |    2.8383316540e+03    |
| 0.24556 |    3.7965192067e-07    |    2.8508776195e+03    |    2.8508765143e+03    |
| 0.24667 |    3.7953903384e-07    |    2.8634137090e+03    |    2.8634126355e+03    |
| 0.24778 |    3.7942567008e-07    |    2.8759409339e+03    |    2.8759398921e+03    |
| 0.24889 |    3.7931183016e-07    |    2.8884591679e+03    |    2.8884581578e+03    |
| 0.25000 |    3.7919751483e-07    |    2.9009682836e+03    |    2.9009673054e+03    |
| 0.25111 |    3.7908272488e-07    |    2.9134681525e+03    |    2.9134672061e+03    |
| 0.25222 |    3.7896746109e-07    |    2.9259586450e+03    |    2.9259577306e+03    |
| 0.25333 |    3.7885172426e-07    |    2.9384396306e+03    |    2.9384387482e+03    |
| 0.25444 |    3.7873551521e-07    |    2.9509109774e+03    |    2.9509101271e+03    |
| 0.25556 |    3.7861883475e-07    |    2.9633725527e+03    |    2.9633717346e+03    |
| 0.25667 |    3.7850168372e-07    |    2.9758242227e+03    |    2.9758234368e+03    |
| 0.25778 |    3.7838406296e-07    |    2.9882658523e+03    |    2.9882650988e+03    |
| 0.25889 |    3.7826597331e-07    |    3.0006973056e+03    |    3.0006965845e+03    |
| 0.26000 |    3.7814741564e-07    |    3.0131184454e+03    |    3.0131177567e+03    |
| 0.26111 |    3.7802839083e-07    |    3.0255291335e+03    |    3.0255284774e+03    |
| 0.26222 |    3.7790889977e-07    |    3.0379292307e+03    |    3.0379286072e+03    |
| 0.26333 |    3.7778894334e-07    |    3.0503185964e+03    |    3.0503180056e+03    |
| 0.26444 |    3.7766852246e-07    |    3.0626970894e+03    |    3.0626965314e+03    |
| 0.26556 |    3.7754763805e-07    |    3.0750645669e+03    |    3.0750640418e+03    |
| 0.26667 |    3.7742629103e-07    |    3.0874208854e+03    |    3.0874203933e+03    |
| 0.26778 |    3.7730448235e-07    |    3.0997659001e+03    |    3.0997654411e+03    |
| 0.26889 |    3.7718221297e-07    |    3.1120994653e+03    |    3.1120990393e+03    |
| 0.27000 |    3.7705948384e-07    |    3.1244214338e+03    |    3.1244210412e+03    |
| 0.27111 |    3.7693629595e-07    |    3.1367316579e+03    |    3.1367312985e+03    |
| 0.27222 |    3.7681265029e-07    |    3.1490299883e+03    |    3.1490296623e+03    |
| 0.27333 |    3.7668854785e-07    |    3.1613162748e+03    |    3.1613159824e+03    |
| 0.27444 |    3.7656398964e-07    |    3.1735903661e+03    |    3.1735901074e+03    |
| 0.27556 |    3.7643897671e-07    |    3.1858521100e+03    |    3.1858518849e+03    |
| 0.27667 |    3.7631351006e-07    |    3.1981013528e+03    |    3.1981011616e+03    |
| 0.27778 |    3.7618759077e-07    |    3.2103379400e+03    |    3.2103377827e+03    |
| 0.27889 |    3.7606121989e-07    |    3.2225617160e+03    |    3.2225615927e+03    |
| 0.28000 |    3.7593439849e-07    |    3.2347725239e+03    |    3.2347724348e+03    |
| 0.28111 |    3.7580712767e-07    |    3.2469702060e+03    |    3.2469701511e+03    |
| 0.28222 |    3.7567940851e-07    |    3.2591546033e+03    |    3.2591545827e+03    |
| 0.28333 |    3.7555124213e-07    |    3.2713255557e+03    |    3.2713255695e+03    |
| 0.28444 |    3.7542262965e-07    |    3.2834829021e+03    |    3.2834829505e+03    |
| 0.28556 |    3.7529357221e-07    |    3.2956264803e+03    |    3.2956265634e+03    |
| 0.28667 |    3.7516407096e-07    |    3.3077561271e+03    |    3.3077562449e+03    |
| 0.28778 |    3.7503412706e-07    |    3.3198716779e+03    |    3.3198718307e+03    |
| 0.28889 |    3.7490374169e-07    |    3.3319729674e+03    |    3.3319731551e+03    |
| 0.29000 |    3.7477291603e-07    |    3.3440598289e+03    |    3.3440600518e+03    |
| 0.29111 |    3.7464165129e-07    |    3.3561320949e+03    |    3.3561323529e+03    |
| 0.29222 |    3.7450994868e-07    |    3.3681895965e+03    |    3.3681898899e+03    |
| 0.29333 |    3.7437780942e-07    |    3.3802321639e+03    |    3.3802324928e+03    |
| 0.29444 |    3.7424523476e-07    |    3.3922596263e+03    |    3.3922599908e+03    |
| 0.29556 |    3.7411222596e-07    |    3.4042718117e+03    |    3.4042722118e+03    |
| 0.29667 |    3.7397878427e-07    |    3.4162685470e+03    |    3.4162689829e+03    |
| 0.29778 |    3.7384491099e-07    |    3.4282496580e+03    |    3.4282501299e+03    |
| 0.29889 |    3.7371060740e-07    |    3.4402149697e+03    |    3.4402154776e+03    |
| 0.30000 |    3.7357587481e-07    |    3.4521643056e+03    |    3.4521648497e+03    |
| 0.30111 |    3.7344071456e-07    |    3.4640974885e+03    |    3.4640980689e+03    |
| 0.30222 |    3.7330512796e-07    |    3.4760143399e+03    |    3.4760149568e+03    |
| 0.30333 |    3.7316911638e-07    |    3.4879146803e+03    |    3.4879153338e+03    |
| 0.30444 |    3.7303268118e-07    |    3.4997983293e+03    |    3.4997990195e+03    |
| 0.30556 |    3.7289582373e-07    |    3.5116651052e+03    |    3.5116658321e+03    |
| 0.30667 |    3.7275854543e-07    |    3.5235148253e+03    |    3.5235155892e+03    |
| 0.30778 |    3.7262084767e-07    |    3.5353473060e+03    |    3.5353481070e+03    |
| 0.30889 |    3.7248273190e-07    |    3.5471623624e+03    |    3.5471632006e+03    |
| 0.31000 |    3.7234419953e-07    |    3.5589598088e+03    |    3.5589606843e+03    |
| 0.31111 |    3.7220525201e-07    |    3.5707394583e+03    |    3.5707403713e+03    |
| 0.31222 |    3.7206589082e-07    |    3.5825011230e+03    |    3.5825020735e+03    |
| 0.31333 |    3.7192611742e-07    |    3.5942446140e+03    |    3.5942456022e+03    |
| 0.31444 |    3.7178593331e-07    |    3.6059697412e+03    |    3.6059707673e+03    |
| 0.31556 |    3.7164534000e-07    |    3.6176763137e+03    |    3.6176773778e+03    |
| 0.31667 |    3.7150433901e-07    |    3.6293641394e+03    |    3.6293652417e+03    |
| 0.31778 |    3.7136293187e-07    |    3.6410330254e+03    |    3.6410341659e+03    |
| 0.31889 |    3.7122112014e-07    |    3.6526827774e+03    |    3.6526839563e+03    |
| 0.32000 |    3.7107890538e-07    |    3.6643132005e+03    |    3.6643144179e+03    |
| 0.32111 |    3.7093628917e-07    |    3.6759240985e+03    |    3.6759253546e+03    |
| 0.32222 |    3.7079327311e-07    |    3.6875152743e+03    |    3.6875165692e+03    |
| 0.32333 |    3.7064985881e-07    |    3.6990865298e+03    |    3.6990878636e+03    |
| 0.32444 |    3.7050604790e-07    |    3.7106376659e+03    |    3.7106390388e+03    |
| 0.32556 |    3.7036184201e-07    |    3.7221684825e+03    |    3.7221698946e+03    |
| 0.32667 |    3.7021724280e-07    |    3.7336787784e+03    |    3.7336802299e+03    |
| 0.32778 |    3.7007225195e-07    |    3.7451683517e+03    |    3.7451698427e+03    |
| 0.32889 |    3.6992687114e-07    |    3.7566369993e+03    |    3.7566385299e+03    |
| 0.33000 |    3.6978110207e-07    |    3.7680845171e+03    |    3.7680860874e+03    |
| 0.33111 |    3.6963494647e-07    |    3.7795107001e+03    |    3.7795123104e+03    |
| 0.33222 |    3.6948840605e-07    |    3.7909153425e+03    |    3.7909169928e+03    |
| 0.33333 |    3.6934148258e-07    |    3.8022982372e+03    |    3.8022999277e+03    |
| 0.33444 |    3.6919417782e-07    |    3.8136591765e+03    |    3.8136609074e+03    |
| 0.33556 |    3.6904649354e-07    |    3.8249979515e+03    |    3.8249997229e+03    |
| 0.33667 |    3.6889843154e-07    |    3.8363143525e+03    |    3.8363161645e+03    |
| 0.33778 |    3.6874999364e-07    |    3.8476081689e+03    |    3.8476100216e+03    |
| 0.33889 |    3.6860118165e-07    |    3.8588791889e+03    |    3.8588810826e+03    |
| 0.34000 |    3.6845199743e-07    |    3.8701272002e+03    |    3.8701291350e+03    |
| 0.34111 |    3.6830244283e-07    |    3.8813519893e+03    |    3.8813539653e+03    |
| 0.34222 |    3.6815251972e-07    |    3.8925533419e+03    |    3.8925553592e+03    |
| 0.34333 |    3.6800223000e-07    |    3.9037310427e+03    |    3.9037331015e+03    |
| 0.34444 |    3.6785157558e-07    |    3.9148848757e+03    |    3.9148869761e+03    |
| 0.34556 |    3.6770055836e-07    |    3.9260146237e+03    |    3.9260167659e+03    |
| 0.34667 |    3.6754918030e-07    |    3.9371200690e+03    |    3.9371222532e+03    |
| 0.34778 |    3.6739744335e-07    |    3.9482009929e+03    |    3.9482032191e+03    |
| 0.34889 |    3.6724534948e-07    |    3.9592571756e+03    |    3.9592594440e+03    |
| 0.35000 |    3.6709290067e-07    |    3.9702883967e+03    |    3.9702907075e+03    |
| 0.35111 |    3.6694009893e-07    |    3.9812944350e+03    |    3.9812967883e+03    |
| 0.35222 |    3.6678694628e-07    |    3.9922750683e+03    |    3.9922774643e+03    |
| 0.35333 |    3.6663344475e-07    |    4.0032300737e+03    |    4.0032325125e+03    |
| 0.35444 |    3.6647959640e-07    |    4.0141592273e+03    |    4.0141617090e+03    |
| 0.35556 |    3.6632540329e-07    |    4.0250623045e+03    |    4.0250648293e+03    |
| 0.35667 |    3.6617086751e-07    |    4.0359390800e+03    |    4.0359416481e+03    |
| 0.35778 |    3.6601599116e-07    |    4.0467893276e+03    |    4.0467919390e+03    |
| 0.35889 |    3.6586077635e-07    |    4.0576128202e+03    |    4.0576154752e+03    |
| 0.36000 |    3.6570522523e-07    |    4.0684093302e+03    |    4.0684120289e+03    |
| 0.36111 |    3.6554933994e-07    |    4.0791786291e+03    |    4.0791813716e+03    |
| 0.36222 |    3.6539312265e-07    |    4.0899204874e+03    |    4.0899232739e+03    |
| 0.36333 |    3.6523657554e-07    |    4.1006346754e+03    |    4.1006375060e+03    |
| 0.36444 |    3.6507970081e-07    |    4.1113209621e+03    |    4.1113238370e+03    |
| 0.36556 |    3.6492250068e-07    |    4.1219791161e+03    |    4.1219820355e+03    |
| 0.36667 |    3.6476497738e-07    |    4.1326089053e+03    |    4.1326118692e+03    |
| 0.36778 |    3.6460713317e-07    |    4.1432100967e+03    |    4.1432131053e+03    |
| 0.36889 |    3.6444897031e-07    |    4.1537824567e+03    |    4.1537855102e+03    |
| 0.37000 |    3.6429049107e-07    |    4.1643257511e+03    |    4.1643288496e+03    |
| 0.37111 |    3.6413169778e-07    |    4.1748397450e+03    |    4.1748428886e+03    |
| 0.37222 |    3.6397259272e-07    |    4.1853242026e+03    |    4.1853273915e+03    |
| 0.37333 |    3.6381317826e-07    |    4.1957788878e+03    |    4.1957821221e+03    |
| 0.37444 |    3.6365345672e-07    |    4.2062035636e+03    |    4.2062068436e+03    |
| 0.37556 |    3.6349343048e-07    |    4.2165979926e+03    |    4.2166013183e+03    |
| 0.37667 |    3.6333310193e-07    |    4.2269619365e+03    |    4.2269653081e+03    |
| 0.37778 |    3.6317247346e-07    |    4.2372951567e+03    |    4.2372985743e+03    |
| 0.37889 |    3.6301154749e-07    |    4.2475974139e+03    |    4.2476008776e+03    |
| 0.38000 |    3.6285032645e-07    |    4.2578684680e+03    |    4.2578719781e+03    |
| 0.38111 |    3.6268881279e-07    |    4.2681080786e+03    |    4.2681116352e+03    |
| 0.38222 |    3.6252700899e-07    |    4.2783160048e+03    |    4.2783196080e+03    |
| 0.38333 |    3.6236491752e-07    |    4.2884920048e+03    |    4.2884956548e+03    |
| 0.38444 |    3.6220254088e-07    |    4.2986358367e+03    |    4.2986395335e+03    |
| 0.38556 |    3.6203988160e-07    |    4.3087472578e+03    |    4.3087510016e+03    |
| 0.38667 |    3.6187694220e-07    |    4.3188260249e+03    |    4.3188298159e+03    |
| 0.38778 |    3.6171372525e-07    |    4.3288718945e+03    |    4.3288757329e+03    |
| 0.38889 |    3.6155023329e-07    |    4.3388846225e+03    |    4.3388885083e+03    |
| 0.39000 |    3.6138646893e-07    |    4.3488639643e+03    |    4.3488678978e+03    |
| 0.39111 |    3.6122243476e-07    |    4.3588096750e+03    |    4.3588136562e+03    |
| 0.39222 |    3.6105813339e-07    |    4.3687215091e+03    |    4.3687255383e+03    |
| 0.39333 |    3.6089356747e-07    |    4.3785992208e+03    |    4.3786032980e+03    |
| 0.39444 |    3.6072873964e-07    |    4.3884425639e+03    |    4.3884466893e+03    |
| 0.39556 |    3.6056365256e-07    |    4.3982512917e+03    |    4.3982554654e+03    |
| 0.39667 |    3.6039830894e-07    |    4.4080251572e+03    |    4.4080293794e+03    |
| 0.39778 |    3.6023271146e-07    |    4.4177639131e+03    |    4.4177681838e+03    |
| 0.39889 |    3.6006686284e-07    |    4.4274673116e+03    |    4.4274716311e+03    |
| 0.40000 |    3.5990076582e-07    |    4.4371351047e+03    |    4.4371394731e+03    |
| 0.40111 |    3.5973442314e-07    |    4.4467670441e+03    |    4.4467714615e+03    |
| 0.40222 |    3.5956783758e-07    |    4.4563628811e+03    |    4.4563673477e+03    |
| 0.40333 |    3.5940101191e-07    |    4.4659223668e+03    |    4.4659268827e+03    |
| 0.40444 |    3.5923394894e-07    |    4.4754452520e+03    |    4.4754498173e+03    |
| 0.40556 |    3.5906665148e-07    |    4.4849312873e+03    |    4.4849359022e+03    |
| 0.40667 |    3.5889912237e-07    |    4.4943802230e+03    |    4.4943848876e+03    |
| 0.40778 |    3.5873136445e-07    |    4.5037918092e+03    |    4.5037965236e+03    |
| 0.40889 |    3.5856338059e-07    |    4.5131657959e+03    |    4.5131705603e+03    |
| 0.41000 |    3.5839517366e-07    |    4.5225019327e+03    |    4.5225067473e+03    |
| 0.41111 |    3.5822674658e-07    |    4.5317999693e+03    |    4.5318048341e+03    |
| 0.41222 |    3.5805810224e-07    |    4.5410596551e+03    |    4.5410645703e+03    |
| 0.41333 |    3.5788924358e-07    |    4.5502807394e+03    |    4.5502857052e+03    |
| 0.41444 |    3.5772017355e-07    |    4.5594629714e+03    |    4.5594679878e+03    |
| 0.41556 |    3.5755089511e-07    |    4.5686061002e+03    |    4.5686111674e+03    |
| 0.41667 |    3.5738141123e-07    |    4.5777098748e+03    |    4.5777149929e+03    |
| 0.41778 |    3.5721172490e-07    |    4.5867740442e+03    |    4.5867792133e+03    |
| 0.41889 |    3.5704183915e-07    |    4.5957983573e+03    |    4.5958035776e+03    |
| 0.42000 |    3.5687175699e-07    |    4.6047825631e+03    |    4.6047878347e+03    |
| 0.42111 |    3.5670148146e-07    |    4.6137264104e+03    |    4.6137317334e+03    |
| 0.42222 |    3.5653101562e-07    |    4.6226296481e+03    |    4.6226350227e+03    |
| 0.42333 |    3.5636036254e-07    |    4.6314920253e+03    |    4.6314974516e+03    |
| 0.42444 |    3.5618952531e-07    |    4.6403132910e+03    |    4.6403187691e+03    |
| 0.42556 |    3.5601850703e-07    |    4.6490931943e+03    |    4.6490987244e+03    |
| 0.42667 |    3.5584731082e-07    |    4.6578314844e+03    |    4.6578370665e+03    |
| 0.42778 |    3.5567593981e-07    |    4.6665279106e+03    |    4.6665335449e+03    |
| 0.42889 |    3.5550439716e-07    |    4.6751822224e+03    |    4.6751879090e+03    |
| 0.43000 |    3.5533268603e-07    |    4.6837941693e+03    |    4.6837999084e+03    |
| 0.43111 |    3.5516080959e-07    |    4.6923635013e+03    |    4.6923692929e+03    |
| 0.43222 |    3.5498877104e-07    |    4.7008899682e+03    |    4.7008958126e+03    |
| 0.43333 |    3.5481657358e-07    |    4.7093733204e+03    |    4.7093792175e+03    |
| 0.43444 |    3.5464422046e-07    |    4.7178133082e+03    |    4.7178192582e+03    |
| 0.43556 |    3.5447171489e-07    |    4.7262096824e+03    |    4.7262156855e+03    |
| 0.43667 |    3.5429906013e-07    |    4.7345621939e+03    |    4.7345682502e+03    |
| 0.43778 |    3.5412625946e-07    |    4.7428705942e+03    |    4.7428767037e+03    |
| 0.43889 |    3.5395331616e-07    |    4.7511346347e+03    |    4.7511407977e+03    |
| 0.44000 |    3.5378023351e-07    |    4.7593540676e+03    |    4.7593602841e+03    |
| 0.44111 |    3.5360701484e-07    |    4.7675286451e+03    |    4.7675349153e+03    |
| 0.44222 |    3.5343366346e-07    |    4.7756581200e+03    |    4.7756644439e+03    |
| 0.44333 |    3.5326018272e-07    |    4.7837422455e+03    |    4.7837486233e+03    |
| 0.44444 |    3.5308657597e-07    |    4.7917807752e+03    |    4.7917872069e+03    |
| 0.44556 |    3.5291284658e-07    |    4.7997734631e+03    |    4.7997799489e+03    |
| 0.44667 |    3.5273899792e-07    |    4.8077200637e+03    |    4.8077266038e+03    |
| 0.44778 |    3.5256503340e-07    |    4.8156203322e+03    |    4.8156269266e+03    |
| 0.44889 |    3.5239095641e-07    |    4.8234740241e+03    |    4.8234806729e+03    |
| 0.45000 |    3.5221677038e-07    |    4.8312808956e+03    |    4.8312875989e+03    |
| 0.45111 |    3.5204247876e-07    |    4.8390407033e+03    |    4.8390474613e+03    |
| 0.45222 |    3.5186808497e-07    |    4.8467532045e+03    |    4.8467600173e+03    |
| 0.45333 |    3.5169359249e-07    |    4.8544181573e+03    |    4.8544250249e+03    |
| 0.45444 |    3.5151900479e-07    |    4.8620353202e+03    |    4.8620422428e+03    |
| 0.45556 |    3.5134432535e-07    |    4.8696044524e+03    |    4.8696114301e+03    |
| 0.45667 |    3.5116955767e-07    |    4.8771253140e+03    |    4.8771323468e+03    |
| 0.45778 |    3.5099470528e-07    |    4.8845976655e+03    |    4.8846047537e+03    |
| 0.45889 |    3.5081977168e-07    |    4.8920212685e+03    |    4.8920284120e+03    |
| 0.46000 |    3.5064476042e-07    |    4.8993958851e+03    |    4.8994030841e+03    |
| 0.46111 |    3.5046967504e-07    |    4.9067212783e+03    |    4.9067285329e+03    |
| 0.46222 |    3.5029451912e-07    |    4.9139972120e+03    |    4.9140045223e+03    |
| 0.46333 |    3.5011929621e-07    |    4.9212234507e+03    |    4.9212308168e+03    |
| 0.46444 |    3.4994400991e-07    |    4.9283997601e+03    |    4.9284071821e+03    |
| 0.46556 |    3.4976866380e-07    |    4.9355259066e+03    |    4.9355333846e+03    |
| 0.46667 |    3.4959326150e-07    |    4.9426016575e+03    |    4.9426091916e+03    |
| 0.46778 |    3.4941780663e-07    |    4.9496267811e+03    |    4.9496343714e+03    |
| 0.46889 |    3.4924230282e-07    |    4.9566010467e+03    |    4.9566086933e+03    |
| 0.47000 |    3.4906675370e-07    |    4.9635242247e+03    |    4.9635319276e+03    |
| 0.47111 |    3.4889116293e-07    |    4.9703960863e+03    |    4.9704038457e+03    |
| 0.47222 |    3.4871553418e-07    |    4.9772164038e+03    |    4.9772242198e+03    |
| 0.47333 |    3.4853987110e-07    |    4.9839849508e+03    |    4.9839928235e+03    |
| 0.47444 |    3.4836417739e-07    |    4.9907015018e+03    |    4.9907094312e+03    |
| 0.47556 |    3.4818845675e-07    |    4.9973658325e+03    |    4.9973738187e+03    |
| 0.47667 |    3.4801271286e-07    |    5.0039777197e+03    |    5.0039857629e+03    |
| 0.47778 |    3.4783694946e-07    |    5.0105369415e+03    |    5.0105450417e+03    |
| 0.47889 |    3.4766117025e-07    |    5.0170432772e+03    |    5.0170514345e+03    |
| 0.48000 |    3.4748537897e-07    |    5.0234965071e+03    |    5.0235047216e+03    |
| 0.48111 |    3.4730957937e-07    |    5.0298964132e+03    |    5.0299046850e+03    |
| 0.48222 |    3.4713377520e-07    |    5.0362427785e+03    |    5.0362511077e+03    |
| 0.48333 |    3.4695797020e-07    |    5.0425353873e+03    |    5.0425437739e+03    |
| 0.48444 |    3.4678216816e-07    |    5.0487740255e+03    |    5.0487824697e+03    |
| 0.48556 |    3.4660637286e-07    |    5.0549584801e+03    |    5.0549669819e+03    |
| 0.48667 |    3.4643058806e-07    |    5.0610885397e+03    |    5.0610970992e+03    |
| 0.48778 |    3.4625481758e-07    |    5.0671639943e+03    |    5.0671726116e+03    |
| 0.48889 |    3.4607906521e-07    |    5.0731846352e+03    |    5.0731933104e+03    |
| 0.49000 |    3.4590333475e-07    |    5.0791502555e+03    |    5.0791589887e+03    |
| 0.49111 |    3.4572763004e-07    |    5.0850606497e+03    |    5.0850694408e+03    |
| 0.49222 |    3.4555195489e-07    |    5.0909156136e+03    |    5.0909244629e+03    |
| 0.49333 |    3.4537631313e-07    |    5.0967149449e+03    |    5.0967238524e+03    |
| 0.49444 |    3.4520070861e-07    |    5.1024584428e+03    |    5.1024674086e+03    |
| 0.49556 |    3.4502514516e-07    |    5.1081459081e+03    |    5.1081549323e+03    |
| 0.49667 |    3.4484962665e-07    |    5.1137771434e+03    |    5.1137862260e+03    |
| 0.49778 |    3.4467415693e-07    |    5.1193519528e+03    |    5.1193610938e+03    |
| 0.49889 |    3.4449873986e-07    |    5.1248701421e+03    |    5.1248793418e+03    |
| 0.50000 |    3.4432337932e-07    |    5.1314372012e+03    |    5.1303407775e+03    |
| 0.50111 |    3.4414800361e-07    |    5.1380073481e+03    |    5.1357452109e+03    |
| 0.50222 |    3.4397268830e-07    |    5.1434719391e+03    |    5.1410924535e+03    |
| 0.50333 |    3.4379743726e-07    |    5.1488796514e+03    |    5.1463823185e+03    |
| 0.50444 |    3.4362225440e-07    |    5.1542302984e+03    |    5.1516146208e+03    |
| 0.50556 |    3.4344714359e-07    |    5.1595236954e+03    |    5.1567891775e+03    |
| 0.50667 |    3.4327210874e-07    |    5.1647596597e+03    |    5.1619058073e+03    |
| 0.50778 |    3.4309715375e-07    |    5.1699380104e+03    |    5.1669643310e+03    |
| 0.50889 |    3.4292228253e-07    |    5.1750585686e+03    |    5.1719645713e+03    |
| 0.51000 |    3.4274749898e-07    |    5.1801211574e+03    |    5.1769063531e+03    |
| 0.51111 |    3.4257280703e-07    |    5.1851256018e+03    |    5.1817895032e+03    |
| 0.51222 |    3.4239821060e-07    |    5.1900717289e+03    |    5.1866138505e+03    |
| 0.51333 |    3.4222371360e-07    |    5.1949593680e+03    |    5.1913792259e+03    |
| 0.51444 |    3.4204931996e-07    |    5.1997883503e+03    |    5.1960854627e+03    |
| 0.51556 |    3.4187503361e-07    |    5.2045585093e+03    |    5.2007323961e+03    |
| 0.51667 |    3.4170085848e-07    |    5.2092696805e+03    |    5.2053198637e+03    |
| 0.51778 |    3.4152679850e-07    |    5.2139217016e+03    |    5.2098477051e+03    |
| 0.51889 |    3.4135285762e-07    |    5.2185144127e+03    |    5.2143157623e+03    |
| 0.52000 |    3.4117903977e-07    |    5.2230476559e+03    |    5.2187238796e+03    |
| 0.52111 |    3.4100534889e-07    |    5.2275212758e+03    |    5.2230719035e+03    |
| 0.52222 |    3.4083178892e-07    |    5.2319351192e+03    |    5.2273596830e+03    |
| 0.52333 |    3.4065836381e-07    |    5.2362890352e+03    |    5.2315870693e+03    |
| 0.52444 |    3.4048507750e-07    |    5.2405828753e+03    |    5.2357539161e+03    |
| 0.52556 |    3.4031193393e-07    |    5.2448164934e+03    |    5.2398600795e+03    |
| 0.52667 |    3.4013893706e-07    |    5.2489897459e+03    |    5.2439054181e+03    |
| 0.52778 |    3.3996609082e-07    |    5.2531024914e+03    |    5.2478897930e+03    |
| 0.52889 |    3.3979339916e-07    |    5.2571545914e+03    |    5.2518130676e+03    |
| 0.53000 |    3.3962086604e-07    |    5.2611459095e+03    |    5.2556751081e+03    |
| 0.53111 |    3.3944849538e-07    |    5.2650763121e+03    |    5.2594757833e+03    |
| 0.53222 |    3.3927629115e-07    |    5.2689456681e+03    |    5.2632149644e+03    |
| 0.53333 |    3.3910425727e-07    |    5.2727538490e+03    |    5.2668925254e+03    |
| 0.53444 |    3.3893239770e-07    |    5.2765007288e+03    |    5.2705083429e+03    |
| 0.53556 |    3.3876071638e-07    |    5.2801861845e+03    |    5.2740622961e+03    |
| 0.53667 |    3.3858921724e-07    |    5.2838100955e+03    |    5.2775542672e+03    |
| 0.53778 |    3.3841790422e-07    |    5.2873723439e+03    |    5.2809841408e+03    |
| 0.53889 |    3.3824678126e-07    |    5.2908728148e+03    |    5.2843518046e+03    |
| 0.54000 |    3.3807585228e-07    |    5.2943113958e+03    |    5.2876571489e+03    |
| 0.54111 |    3.3790512122e-07    |    5.2976879776e+03    |    5.2909000669e+03    |
| 0.54222 |    3.3773459200e-07    |    5.3010024534e+03    |    5.2940804547e+03    |
| 0.54333 |    3.3756426854e-07    |    5.3042547196e+03    |    5.2971982113e+03    |
| 0.54444 |    3.3739415477e-07    |    5.3074446752e+03    |    5.3002532386e+03    |
| 0.54556 |    3.3722425459e-07    |    5.3105722223e+03    |    5.3032454413e+03    |
| 0.54667 |    3.3705457192e-07    |    5.3136372659e+03    |    5.3061747275e+03    |
| 0.54778 |    3.3688511066e-07    |    5.3166397140e+03    |    5.3090410078e+03    |
| 0.54889 |    3.3671587472e-07    |    5.3195794776e+03    |    5.3118441962e+03    |
| 0.55000 |    3.3654686799e-07    |    5.3224564707e+03    |    5.3145842096e+03    |
| 0.55111 |    3.3637809435e-07    |    5.3252706104e+03    |    5.3172609681e+03    |
| 0.55222 |    3.3620955770e-07    |    5.3280218169e+03    |    5.3198743948e+03    |
| 0.55333 |    3.3604126192e-07    |    5.3307100136e+03    |    5.3224244160e+03    |
| 0.55444 |    3.3587321086e-07    |    5.3333351267e+03    |    5.3249109612e+03    |
| 0.55556 |    3.3570540841e-07    |    5.3358970861e+03    |    5.3273339631e+03    |
| 0.55667 |    3.3553785842e-07    |    5.3383958245e+03    |    5.3296933577e+03    |
| 0.55778 |    3.3537056474e-07    |    5.3408312779e+03    |    5.3319890840e+03    |
| 0.55889 |    3.3520353121e-07    |    5.3432033857e+03    |    5.3342210846e+03    |
| 0.56000 |    3.3503676167e-07    |    5.3455120905e+03    |    5.3363893051e+03    |
| 0.56111 |    3.3487025995e-07    |    5.3477573382e+03    |    5.3384936948e+03    |
| 0.56222 |    3.3470402988e-07    |    5.3499390781e+03    |    5.3405342060e+03    |
| 0.56333 |    3.3453807525e-07    |    5.3520572626e+03    |    5.3425107947e+03    |
| 0.56444 |    3.3437239988e-07    |    5.3541118479e+03    |    5.3444234200e+03    |
| 0.56556 |    3.3420700755e-07    |    5.3561027934e+03    |    5.3462720447e+03    |
| 0.56667 |    3.3404190206e-07    |    5.3580300619e+03    |    5.3480566349e+03    |
| 0.56778 |    3.3387708717e-07    |    5.3598936196e+03    |    5.3497771603e+03    |
| 0.56889 |    3.3371256665e-07    |    5.3616934365e+03    |    5.3514335941e+03    |
| 0.57000 |    3.3354834425e-07    |    5.3634294858e+03    |    5.3530259129e+03    |
| 0.57111 |    3.3338442371e-07    |    5.3651017444e+03    |    5.3545540970e+03    |
| 0.57222 |    3.3322080878e-07    |    5.3667101927e+03    |    5.3560181302e+03    |
| 0.57333 |    3.3305750316e-07    |    5.3682548147e+03    |    5.3574180001e+03    |
| 0.57444 |    3.3289451056e-07    |    5.3697355981e+03    |    5.3587536976e+03    |
| 0.57556 |    3.3273183469e-07    |    5.3711525341e+03    |    5.3600252176e+03    |
| 0.57667 |    3.3256947923e-07    |    5.3725056176e+03    |    5.3612325584e+03    |
| 0.57778 |    3.3240744785e-07    |    5.3737948472e+03    |    5.3623757222e+03    |
| 0.57889 |    3.3224574420e-07    |    5.3750202253e+03    |    5.3634547148e+03    |
| 0.58000 |    3.3208437195e-07    |    5.3761817578e+03    |    5.3644695458e+03    |
| 0.58111 |    3.3192333471e-07    |    5.3772794546e+03    |    5.3654202285e+03    |
| 0.58222 |    3.3176263612e-07    |    5.3783133291e+03    |    5.3663067801e+03    |
| 0.58333 |    3.3160227977e-07    |    5.3792833988e+03    |    5.3671292215e+03    |
| 0.58444 |    3.3144226926e-07    |    5.3801896849e+03    |    5.3678875774e+03    |
| 0.58556 |    3.3128260816e-07    |    5.3810322122e+03    |    5.3685818766e+03    |
| 0.58667 |    3.3112330003e-07    |    5.3818110097e+03    |    5.3692121515e+03    |
| 0.58778 |    3.3096434843e-07    |    5.3825261101e+03    |    5.3697784384e+03    |
| 0.58889 |    3.3080575689e-07    |    5.3831775499e+03    |    5.3702807777e+03    |
| 0.59000 |    3.3064752891e-07    |    5.3837653698e+03    |    5.3707192136e+03    |
| 0.59111 |    3.3048966800e-07    |    5.3842896143e+03    |    5.3710937941e+03    |
| 0.59222 |    3.3033217765e-07    |    5.3847503316e+03    |    5.3714045715e+03    |
| 0.59333 |    3.3017506131e-07    |    5.3851475743e+03    |    5.3716516017e+03    |
| 0.59444 |    3.3001832244e-07    |    5.3854813987e+03    |    5.3718349450e+03    |
| 0.59556 |    3.2986196448e-07    |    5.3857518652e+03    |    5.3719546653e+03    |
| 0.59667 |    3.2970599083e-07    |    5.3859590383e+03    |    5.3720108308e+03    |
| 0.59778 |    3.2955040489e-07    |    5.3861029863e+03    |    5.3720035137e+03    |
| 0.59889 |    3.2939521005e-07    |    5.3861837817e+03    |    5.3719327902e+03    |
| 0.60000 |    3.2924040967e-07    |    5.3862015013e+03    |    5.3717987406e+03    |
| 0.60111 |    3.2908600708e-07    |    5.3861562256e+03    |    5.3716014493e+03    |
| 0.60222 |    3.2893200561e-07    |    5.3860480393e+03    |    5.3713410049e+03    |
| 0.60333 |    3.2877840857e-07    |    5.3858770315e+03    |    5.3710174998e+03    |
| 0.60444 |    3.2862521923e-07    |    5.3856432951e+03    |    5.3706310309e+03    |
| 0.60556 |    3.2847244087e-07    |    5.3853469272e+03    |    5.3701816991e+03    |
| 0.60667 |    3.2832007673e-07    |    5.3849880293e+03    |    5.3696696094e+03    |
| 0.60778 |    3.2816813004e-07    |    5.3845667068e+03    |    5.3690948709e+03    |
| 0.60889 |    3.2801660399e-07    |    5.3840830693e+03    |    5.3684575972e+03    |
| 0.61000 |    3.2786550177e-07    |    5.3835372308e+03    |    5.3677579058e+03    |
| 0.61111 |    3.2771482655e-07    |    5.3829293092e+03    |    5.3669959183e+03    |
| 0.61222 |    3.2756458146e-07    |    5.3822594270e+03    |    5.3661717609e+03    |
| 0.61333 |    3.2741476962e-07    |    5.3815277107e+03    |    5.3652855638e+03    |
| 0.61444 |    3.2726539413e-07    |    5.3807342909e+03    |    5.3643374613e+03    |
| 0.61556 |    3.2711645806e-07    |    5.3798793026e+03    |    5.3633275921e+03    |
| 0.61667 |    3.2696796447e-07    |    5.3789628853e+03    |    5.3622560990e+03    |
| 0.61778 |    3.2681991639e-07    |    5.3779851822e+03    |    5.3611231294e+03    |
| 0.61889 |    3.2667231682e-07    |    5.3769463413e+03    |    5.3599288345e+03    |
| 0.62000 |    3.2652516874e-07    |    5.3758465145e+03    |    5.3586733700e+03    |
| 0.62111 |    3.2637847511e-07    |    5.3746858582e+03    |    5.3573568958e+03    |
| 0.62222 |    3.2623223888e-07    |    5.3734645331e+03    |    5.3559795762e+03    |
| 0.62333 |    3.2608646294e-07    |    5.3721827040e+03    |    5.3545415795e+03    |
| 0.62444 |    3.2594115019e-07    |    5.3708405402e+03    |    5.3530430786e+03    |
| 0.62556 |    3.2579630350e-07    |    5.3694382152e+03    |    5.3514842504e+03    |
| 0.62667 |    3.2565192569e-07    |    5.3679759068e+03    |    5.3498652763e+03    |
| 0.62778 |    3.2550801958e-07    |    5.3664537970e+03    |    5.3481863418e+03    |
| 0.62889 |    3.2536458797e-07    |    5.3648720725e+03    |    5.3464476368e+03    |
| 0.63000 |    3.2522163360e-07    |    5.3632309238e+03    |    5.3446493555e+03    |
| 0.63111 |    3.2507915922e-07    |    5.3615305460e+03    |    5.3427916962e+03    |
| 0.63222 |    3.2493716753e-07    |    5.3597711385e+03    |    5.3408748617e+03    |
| 0.63333 |    3.2479566123e-07    |    5.3579529050e+03    |    5.3388990590e+03    |
| 0.63444 |    3.2465464296e-07    |    5.3560760535e+03    |    5.3368644994e+03    |
| 0.63556 |    3.2451411536e-07    |    5.3541407962e+03    |    5.3347713983e+03    |
| 0.63667 |    3.2437408103e-07    |    5.3521473497e+03    |    5.3326199757e+03    |
| 0.63778 |    3.2423454255e-07    |    5.3500959350e+03    |    5.3304104555e+03    |
| 0.63889 |    3.2409550247e-07    |    5.3479867772e+03    |    5.3281430661e+03    |
| 0.64000 |    3.2395696330e-07    |    5.3458201057e+03    |    5.3258180401e+03    |
| 0.64111 |    3.2381892754e-07    |    5.3435961545e+03    |    5.3234356143e+03    |
| 0.64222 |    3.2368139767e-07    |    5.3413151614e+03    |    5.3209960298e+03    |
| 0.64333 |    3.2354437610e-07    |    5.3389773689e+03    |    5.3184995320e+03    |
| 0.64444 |    3.2340786526e-07    |    5.3365830236e+03    |    5.3159463703e+03    |
| 0.64556 |    3.2327186752e-07    |    5.3341323762e+03    |    5.3133367984e+03    |
| 0.64667 |    3.2313638523e-07    |    5.3316256820e+03    |    5.3106710744e+03    |
| 0.64778 |    3.2300142072e-07    |    5.3290632001e+03    |    5.3079494603e+03    |
| 0.64889 |    3.2286697628e-07    |    5.3264451943e+03    |    5.3051722225e+03    |
| 0.65000 |    3.2273305417e-07    |    5.3237719323e+03    |    5.3023396314e+03    |
| 0.65111 |    3.2259965663e-07    |    5.3210436861e+03    |    5.2994519617e+03    |
| 0.65222 |    3.2246678585e-07    |    5.3182607319e+03    |    5.2965094921e+03    |
| 0.65333 |    3.2233444402e-07    |    5.3154233501e+03    |    5.2935125055e+03    |
| 0.65444 |    3.2220263328e-07    |    5.3125318252e+03    |    5.2904612890e+03    |
| 0.65556 |    3.2207135573e-07    |    5.3095864459e+03    |    5.2873561335e+03    |
| 0.65667 |    3.2194061347e-07    |    5.3065875051e+03    |    5.2841973344e+03    |
| 0.65778 |    3.2181040855e-07    |    5.3035352996e+03    |    5.2809851907e+03    |
| 0.65889 |    3.2168074298e-07    |    5.3004301306e+03    |    5.2777200058e+03    |
| 0.66000 |    3.2155161875e-07    |    5.2972723032e+03    |    5.2744020869e+03    |
| 0.66111 |    3.2142303783e-07    |    5.2940621265e+03    |    5.2710317453e+03    |
| 0.66222 |    3.2129500215e-07    |    5.2907999139e+03    |    5.2676092963e+03    |
| 0.66333 |    3.2116751359e-07    |    5.2874859826e+03    |    5.2641350589e+03    |
| 0.66444 |    3.2104057403e-07    |    5.2841206538e+03    |    5.2606093565e+03    |
| 0.66556 |    3.2091418529e-07    |    5.2807042529e+03    |    5.2570325159e+03    |
| 0.66667 |    3.2078834918e-07    |    5.2772371091e+03    |    5.2534048680e+03    |
| 0.66778 |    3.2066306747e-07    |    5.2737195555e+03    |    5.2497267478e+03    |
| 0.66889 |    3.2053834189e-07    |    5.2701519291e+03    |    5.2459984937e+03    |
| 0.67000 |    3.2041417414e-07    |    5.2665345710e+03    |    5.2422204481e+03    |
| 0.67111 |    3.2029056591e-07    |    5.2628678259e+03    |    5.2383929572e+03    |
| 0.67222 |    3.2016751882e-07    |    5.2591520424e+03    |    5.2345163709e+03    |
| 0.67333 |    3.2004503449e-07    |    5.2553875731e+03    |    5.2305910429e+03    |
| 0.67444 |    3.1992311448e-07    |    5.2515747741e+03    |    5.2266173304e+03    |
| 0.67556 |    3.1980176035e-07    |    5.2477140054e+03    |    5.2225955944e+03    |
| 0.67667 |    3.1968097359e-07    |    5.2438056306e+03    |    5.2185261995e+03    |
| 0.67778 |    3.1956075569e-07    |    5.2398500172e+03    |    5.2144095139e+03    |
| 0.67889 |    3.1944110808e-07    |    5.2358475361e+03    |    5.2102459092e+03    |
| 0.68000 |    3.1932203217e-07    |    5.2317985620e+03    |    5.2060357607e+03    |
| 0.68111 |    3.1920352935e-07    |    5.2277034731e+03    |    5.2017794471e+03    |
| 0.68222 |    3.1908560094e-07    |    5.2235626511e+03    |    5.1974773506e+03    |
| 0.68333 |    3.1896824826e-07    |    5.2193764814e+03    |    5.1931298567e+03    |
| 0.68444 |    3.1885147258e-07    |    5.2151453526e+03    |    5.1887373543e+03    |
| 0.68556 |    3.1873527515e-07    |    5.2108696570e+03    |    5.1843002358e+03    |
| 0.68667 |    3.1861965717e-07    |    5.2065497901e+03    |    5.1798188967e+03    |
| 0.68778 |    3.1850461981e-07    |    5.2021861511e+03    |    5.1752937357e+03    |
| 0.68889 |    3.1839016422e-07    |    5.1977791420e+03    |    5.1707251549e+03    |
| 0.69000 |    3.1827629150e-07    |    5.1933291685e+03    |    5.1661135594e+03    |
| 0.69111 |    3.1816300272e-07    |    5.1888366394e+03    |    5.1614593576e+03    |
| 0.69222 |    3.1805029892e-07    |    5.1843019667e+03    |    5.1567629607e+03    |
| 0.69333 |    3.1793818111e-07    |    5.1797255655e+03    |    5.1520247832e+03    |
| 0.69444 |    3.1782665025e-07    |    5.1751078542e+03    |    5.1472452424e+03    |
| 0.69556 |    3.1771570728e-07    |    5.1704492541e+03    |    5.1424247586e+03    |
| 0.69667 |    3.1760535310e-07    |    5.1657501895e+03    |    5.1375637551e+03    |
| 0.69778 |    3.1749558858e-07    |    5.1610110877e+03    |    5.1326626578e+03    |
| 0.69889 |    3.1738641456e-07    |    5.1562323791e+03    |    5.1277218956e+03    |
| 0.70000 |    3.1727783182e-07    |    5.1514144967e+03    |    5.1227419000e+03    |
| 0.70111 |    3.1716984115e-07    |    5.1465578766e+03    |    5.1177231053e+03    |
| 0.70222 |    3.1706244326e-07    |    5.1416629574e+03    |    5.1126659483e+03    |
| 0.70333 |    3.1695563886e-07    |    5.1367301806e+03    |    5.1075708685e+03    |
| 0.70444 |    3.1684942860e-07    |    5.1317599904e+03    |    5.1024383078e+03    |
| 0.70556 |    3.1674381312e-07    |    5.1267528336e+03    |    5.0972687108e+03    |
| 0.70667 |    3.1663879301e-07    |    5.1217091595e+03    |    5.0920625243e+03    |
| 0.70778 |    3.1653436883e-07    |    5.1166294199e+03    |    5.0868201976e+03    |
| 0.70889 |    3.1643054111e-07    |    5.1115140692e+03    |    5.0815421821e+03    |
| 0.71000 |    3.1632731034e-07    |    5.1063635641e+03    |    5.0762289317e+03    |
| 0.71111 |    3.1622467698e-07    |    5.1011783636e+03    |    5.0708809022e+03    |
| 0.71222 |    3.1612264144e-07    |    5.0959589292e+03    |    5.0654985519e+03    |
| 0.71333 |    3.1602120413e-07    |    5.0907057244e+03    |    5.0600823409e+03    |
| 0.71444 |    3.1592036539e-07    |    5.0854192151e+03    |    5.0546327312e+03    |
| 0.71556 |    3.1582012556e-07    |    5.0800998690e+03    |    5.0491501871e+03    |
| 0.71667 |    3.1572048491e-07    |    5.0747481562e+03    |    5.0436351745e+03    |
| 0.71778 |    3.1562144370e-07    |    5.0693645485e+03    |    5.0380881612e+03    |
| 0.71889 |    3.1552300216e-07    |    5.0639495199e+03    |    5.0325096168e+03    |
| 0.72000 |    3.1542516047e-07    |    5.0585035461e+03    |    5.0269000125e+03    |
| 0.72111 |    3.1532791878e-07    |    5.0530271046e+03    |    5.0212598211e+03    |
| 0.72222 |    3.1523127722e-07    |    5.0475206748e+03    |    5.0155895171e+03    |
| 0.72333 |    3.1513523587e-07    |    5.0419847376e+03    |    5.0098895764e+03    |
| 0.72444 |    3.1503979479e-07    |    5.0364197756e+03    |    5.0041604763e+03    |
| 0.72556 |    3.1494495399e-07    |    5.0308262729e+03    |    4.9984026954e+03    |
| 0.72667 |    3.1485071346e-07    |    5.0252047151e+03    |    4.9926167138e+03    |
| 0.72778 |    3.1475707316e-07    |    5.0195555893e+03    |    4.9868030126e+03    |
| 0.72889 |    3.1466403301e-07    |    5.0138793838e+03    |    4.9809620740e+03    |
| 0.73000 |    3.1457159289e-07    |    5.0081765884e+03    |    4.9750943816e+03    |
| 0.73111 |    3.1447975267e-07    |    5.0024476937e+03    |    4.9692004195e+03    |
| 0.73222 |    3.1438851215e-07    |    4.9966931918e+03    |    4.9632806733e+03    |
| 0.73333 |    3.1429787115e-07    |    4.9909135759e+03    |    4.9573356289e+03    |
| 0.73444 |    3.1420782940e-07    |    4.9851093399e+03    |    4.9513657734e+03    |
| 0.73556 |    3.1411838664e-07    |    4.9792809788e+03    |    4.9453715944e+03    |
| 0.73667 |    3.1402954256e-07    |    4.9734289885e+03    |    4.9393535801e+03    |
| 0.73778 |    3.1394129683e-07    |    4.9675538655e+03    |    4.9333122194e+03    |
| 0.73889 |    3.1385364906e-07    |    4.9616561073e+03    |    4.9272480015e+03    |
| 0.74000 |    3.1376659886e-07    |    4.9557362117e+03    |    4.9211614163e+03    |
| 0.74111 |    3.1368014580e-07    |    4.9497946773e+03    |    4.9150529537e+03    |
| 0.74222 |    3.1359428940e-07    |    4.9438320032e+03    |    4.9089231040e+03    |
| 0.74333 |    3.1350902918e-07    |    4.9378486886e+03    |    4.9027723576e+03    |
| 0.74444 |    3.1342436460e-07    |    4.9318452334e+03    |    4.8966012052e+03    |
| 0.74556 |    3.1334029510e-07    |    4.9258221377e+03    |    4.8904101373e+03    |
| 0.74667 |    3.1325682010e-07    |    4.9197799015e+03    |    4.8841996443e+03    |
| 0.74778 |    3.1317393897e-07    |    4.9137190253e+03    |    4.8779702166e+03    |
| 0.74889 |    3.1309165106e-07    |    4.9076400093e+03    |    4.8717223445e+03    |
| 0.75000 |    3.1300995569e-07    |    4.9015433539e+03    |    4.8654565176e+03    |
| 0.75111 |    3.1292885214e-07    |    4.8954295593e+03    |    4.8591732255e+03    |
| 0.75222 |    3.1284833968e-07    |    4.8892991254e+03    |    4.8528729571e+03    |
| 0.75333 |    3.1276841754e-07    |    4.8831525520e+03    |    4.8465562009e+03    |
| 0.75444 |    3.1268908490e-07    |    4.8769903383e+03    |    4.8402234447e+03    |
| 0.75556 |    3.1261034094e-07    |    4.8708129834e+03    |    4.8338751756e+03    |
| 0.75667 |    3.1253218480e-07    |    4.8646209856e+03    |    4.8275118799e+03    |
| 0.75778 |    3.1245461558e-07    |    4.8584148427e+03    |    4.8211340431e+03    |
| 0.75889 |    3.1237763238e-07    |    4.8521950520e+03    |    4.8147421497e+03    |
| 0.76000 |    3.1230123423e-07    |    4.8459621097e+03    |    4.8083366831e+03    |
| 0.76111 |    3.1222542017e-07    |    4.8397165116e+03    |    4.8019181257e+03    |
| 0.76222 |    3.1215018919e-07    |    4.8334587522e+03    |    4.7954869587e+03    |
| 0.76333 |    3.1207554025e-07    |    4.8271893252e+03    |    4.7890436618e+03    |
| 0.76444 |    3.1200147230e-07    |    4.8209087234e+03    |    4.7825887137e+03    |
| 0.76556 |    3.1192798424e-07    |    4.8146174382e+03    |    4.7761225914e+03    |
| 0.76667 |    3.1185507496e-07    |    4.8083159598e+03    |    4.7696457704e+03    |
| 0.76778 |    3.1178274332e-07    |    4.8020047773e+03    |    4.7631587247e+03    |
| 0.76889 |    3.1171098814e-07    |    4.7956843782e+03    |    4.7566619265e+03    |
| 0.77000 |    3.1163980823e-07    |    4.7893552488e+03    |    4.7501558462e+03    |
| 0.77111 |    3.1156920235e-07    |    4.7830178735e+03    |    4.7436409525e+03    |
| 0.77222 |    3.1149916927e-07    |    4.7766727356e+03    |    4.7371177121e+03    |
| 0.77333 |    3.1142970769e-07    |    4.7703203161e+03    |    4.7305865896e+03    |
| 0.77444 |    3.1136081633e-07    |    4.7639610948e+03    |    4.7240480475e+03    |
| 0.77556 |    3.1129249384e-07    |    4.7575955494e+03    |    4.7175025463e+03    |
| 0.77667 |    3.1122473887e-07    |    4.7512241556e+03    |    4.7109505441e+03    |
| 0.77778 |    3.1115755004e-07    |    4.7448473873e+03    |    4.7043924966e+03    |
| 0.77889 |    3.1109092595e-07    |    4.7384657162e+03    |    4.6978288572e+03    |
| 0.78000 |    3.1102486516e-07    |    4.7320796118e+03    |    4.6912600768e+03    |
| 0.78111 |    3.1095936622e-07    |    4.7256895417e+03    |    4.6846866036e+03    |
| 0.78222 |    3.1089442764e-07    |    4.7192959708e+03    |    4.6781088833e+03    |
| 0.78333 |    3.1083004793e-07    |    4.7128993619e+03    |    4.6715273587e+03    |
| 0.78444 |    3.1076622554e-07    |    4.7065001753e+03    |    4.6649424699e+03    |
| 0.78556 |    3.1070295894e-07    |    4.7000988686e+03    |    4.6583546541e+03    |
| 0.78667 |    3.1064024654e-07    |    4.6936958972e+03    |    4.6517643454e+03    |
| 0.78778 |    3.1057808674e-07    |    4.6872917135e+03    |    4.6451719751e+03    |
| 0.78889 |    3.1051647792e-07    |    4.6808867672e+03    |    4.6385779711e+03    |
| 0.79000 |    3.1045541844e-07    |    4.6744815055e+03    |    4.6319827584e+03    |
| 0.79111 |    3.1039490662e-07    |    4.6680763724e+03    |    4.6253867585e+03    |
| 0.79222 |    3.1033494077e-07    |    4.6616718092e+03    |    4.6187903896e+03    |
| 0.79333 |    3.1027551919e-07    |    4.6552682539e+03    |    4.6121940665e+03    |
| 0.79444 |    3.1021664013e-07    |    4.6488661418e+03    |    4.6055982006e+03    |
| 0.79556 |    3.1015830184e-07    |    4.6424659049e+03    |    4.5990031997e+03    |
| 0.79667 |    3.1010050254e-07    |    4.6360679719e+03    |    4.5924094678e+03    |
| 0.79778 |    3.1004324043e-07    |    4.6296727684e+03    |    4.5858174055e+03    |
| 0.79889 |    3.0998651368e-07    |    4.6232807166e+03    |    4.5792274094e+03    |
| 0.80000 |    3.0993032047e-07    |    4.6168922353e+03    |    4.5726398723e+03    |
| 0.80111 |    3.0987465891e-07    |    4.6105077400e+03    |    4.5660551832e+03    |
| 0.80222 |    3.0981952715e-07    |    4.6041276425e+03    |    4.5594737272e+03    |
| 0.80333 |    3.0976492326e-07    |    4.5977523511e+03    |    4.5528958850e+03    |
| 0.80444 |    3.0971084532e-07    |    4.5913822707e+03    |    4.5463220337e+03    |
| 0.80556 |    3.0965729141e-07    |    4.5850178021e+03    |    4.5397525459e+03    |
| 0.80667 |    3.0960425955e-07    |    4.5786593427e+03    |    4.5331877900e+03    |
| 0.80778 |    3.0955174776e-07    |    4.5723072862e+03    |    4.5266281304e+03    |
| 0.80889 |    3.0949975404e-07    |    4.5659620221e+03    |    4.5200739270e+03    |
| 0.81000 |    3.0944827638e-07    |    4.5596239363e+03    |    4.5135255351e+03    |
| 0.81111 |    3.0939731274e-07    |    4.5532934109e+03    |    4.5069833059e+03    |
| 0.81222 |    3.0934686106e-07    |    4.5469708236e+03    |    4.5004475859e+03    |
| 0.81333 |    3.0929691928e-07    |    4.5406565484e+03    |    4.4939187171e+03    |
| 0.81444 |    3.0924748530e-07    |    4.5343509553e+03    |    4.4873970369e+03    |
| 0.81556 |    3.0919855701e-07    |    4.5280544100e+03    |    4.4808828780e+03    |
| 0.81667 |    3.0915013229e-07    |    4.5217672741e+03    |    4.4743765686e+03    |
| 0.81778 |    3.0910220900e-07    |    4.5154899051e+03    |    4.4678784318e+03    |
| 0.81889 |    3.0905478497e-07    |    4.5092226563e+03    |    4.4613887863e+03    |
| 0.82000 |    3.0900785804e-07    |    4.5029658766e+03    |    4.4549079455e+03    |
| 0.82111 |    3.0896142601e-07    |    4.4967199109e+03    |    4.4484362183e+03    |
| 0.82222 |    3.0891548667e-07    |    4.4904850995e+03    |    4.4419739086e+03    |
| 0.82333 |    3.0887003780e-07    |    4.4842617785e+03    |    4.4355213152e+03    |
| 0.82444 |    3.0882507716e-07    |    4.4780502797e+03    |    4.4290787321e+03    |
| 0.82556 |    3.0878060249e-07    |    4.4718509304e+03    |    4.4226464480e+03    |
| 0.82667 |    3.0873661153e-07    |    4.4656640536e+03    |    4.4162247468e+03    |
| 0.82778 |    3.0869310199e-07    |    4.4594899677e+03    |    4.4098139070e+03    |
| 0.82889 |    3.0865007157e-07    |    4.4533289869e+03    |    4.4034142024e+03    |
| 0.83000 |    3.0860751796e-07    |    4.4471814207e+03    |    4.3970259012e+03    |
| 0.83111 |    3.0856543883e-07    |    4.4410475743e+03    |    4.3906492667e+03    |
| 0.83222 |    3.0852383183e-07    |    4.4349277483e+03    |    4.3842845568e+03    |
| 0.83333 |    3.0848269461e-07    |    4.4288222389e+03    |    4.3779320242e+03    |
| 0.83444 |    3.0844202479e-07    |    4.4227313378e+03    |    4.3715919166e+03    |
| 0.83556 |    3.0840182000e-07    |    4.4166553321e+03    |    4.3652644760e+03    |
| 0.83667 |    3.0836207784e-07    |    4.4105945045e+03    |    4.3589499394e+03    |
| 0.83778 |    3.0832279590e-07    |    4.4045491332e+03    |    4.3526485383e+03    |
| 0.83889 |    3.0828397175e-07    |    4.3985194917e+03    |    4.3463604992e+03    |
| 0.84000 |    3.0824560297e-07    |    4.3925058493e+03    |    4.3400860429e+03    |
| 0.84111 |    3.0820768709e-07    |    4.3865084707e+03    |    4.3338253850e+03    |
| 0.84222 |    3.0817022167e-07    |    4.3805276160e+03    |    4.3275787357e+03    |
| 0.84333 |    3.0813320422e-07    |    4.3745635412e+03    |    4.3213463000e+03    |
| 0.84444 |    3.0809663227e-07    |    4.3686164974e+03    |    4.3151282774e+03    |
| 0.84556 |    3.0806050333e-07    |    4.3626867315e+03    |    4.3089248620e+03    |
| 0.84667 |    3.0802481487e-07    |    4.3567744862e+03    |    4.3027362428e+03    |
| 0.84778 |    3.0798956439e-07    |    4.3508799995e+03    |    4.2965626030e+03    |
| 0.84889 |    3.0795474936e-07    |    4.3450035052e+03    |    4.2904041208e+03    |
| 0.85000 |    3.0792036723e-07    |    4.3391452329e+03    |    4.2842609689e+03    |
| 0.85111 |    3.0788641546e-07    |    4.3333054078e+03    |    4.2781333148e+03    |
| 0.85222 |    3.0785289148e-07    |    4.3274842508e+03    |    4.2720213206e+03    |
| 0.85333 |    3.0781979273e-07    |    4.3216819788e+03    |    4.2659251429e+03    |
| 0.85444 |    3.0778711662e-07    |    4.3158988044e+03    |    4.2598449333e+03    |
| 0.85556 |    3.0775486056e-07    |    4.3101349361e+03    |    4.2537808379e+03    |
| 0.85667 |    3.0772302194e-07    |    4.3043905784e+03    |    4.2477329978e+03    |
| 0.85778 |    3.0769159817e-07    |    4.2986659317e+03    |    4.2417015485e+03    |
| 0.85889 |    3.0766058661e-07    |    4.2929611927e+03    |    4.2356866205e+03    |
| 0.86000 |    3.0762998465e-07    |    4.2872765539e+03    |    4.2296883392e+03    |
| 0.86111 |    3.0759978964e-07    |    4.2816122041e+03    |    4.2237068246e+03    |
| 0.86222 |    3.0756999893e-07    |    4.2759683285e+03    |    4.2177421917e+03    |
| 0.86333 |    3.0754060987e-07    |    4.2703451085e+03    |    4.2117945504e+03    |
| 0.86444 |    3.0751161979e-07    |    4.2647427217e+03    |    4.2058640056e+03    |
| 0.86556 |    3.0748302603e-07    |    4.2591613424e+03    |    4.1999506569e+03    |
| 0.86667 |    3.0745482590e-07    |    4.2536011413e+03    |    4.1940545992e+03    |
| 0.86778 |    3.0742701672e-07    |    4.2480622860e+03    |    4.1881759223e+03    |
| 0.86889 |    3.0739959578e-07    |    4.2425449404e+03    |    4.1823147111e+03    |
| 0.87000 |    3.0737256039e-07    |    4.2370492656e+03    |    4.1764710457e+03    |
| 0.87111 |    3.0734590783e-07    |    4.2315754193e+03    |    4.1706450012e+03    |
| 0.87222 |    3.0731963538e-07    |    4.2261235563e+03    |    4.1648366482e+03    |
| 0.87333 |    3.0729374033e-07    |    4.2206938286e+03    |    4.1590460524e+03    |
| 0.87444 |    3.0726821993e-07    |    4.2152863852e+03    |    4.1532732747e+03    |
| 0.87556 |    3.0724307145e-07    |    4.2099013727e+03    |    4.1475183717e+03    |
| 0.87667 |    3.0721829213e-07    |    4.2045389349e+03    |    4.1417813950e+03    |
| 0.87778 |    3.0719387924e-07    |    4.1991992132e+03    |    4.1360623921e+03    |
| 0.87889 |    3.0716983001e-07    |    4.1938823468e+03    |    4.1303614059e+03    |
| 0.88000 |    3.0714614167e-07    |    4.1885884724e+03    |    4.1246784746e+03    |
| 0.88111 |    3.0712281146e-07    |    4.1833177249e+03    |    4.1190136326e+03    |
| 0.88222 |    3.0709983660e-07    |    4.1780702373e+03    |    4.1133669096e+03    |
| 0.88333 |    3.0707721430e-07    |    4.1728461405e+03    |    4.1077383313e+03    |
| 0.88444 |    3.0705494178e-07    |    4.1676455640e+03    |    4.1021279190e+03    |
| 0.88556 |    3.0703301624e-07    |    4.1624686356e+03    |    4.0965356903e+03    |
| 0.88667 |    3.0701143489e-07    |    4.1573154821e+03    |    4.0909616585e+03    |
| 0.88778 |    3.0699019493e-07    |    4.1521862287e+03    |    4.0854058330e+03    |
| 0.88889 |    3.0696929353e-07    |    4.1470809997e+03    |    4.0798682193e+03    |
| 0.89000 |    3.0694872790e-07    |    4.1419999186e+03    |    4.0743488192e+03    |
| 0.89111 |    3.0692849522e-07    |    4.1369431082e+03    |    4.0688476307e+03    |
| 0.89222 |    3.0690859265e-07    |    4.1319106907e+03    |    4.0633646481e+03    |
| 0.89333 |    3.0688901739e-07    |    4.1269027880e+03    |    4.0578998621e+03    |
| 0.89444 |    3.0686976658e-07    |    4.1219195219e+03    |    4.0524532599e+03    |
| 0.89556 |    3.0685083742e-07    |    4.1169610141e+03    |    4.0470248254e+03    |
| 0.89667 |    3.0683222704e-07    |    4.1120273867e+03    |    4.0416145389e+03    |
| 0.89778 |    3.0681393262e-07    |    4.1071187622e+03    |    4.0362223775e+03    |
| 0.89889 |    3.0679595131e-07    |    4.1022352636e+03    |    4.0308483151e+03    |
| 0.90000 |    3.0677828025e-07    |    4.0973770152e+03    |    4.0254923226e+03    |
| 0.90111 |    3.0676091661e-07    |    4.0925441419e+03    |    4.0201543675e+03    |
| 0.90222 |    3.0674385751e-07    |    4.0877367703e+03    |    4.0148344147e+03    |
| 0.90333 |    3.0672710012e-07    |    4.0829550284e+03    |    4.0095324259e+03    |
| 0.90444 |    3.0671064156e-07    |    4.0781990460e+03    |    4.0042483601e+03    |
| 0.90556 |    3.0669447898e-07    |    4.0734689551e+03    |    3.9989821737e+03    |
| 0.90667 |    3.0667860951e-07    |    4.0687648899e+03    |    3.9937338201e+03    |
| 0.90778 |    3.0666303029e-07    |    4.0640869874e+03    |    3.9885032504e+03    |
| 0.90889 |    3.0664773844e-07    |    4.0594353871e+03    |    3.9832904131e+03    |
| 0.91000 |    3.0663273109e-07    |    4.0548102320e+03    |    3.9780952542e+03    |
| 0.91111 |    3.0661800538e-07    |    4.0502116686e+03    |    3.9729177175e+03    |
| 0.91222 |    3.0660355843e-07    |    4.0456398468e+03    |    3.9677577443e+03    |
| 0.91333 |    3.0658938737e-07    |    4.0410949210e+03    |    3.9626152739e+03    |
| 0.91444 |    3.0657548932e-07    |    4.0365770497e+03    |    3.9574902435e+03    |
| 0.91556 |    3.0656186140e-07    |    4.0320863964e+03    |    3.9523825880e+03    |
| 0.91667 |    3.0654850074e-07    |    4.0276231295e+03    |    3.9472922407e+03    |
| 0.91778 |    3.0653540446e-07    |    4.0231874229e+03    |    3.9422191327e+03    |
| 0.91889 |    3.0652256968e-07    |    4.0187794564e+03    |    3.9371631934e+03    |
| 0.92000 |    3.0650999352e-07    |    4.0143994161e+03    |    3.9321243505e+03    |
| 0.92111 |    3.0649767311e-07    |    4.0100474946e+03    |    3.9271025301e+03    |
| 0.92222 |    3.0648560556e-07    |    4.0057238915e+03    |    3.9220976564e+03    |
| 0.92333 |    3.0647378800e-07    |    4.0014288141e+03    |    3.9171096523e+03    |
| 0.92444 |    3.0646221755e-07    |    3.9971624776e+03    |    3.9121384394e+03    |
| 0.92556 |    3.0645089134e-07    |    3.9929251054e+03    |    3.9071839375e+03    |
| 0.92667 |    3.0643980649e-07    |    3.9887169300e+03    |    3.9022460654e+03    |
| 0.92778 |    3.0642896013e-07    |    3.9845381934e+03    |    3.8973247406e+03    |
| 0.92889 |    3.0641834938e-07    |    3.9803891474e+03    |    3.8924198794e+03    |
| 0.93000 |    3.0640797137e-07    |    3.9762700544e+03    |    3.8875313968e+03    |
| 0.93111 |    3.0639782323e-07    |    3.9721811879e+03    |    3.8826592070e+03    |
| 0.93222 |    3.0638790210e-07    |    3.9681228330e+03    |    3.8778032230e+03    |
| 0.93333 |    3.0637820511e-07    |    3.9640952873e+03    |    3.8729633571e+03    |
| 0.93444 |    3.0636872941e-07    |    3.9600988613e+03    |    3.8681395204e+03    |
| 0.93556 |    3.0635947212e-07    |    3.9561338795e+03    |    3.8633316235e+03    |
| 0.93667 |    3.0635043039e-07    |    3.9522006804e+03    |    3.8585395760e+03    |
| 0.93778 |    3.0634160138e-07    |    3.9482996182e+03    |    3.8537632869e+03    |
| 0.93889 |    3.0633298222e-07    |    3.9444310628e+03    |    3.8490026646e+03    |
| 0.94000 |    3.0632457008e-07    |    3.9405954011e+03    |    3.8442576166e+03    |
| 0.94111 |    3.0631636210e-07    |    3.9367930378e+03    |    3.8395280503e+03    |
| 0.94222 |    3.0630835546e-07    |    3.9330243964e+03    |    3.8348138721e+03    |
| 0.94333 |    3.0630054732e-07    |    3.9292899200e+03    |    3.8301149884e+03    |
| 0.94444 |    3.0629293485e-07    |    3.9255900725e+03    |    3.8254313049e+03    |
| 0.94556 |    3.0628551522e-07    |    3.9219253397e+03    |    3.8207627268e+03    |
| 0.94667 |    3.0627828561e-07    |    3.9182962305e+03    |    3.8161091594e+03    |
| 0.94778 |    3.0627124322e-07    |    3.9147032782e+03    |    3.8114705074e+03    |
| 0.94889 |    3.0626438523e-07    |    3.9111470415e+03    |    3.8068466752e+03    |
| 0.95000 |    3.0625770884e-07    |    3.9076281061e+03    |    3.8022375671e+03    |
| 0.95111 |    3.0625121126e-07    |    3.9041470864e+03    |    3.7976430874e+03    |
| 0.95222 |    3.0624488969e-07    |    3.9007046267e+03    |    3.7930631398e+03    |
| 0.95333 |    3.0623874135e-07    |    3.8973014029e+03    |    3.7884976284e+03    |
| 0.95444 |    3.0623276348e-07    |    3.8939381245e+03    |    3.7839464568e+03    |
| 0.95556 |    3.0622695329e-07    |    3.8906155364e+03    |    3.7794095288e+03    |
| 0.95667 |    3.0622130803e-07    |    3.8873344208e+03    |    3.7748867481e+03    |
| 0.95778 |    3.0621582494e-07    |    3.8840955992e+03    |    3.7703780184e+03    |
| 0.95889 |    3.0621050129e-07    |    3.8808999351e+03    |    3.7658832434e+03    |
| 0.96000 |    3.0620533433e-07    |    3.8777483361e+03    |    3.7614023269e+03    |
| 0.96111 |    3.0620032134e-07    |    3.8746417565e+03    |    3.7569351729e+03    |
| 0.96222 |    3.0619545961e-07    |    3.8715812004e+03    |    3.7524816853e+03    |
| 0.96333 |    3.0619074642e-07    |    3.8685677241e+03    |    3.7480417682e+03    |
| 0.96444 |    3.0618617907e-07    |    3.8656024399e+03    |    3.7436153259e+03    |
| 0.96556 |    3.0618175488e-07    |    3.8626865191e+03    |    3.7392022628e+03    |
| 0.96667 |    3.0617747117e-07    |    3.8598211956e+03    |    3.7348024836e+03    |
| 0.96778 |    3.0617332528e-07    |    3.8570077704e+03    |    3.7304158931e+03    |
| 0.96889 |    3.0616931455e-07    |    3.8542476154e+03    |    3.7260423963e+03    |
| 0.97000 |    3.0616543633e-07    |    3.8515421780e+03    |    3.7216818987e+03    |
| 0.97111 |    3.0616168799e-07    |    3.8488929856e+03    |    3.7173343056e+03    |
| 0.97222 |    3.0615806692e-07    |    3.8463016521e+03    |    3.7129995231e+03    |
| 0.97333 |    3.0615457051e-07    |    3.8437698822e+03    |    3.7086774571e+03    |
| 0.97444 |    3.0615119616e-07    |    3.8412994787e+03    |    3.7043680142e+03    |
| 0.97556 |    3.0614794129e-07    |    3.8388923486e+03    |    3.7000711011e+03    |
| 0.97667 |    3.0614480334e-07    |    3.8365505103e+03    |    3.6957866249e+03    |
| 0.97778 |    3.0614177976e-07    |    3.8342761018e+03    |    3.6915144931e+03    |
| 0.97889 |    3.0613886801e-07    |    3.8320713892e+03    |    3.6872546134e+03    |
| 0.98000 |    3.0613606556e-07    |    3.8299387756e+03    |    3.6830068941e+03    |
| 0.98111 |    3.0613336991e-07    |    3.8278808116e+03    |    3.6787712437e+03    |
| 0.98222 |    3.0613077856e-07    |    3.8259002060e+03    |    3.6745475712e+03    |
| 0.98333 |    3.0612828905e-07    |    3.8239998381e+03    |    3.6703357860e+03    |
| 0.98444 |    3.0612589891e-07    |    3.8221827704e+03    |    3.6661357979e+03    |
| 0.98556 |    3.0612360570e-07    |    3.8204522633e+03    |    3.6619475172e+03    |
| 0.98667 |    3.0612140700e-07    |    3.8188117909e+03    |    3.6577708546e+03    |
| 0.98778 |    3.0611930040e-07    |    3.8172650576e+03    |    3.6536057213e+03    |
| 0.98889 |    3.0611728351e-07    |    3.8158160174e+03    |    3.6494520289e+03    |
| 0.99000 |    3.0611535397e-07    |    3.8144688947e+03    |    3.6453096895e+03    |
| 0.99111 |    3.0611350942e-07    |    3.8132282073e+03    |    3.6411786159e+03    |
| 0.99222 |    3.0611174754e-07    |    3.8120987915e+03    |    3.6370587212e+03    |
| 0.99333 |    3.0611006601e-07    |    3.8110858301e+03    |    3.6329499191e+03    |
| 0.99444 |    3.0610846255e-07    |    3.8101948834e+03    |    3.6288521239e+03    |
| 0.99556 |    3.0610693488e-07    |    3.8094319233e+03    |    3.6247652503e+03    |
| 0.99667 |    3.0610548077e-07    |    3.8088033717e+03    |    3.6206892138e+03    |
| 0.99778 |    3.0610409799e-07    |    3.8083161432e+03    |    3.6166239303e+03    |
| 0.99889 |    3.0610278433e-07    |    3.8079776919e+03    |    3.6125693163e+03    |
| 1.00000 |    3.0610153762e-07    |    3.8044173735e+03    |    3.6085252890e+03    |
--------------------------------------------------------------------------------------