Число узлов n = 11
--------------------------------------------------------------------------------------
|    x    |          u(z)          |          f(z)          |     f(z) integral      |
--------------------------------------------------------------------------------------
| 0.00000 |    4.0751928288e-07    |    0.0000000000e+00    |    0.0000000000e+00    |
| 0.10000 |    4.0504826881e-07    |    1.2308361061e+03    |    1.1597091753e+03    |
| 0.20000 |    3.9869034508e-07    |    2.3317340382e+03    |    2.3106982450e+03    |
| 0.30000 |    3.8838260034e-07    |    3.4080128392e+03    |    3.4126995223e+03    |
| 0.40000 |    3.7471065105e-07    |    4.3332366221e+03    |    4.3696084387e+03    |
| 0.50000 |    3.5916361425e-07    |    5.0734225772e+03    |    5.0314819057e+03    |
| 0.60000 |    3.4350126799e-07    |    5.9455642267e+03    |    5.2531314177e+03    |
| 0.70000 |    3.2844535150e-07    |    7.0673886112e+03    |    5.0130215883e+03    |
| 0.80000 |    3.1676011550e-07    |    8.4676787572e+03    |    4.4952310107e+03    |
| 0.90000 |    3.0998195297e-07    |    1.1988923440e+04    |    3.9681950783e+03    |
| 1.00000 |    3.0753407888e-07    |    9.8508117441e+03    |    3.5546074630e+03    |
--------------------------------------------------------------------------------------