Число узлов n = 1001
--------------------------------------------------------------------------------------
|    x    |          u(z)          |          f(z)          |     f(z) integral      |
--------------------------------------------------------------------------------------
| 0.00000 |    3.9220765613e-07    |    0.0000000000e+00    |    0.0000000000e+00    |
| 0.00100 |    3.9220740887e-07    |    1.2377815977e+01    |    1.1674309456e+01    |
| 0.00200 |    3.9220676804e-07    |    2.3630024279e+01    |    2.3348622359e+01    |
| 0.00300 |    3.9220571345e-07    |    3.5203842586e+01    |    3.5022942081e+01    |
| 0.00400 |    3.9220424222e-07    |    4.6831271581e+01    |    4.6697271966e+01    |
| 0.00500 |    3.9220235338e-07    |    5.8478205190e+01    |    5.8371615363e+01    |
| 0.00600 |    3.9220004650e-07    |    7.0134526370e+01    |    7.0045975612e+01    |
| 0.00700 |    3.9219732134e-07    |    8.1796115331e+01    |    8.1720356041e+01    |
| 0.00800 |    3.9219417776e-07    |    9.3460968943e+01    |    9.3394759957e+01    |
| 0.00900 |    3.9219061566e-07    |    1.0512799386e+02    |    1.0506919065e+02    |
| 0.01000 |    3.9218663499e-07    |    1.1679654232e+02    |    1.1674365137e+02    |
| 0.01100 |    3.9218223569e-07    |    1.2846620629e+02    |    1.2841814536e+02    |
| 0.01200 |    3.9217741774e-07    |    1.4013671626e+02    |    1.4009267582e+02    |
| 0.01300 |    3.9217218110e-07    |    1.5180788730e+02    |    1.5176724590e+02    |
| 0.01400 |    3.9216652576e-07    |    1.6347958861e+02    |    1.6344185874e+02    |
| 0.01500 |    3.9216045170e-07    |    1.7515172529e+02    |    1.7511651742e+02    |
| 0.01600 |    3.9215395890e-07    |    1.8682422701e+02    |    1.8679122497e+02    |
| 0.01700 |    3.9214704735e-07    |    1.9849704075e+02    |    1.9846598438e+02    |
| 0.01800 |    3.9213971705e-07    |    2.1017012595e+02    |    2.1014079858e+02    |
| 0.01900 |    3.9213196798e-07    |    2.2184345116e+02    |    2.2181567047e+02    |
| 0.02000 |    3.9212380013e-07    |    2.3351699179e+02    |    2.3349060286e+02    |
| 0.02100 |    3.9211521350e-07    |    2.4519072841e+02    |    2.4516559851e+02    |
| 0.02200 |    3.9210620809e-07    |    2.5686464557e+02    |    2.5684066012e+02    |
| 0.02300 |    3.9209678388e-07    |    2.6853873093e+02    |    2.6851579031e+02    |
| 0.02400 |    3.9208694086e-07    |    2.8021297456e+02    |    2.8019099165e+02    |
| 0.02500 |    3.9207667905e-07    |    2.9188736847e+02    |    2.9186626661e+02    |
| 0.02600 |    3.9206599842e-07    |    3.0356190620e+02    |    3.0354161759e+02    |
| 0.02700 |    3.9205489898e-07    |    3.1523658252e+02    |    3.1521704691e+02    |
| 0.02800 |    3.9204338072e-07    |    3.2691139322e+02    |    3.2689255682e+02    |
| 0.02900 |    3.9203144363e-07    |    3.3858633485e+02    |    3.3856814946e+02    |
| 0.03000 |    3.9201908772e-07    |    3.5026140467e+02    |    3.5024382689e+02    |
| 0.03100 |    3.9200631297e-07    |    3.6193660041e+02    |    3.6191959108e+02    |
| 0.03200 |    3.9199311939e-07    |    3.7361192027e+02    |    3.7359544388e+02    |
| 0.03300 |    3.9197950697e-07    |    3.8528736278e+02    |    3.8527138707e+02    |
| 0.03400 |    3.9196547570e-07    |    3.9696292675e+02    |    3.9694742230e+02    |
| 0.03500 |    3.9195102559e-07    |    4.0863861121e+02    |    4.0862355112e+02    |
| 0.03600 |    3.9193615662e-07    |    4.2031441535e+02    |    4.2029977499e+02    |
| 0.03700 |    3.9192086880e-07    |    4.3199033852e+02    |    4.3197609523e+02    |
| 0.03800 |    3.9190516213e-07    |    4.4366638011e+02    |    4.4365251305e+02    |
| 0.03900 |    3.9188903659e-07    |    4.5534253962e+02    |    4.5532902954e+02    |
| 0.04000 |    3.9187249219e-07    |    4.6701881658e+02    |    4.6700564567e+02    |
| 0.04100 |    3.9185552893e-07    |    4.7869521051e+02    |    4.7868236227e+02    |
| 0.04200 |    3.9183814679e-07    |    4.9037172094e+02    |    4.9035918007e+02    |
| 0.04300 |    3.9182034578e-07    |    5.0204834738e+02    |    5.0203609964e+02    |
| 0.04400 |    3.9180212590e-07    |    5.1372508930e+02    |    5.1371312141e+02    |
| 0.04500 |    3.9178348714e-07    |    5.2540194612e+02    |    5.2539024569e+02    |
| 0.04600 |    3.9176442950e-07    |    5.3707891717e+02    |    5.3706747263e+02    |
| 0.04700 |    3.9174495298e-07    |    5.4875600172e+02    |    5.4874480225e+02    |
| 0.04800 |    3.9172505758e-07    |    5.6043319896e+02    |    5.6042223440e+02    |
| 0.04900 |    3.9170474329e-07    |    5.7211050798e+02    |    5.7209976880e+02    |
| 0.05000 |    3.9168401011e-07    |    5.8378792774e+02    |    5.8377740499e+02    |
| 0.05100 |    3.9166285804e-07    |    5.9546545712e+02    |    5.9545514236e+02    |
| 0.05200 |    3.9164128708e-07    |    6.0714309486e+02    |    6.0713298015e+02    |
| 0.05300 |    3.9161929724e-07    |    6.1882083956e+02    |    6.1881091742e+02    |
| 0.05400 |    3.9159688849e-07    |    6.3049868969e+02    |    6.3048895306e+02    |
| 0.05500 |    3.9157406086e-07    |    6.4217664360e+02    |    6.4216708579e+02    |
| 0.05600 |    3.9155081433e-07    |    6.5385469948e+02    |    6.5384531416e+02    |
| 0.05700 |    3.9152714891e-07    |    6.6553285534e+02    |    6.6552363653e+02    |
| 0.05800 |    3.9150306460e-07    |    6.7721110907e+02    |    6.7720205109e+02    |
| 0.05900 |    3.9147856139e-07    |    6.8888945837e+02    |    6.8888055584e+02    |
| 0.06000 |    3.9145363929e-07    |    7.0056790078e+02    |    7.0055914858e+02    |
| 0.06100 |    3.9142829830e-07    |    7.1224643367e+02    |    7.1223782694e+02    |
| 0.06200 |    3.9140253842e-07    |    7.2392505421e+02    |    7.2391658833e+02    |
| 0.06300 |    3.9137635965e-07    |    7.3560375941e+02    |    7.3559542998e+02    |
| 0.06400 |    3.9134976199e-07    |    7.4728254609e+02    |    7.4727434891e+02    |
| 0.06500 |    3.9132274545e-07    |    7.5896141086e+02    |    7.5895334194e+02    |
| 0.06600 |    3.9129531003e-07    |    7.7064035016e+02    |    7.7063240568e+02    |
| 0.06700 |    3.9126745573e-07    |    7.8231936019e+02    |    7.8231153651e+02    |
| 0.06800 |    3.9123918255e-07    |    7.9399843699e+02    |    7.9399073063e+02    |
| 0.06900 |    3.9121049050e-07    |    8.0567757636e+02    |    8.0566998400e+02    |
| 0.07000 |    3.9118137959e-07    |    8.1735677391e+02    |    8.1734929235e+02    |
| 0.07100 |    3.9115184981e-07    |    8.2903602500e+02    |    8.2902865121e+02    |
| 0.07200 |    3.9112190117e-07    |    8.4071532481e+02    |    8.4070805587e+02    |
| 0.07300 |    3.9109153368e-07    |    8.5239466826e+02    |    8.5238750138e+02    |
| 0.07400 |    3.9106074735e-07    |    8.6407405008e+02    |    8.6406698257e+02    |
| 0.07500 |    3.9102954218e-07    |    8.7575346473e+02    |    8.7574649403e+02    |
| 0.07600 |    3.9099791818e-07    |    8.8743290645e+02    |    8.8742603009e+02    |
| 0.07700 |    3.9096587535e-07    |    8.9911236926e+02    |    8.9910558487e+02    |
| 0.07800 |    3.9093341371e-07    |    9.1079184691e+02    |    9.1078515221e+02    |
| 0.07900 |    3.9090053326e-07    |    9.2247133292e+02    |    9.2246472572e+02    |
| 0.08000 |    3.9086723402e-07    |    9.3415082054e+02    |    9.3414429875e+02    |
| 0.08100 |    3.9083351599e-07    |    9.4583030281e+02    |    9.4582386439e+02    |
| 0.08200 |    3.9079937918e-07    |    9.5750977246e+02    |    9.5750341547e+02    |
| 0.08300 |    3.9076482361e-07    |    9.6918922200e+02    |    9.6918294456e+02    |
| 0.08400 |    3.9072984929e-07    |    9.8086864365e+02    |    9.8086244396e+02    |
| 0.08500 |    3.9069445622e-07    |    9.9254802939e+02    |    9.9254190571e+02    |
| 0.08600 |    3.9065864443e-07    |    1.0042273709e+03    |    1.0042213216e+03    |
| 0.08700 |    3.9062241393e-07    |    1.0159066596e+03    |    1.0159006830e+03    |
| 0.08800 |    3.9058576474e-07    |    1.0275858867e+03    |    1.0275799812e+03    |
| 0.08900 |    3.9054869686e-07    |    1.0392650430e+03    |    1.0392592071e+03    |
| 0.09000 |    3.9051121032e-07    |    1.0509441190e+03    |    1.0509383513e+03    |
| 0.09100 |    3.9047330513e-07    |    1.0626231052e+03    |    1.0626174043e+03    |
| 0.09200 |    3.9043498132e-07    |    1.0743019914e+03    |    1.0742963559e+03    |
| 0.09300 |    3.9039623889e-07    |    1.0859807674e+03    |    1.0859751960e+03    |
| 0.09400 |    3.9035707788e-07    |    1.0976594227e+03    |    1.0976539141e+03    |
| 0.09500 |    3.9031749830e-07    |    1.1093379462e+03    |    1.1093324992e+03    |
| 0.09600 |    3.9027750017e-07    |    1.1210163269e+03    |    1.1210109403e+03    |
| 0.09700 |    3.9023708352e-07    |    1.1326945531e+03    |    1.1326892259e+03    |
| 0.09800 |    3.9019624837e-07    |    1.1443726132e+03    |    1.1443673441e+03    |
| 0.09900 |    3.9015499474e-07    |    1.1560504949e+03    |    1.1560452829e+03    |
| 0.10000 |    3.9011332267e-07    |    1.1677281859e+03    |    1.1677230300e+03    |
| 0.10100 |    3.9007123217e-07    |    1.1794056734e+03    |    1.1794005725e+03    |
| 0.10200 |    3.9002872328e-07    |    1.1910829442e+03    |    1.1910778974e+03    |
| 0.10300 |    3.8998579603e-07    |    1.2027599850e+03    |    1.2027549913e+03    |
| 0.10400 |    3.8994245044e-07    |    1.2144367821e+03    |    1.2144318405e+03    |
| 0.10500 |    3.8989868654e-07    |    1.2261133212e+03    |    1.2261084310e+03    |
| 0.10600 |    3.8985450438e-07    |    1.2377895881e+03    |    1.2377847483e+03    |
| 0.10700 |    3.8980990398e-07    |    1.2494655680e+03    |    1.2494607778e+03    |
| 0.10800 |    3.8976488537e-07    |    1.2611412458e+03    |    1.2611365044e+03    |
| 0.10900 |    3.8971944860e-07    |    1.2728166060e+03    |    1.2728119126e+03    |
| 0.11000 |    3.8967359370e-07    |    1.2844916328e+03    |    1.2844869866e+03    |
| 0.11100 |    3.8962732071e-07    |    1.2961663101e+03    |    1.2961617104e+03    |
| 0.11200 |    3.8958062967e-07    |    1.3078406214e+03    |    1.3078360675e+03    |
| 0.11300 |    3.8953352062e-07    |    1.3195145498e+03    |    1.3195100410e+03    |
| 0.11400 |    3.8948599360e-07    |    1.3311880781e+03    |    1.3311836137e+03    |
| 0.11500 |    3.8943804866e-07    |    1.3428611886e+03    |    1.3428567680e+03    |
| 0.11600 |    3.8938968584e-07    |    1.3545338636e+03    |    1.3545294860e+03    |
| 0.11700 |    3.8934090519e-07    |    1.3662060845e+03    |    1.3662017494e+03    |
| 0.11800 |    3.8929170676e-07    |    1.3778778327e+03    |    1.3778735395e+03    |
| 0.11900 |    3.8924209060e-07    |    1.3895490891e+03    |    1.3895448372e+03    |
| 0.12000 |    3.8919205676e-07    |    1.4012198342e+03    |    1.4012156230e+03    |
| 0.12100 |    3.8914160529e-07    |    1.4128900482e+03    |    1.4128858772e+03    |
| 0.12200 |    3.8909073624e-07    |    1.4245597108e+03    |    1.4245555794e+03    |
| 0.12300 |    3.8903944968e-07    |    1.4362288013e+03    |    1.4362247091e+03    |
| 0.12400 |    3.8898774566e-07    |    1.4478972989e+03    |    1.4478932453e+03    |
| 0.12500 |    3.8893562424e-07    |    1.4595651820e+03    |    1.4595611664e+03    |
| 0.12600 |    3.8888308549e-07    |    1.4712324287e+03    |    1.4712284508e+03    |
| 0.12700 |    3.8883012945e-07    |    1.4828990169e+03    |    1.4828950762e+03    |
| 0.12800 |    3.8877675621e-07    |    1.4945649240e+03    |    1.4945610199e+03    |
| 0.12900 |    3.8872296582e-07    |    1.5062301268e+03    |    1.5062262590e+03    |
| 0.13000 |    3.8866875835e-07    |    1.5178946019e+03    |    1.5178907699e+03    |
| 0.13100 |    3.8861413388e-07    |    1.5295583254e+03    |    1.5295545288e+03    |
| 0.13200 |    3.8855909248e-07    |    1.5412212730e+03    |    1.5412175114e+03    |
| 0.13300 |    3.8850363421e-07    |    1.5528834200e+03    |    1.5528796930e+03    |
| 0.13400 |    3.8844775916e-07    |    1.5645447412e+03    |    1.5645410484e+03    |
| 0.13500 |    3.8839146741e-07    |    1.5762052111e+03    |    1.5762015521e+03    |
| 0.13600 |    3.8833475902e-07    |    1.5878648036e+03    |    1.5878611781e+03    |
| 0.13700 |    3.8827763410e-07    |    1.5995234923e+03    |    1.5995198999e+03    |
| 0.13800 |    3.8822009271e-07    |    1.6111812502e+03    |    1.6111776906e+03    |
| 0.13900 |    3.8816213494e-07    |    1.6228380502e+03    |    1.6228345230e+03    |
| 0.14000 |    3.8810376089e-07    |    1.6344938643e+03    |    1.6344903692e+03    |
| 0.14100 |    3.8804497065e-07    |    1.6461486644e+03    |    1.6461452011e+03    |
| 0.14200 |    3.8798576430e-07    |    1.6578024218e+03    |    1.6577989899e+03    |
| 0.14300 |    3.8792614194e-07    |    1.6694551073e+03    |    1.6694517066e+03    |
| 0.14400 |    3.8786610367e-07    |    1.6811066914e+03    |    1.6811033216e+03    |
| 0.14500 |    3.8780564958e-07    |    1.6927571440e+03    |    1.6927538048e+03    |
| 0.14600 |    3.8774477979e-07    |    1.7044064346e+03    |    1.7044031257e+03    |
| 0.14700 |    3.8768349438e-07    |    1.7160545323e+03    |    1.7160512534e+03    |
| 0.14800 |    3.8762179348e-07    |    1.7277014056e+03    |    1.7276981565e+03    |
| 0.14900 |    3.8755967718e-07    |    1.7393470225e+03    |    1.7393438030e+03    |
| 0.15000 |    3.8749714561e-07    |    1.7509913508e+03    |    1.7509881605e+03    |
| 0.15100 |    3.8743419886e-07    |    1.7626343574e+03    |    1.7626311961e+03    |
| 0.15200 |    3.8737083707e-07    |    1.7742760091e+03    |    1.7742728766e+03    |
| 0.15300 |    3.8730706034e-07    |    1.7859162720e+03    |    1.7859131681e+03    |
| 0.15400 |    3.8724286881e-07    |    1.7975551118e+03    |    1.7975520363e+03    |
| 0.15500 |    3.8717826258e-07    |    1.8091924937e+03    |    1.8091894463e+03    |
| 0.15600 |    3.8711324180e-07    |    1.8208283824e+03    |    1.8208253629e+03    |
| 0.15700 |    3.8704780659e-07    |    1.8324627421e+03    |    1.8324597502e+03    |
| 0.15800 |    3.8698195708e-07    |    1.8440955364e+03    |    1.8440925720e+03    |
| 0.15900 |    3.8691569341e-07    |    1.8557267286e+03    |    1.8557237915e+03    |
| 0.16000 |    3.8684901571e-07    |    1.8673562813e+03    |    1.8673533714e+03    |
| 0.16100 |    3.8678192412e-07    |    1.8789841567e+03    |    1.8789812738e+03    |
| 0.16200 |    3.8671441880e-07    |    1.8906103166e+03    |    1.8906074604e+03    |
| 0.16300 |    3.8664649988e-07    |    1.9022347220e+03    |    1.9022318924e+03    |
| 0.16400 |    3.8657816752e-07    |    1.9138573336e+03    |    1.9138545304e+03    |
| 0.16500 |    3.8650942186e-07    |    1.9254781115e+03    |    1.9254753346e+03    |
| 0.16600 |    3.8644026307e-07    |    1.9370970153e+03    |    1.9370942645e+03    |
| 0.16700 |    3.8637069130e-07    |    1.9487140042e+03    |    1.9487112792e+03    |
| 0.16800 |    3.8630070672e-07    |    1.9603290365e+03    |    1.9603263374e+03    |
| 0.16900 |    3.8623030948e-07    |    1.9719420704e+03    |    1.9719393969e+03    |
| 0.17000 |    3.8615949975e-07    |    1.9835530633e+03    |    1.9835504153e+03    |
| 0.17100 |    3.8608827772e-07    |    1.9951619721e+03    |    1.9951593495e+03    |
| 0.17200 |    3.8601664355e-07    |    2.0067687533e+03    |    2.0067661560e+03    |
| 0.17300 |    3.8594459741e-07    |    2.0183733628e+03    |    2.0183707905e+03    |
| 0.17400 |    3.8587213950e-07    |    2.0299757557e+03    |    2.0299732085e+03    |
| 0.17500 |    3.8579926999e-07    |    2.0415758870e+03    |    2.0415733647e+03    |
| 0.17600 |    3.8572598908e-07    |    2.0531737108e+03    |    2.0531712132e+03    |
| 0.17700 |    3.8565229695e-07    |    2.0647691808e+03    |    2.0647667078e+03    |
| 0.17800 |    3.8557819380e-07    |    2.0763622500e+03    |    2.0763598016e+03    |
| 0.17900 |    3.8550367984e-07    |    2.0879528711e+03    |    2.0879504471e+03    |
| 0.18000 |    3.8542875525e-07    |    2.0995409960e+03    |    2.0995385963e+03    |
| 0.18100 |    3.8535342024e-07    |    2.1111265762e+03    |    2.1111242007e+03    |
| 0.18200 |    3.8527767504e-07    |    2.1227095624e+03    |    2.1227072111e+03    |
| 0.18300 |    3.8520151984e-07    |    2.1342899050e+03    |    2.1342875778e+03    |
| 0.18400 |    3.8512495486e-07    |    2.1458675537e+03    |    2.1458652504e+03    |
| 0.18500 |    3.8504798034e-07    |    2.1574424577e+03    |    2.1574401783e+03    |
| 0.18600 |    3.8497059648e-07    |    2.1690145654e+03    |    2.1690123098e+03    |
| 0.18700 |    3.8489280352e-07    |    2.1805838249e+03    |    2.1805815930e+03    |
| 0.18800 |    3.8481460170e-07    |    2.1921501836e+03    |    2.1921479753e+03    |
| 0.18900 |    3.8473599124e-07    |    2.2037135882e+03    |    2.2037114035e+03    |
| 0.19000 |    3.8465697239e-07    |    2.2152739850e+03    |    2.2152718238e+03    |
| 0.19100 |    3.8457754539e-07    |    2.2268313197e+03    |    2.2268291820e+03    |
| 0.19200 |    3.8449771049e-07    |    2.2383855373e+03    |    2.2383834229e+03    |
| 0.19300 |    3.8441746794e-07    |    2.2499365821e+03    |    2.2499344910e+03    |
| 0.19400 |    3.8433681800e-07    |    2.2614843982e+03    |    2.2614823303e+03    |
| 0.19500 |    3.8425576093e-07    |    2.2730289286e+03    |    2.2730268839e+03    |
| 0.19600 |    3.8417429699e-07    |    2.2845701161e+03    |    2.2845680946e+03    |
| 0.19700 |    3.8409242646e-07    |    2.2961079027e+03    |    2.2961059042e+03    |
| 0.19800 |    3.8401014961e-07    |    2.3076422297e+03    |    2.3076402544e+03    |
| 0.19900 |    3.8392746671e-07    |    2.3191730382e+03    |    2.3191710858e+03    |
| 0.20000 |    3.8384437805e-07    |    2.3307002681e+03    |    2.3306983387e+03    |
| 0.20100 |    3.8376088391e-07    |    2.3422238593e+03    |    2.3422219527e+03    |
| 0.20200 |    3.8367698459e-07    |    2.3537437505e+03    |    2.3537418668e+03    |
| 0.20300 |    3.8359268038e-07    |    2.3652598801e+03    |    2.3652580193e+03    |
| 0.20400 |    3.8350797158e-07    |    2.3767721860e+03    |    2.3767703480e+03    |
| 0.20500 |    3.8342285851e-07    |    2.3882806052e+03    |    2.3882787899e+03    |
| 0.20600 |    3.8333734146e-07    |    2.3997850741e+03    |    2.3997832816e+03    |
| 0.20700 |    3.8325142075e-07    |    2.4112855287e+03    |    2.4112837589e+03    |
| 0.20800 |    3.8316509670e-07    |    2.4227819041e+03    |    2.4227801570e+03    |
| 0.20900 |    3.8307836964e-07    |    2.4342741349e+03    |    2.4342724106e+03    |
| 0.21000 |    3.8299123989e-07    |    2.4457621552e+03    |    2.4457604534e+03    |
| 0.21100 |    3.8290370779e-07    |    2.4572458981e+03    |    2.4572442190e+03    |
| 0.21200 |    3.8281577368e-07    |    2.4687252964e+03    |    2.4687236400e+03    |
| 0.21300 |    3.8272743790e-07    |    2.4802002822e+03    |    2.4801986483e+03    |
| 0.21400 |    3.8263870080e-07    |    2.4916707867e+03    |    2.4916691754e+03    |
| 0.21500 |    3.8254956274e-07    |    2.5031367407e+03    |    2.5031351520e+03    |
| 0.21600 |    3.8246002407e-07    |    2.5145980744e+03    |    2.5145965082e+03    |
| 0.21700 |    3.8237008515e-07    |    2.5260547171e+03    |    2.5260531735e+03    |
| 0.21800 |    3.8227974637e-07    |    2.5375065977e+03    |    2.5375050766e+03    |
| 0.21900 |    3.8218900808e-07    |    2.5489536442e+03    |    2.5489521458e+03    |
| 0.22000 |    3.8209787068e-07    |    2.5603957842e+03    |    2.5603943083e+03    |
| 0.22100 |    3.8200633454e-07    |    2.5718329445e+03    |    2.5718314912e+03    |
| 0.22200 |    3.8191440007e-07    |    2.5832650513e+03    |    2.5832636205e+03    |
| 0.22300 |    3.8182206764e-07    |    2.5946920300e+03    |    2.5946906217e+03    |
| 0.22400 |    3.8172933768e-07    |    2.6061138054e+03    |    2.6061124198e+03    |
| 0.22500 |    3.8163621058e-07    |    2.6175303018e+03    |    2.6175289387e+03    |
| 0.22600 |    3.8154268675e-07    |    2.6289414427e+03    |    2.6289401022e+03    |
| 0.22700 |    3.8144876662e-07    |    2.6403471508e+03    |    2.6403458328e+03    |
| 0.22800 |    3.8135445061e-07    |    2.6517473483e+03    |    2.6517460530e+03    |
| 0.22900 |    3.8125973914e-07    |    2.6631419567e+03    |    2.6631406840e+03    |
| 0.23000 |    3.8116463267e-07    |    2.6745308969e+03    |    2.6745296468e+03    |
| 0.23100 |    3.8106913162e-07    |    2.6859140889e+03    |    2.6859128615e+03    |
| 0.23200 |    3.8097323644e-07    |    2.6972914522e+03    |    2.6972902474e+03    |
| 0.23300 |    3.8087694759e-07    |    2.7086629056e+03    |    2.7086617235e+03    |
| 0.23400 |    3.8078026553e-07    |    2.7200283672e+03    |    2.7200272078e+03    |
| 0.23500 |    3.8068319072e-07    |    2.7313877544e+03    |    2.7313866177e+03    |
| 0.23600 |    3.8058572363e-07    |    2.7427409838e+03    |    2.7427398699e+03    |
| 0.23700 |    3.8048786474e-07    |    2.7540879717e+03    |    2.7540868805e+03    |
| 0.23800 |    3.8038961454e-07    |    2.7654286332e+03    |    2.7654275649e+03    |
| 0.23900 |    3.8029097351e-07    |    2.7767628831e+03    |    2.7767618376e+03    |
| 0.24000 |    3.8019194215e-07    |    2.7880906354e+03    |    2.7880896127e+03    |
| 0.24100 |    3.8009252096e-07    |    2.7994118033e+03    |    2.7994108035e+03    |
| 0.24200 |    3.7999271046e-07    |    2.8107262994e+03    |    2.8107253225e+03    |
| 0.24300 |    3.7989251115e-07    |    2.8220340356e+03    |    2.8220330817e+03    |
| 0.24400 |    3.7979192356e-07    |    2.8333349232e+03    |    2.8333339922e+03    |
| 0.24500 |    3.7969094821e-07    |    2.8446288725e+03    |    2.8446279646e+03    |
| 0.24600 |    3.7958958564e-07    |    2.8559157935e+03    |    2.8559149086e+03    |
| 0.24700 |    3.7948783639e-07    |    2.8671955952e+03    |    2.8671947334e+03    |
| 0.24800 |    3.7938570101e-07    |    2.8784681860e+03    |    2.8784673473e+03    |
| 0.24900 |    3.7928318006e-07    |    2.8897334736e+03    |    2.8897326581e+03    |
| 0.25000 |    3.7918027409e-07    |    2.9009913651e+03    |    2.9009905728e+03    |
| 0.25100 |    3.7907698366e-07    |    2.9122417667e+03    |    2.9122409976e+03    |
| 0.25200 |    3.7897330937e-07    |    2.9234845840e+03    |    2.9234838382e+03    |
| 0.25300 |    3.7886925178e-07    |    2.9347197219e+03    |    2.9347189995e+03    |
| 0.25400 |    3.7876481149e-07    |    2.9459470845e+03    |    2.9459463855e+03    |
| 0.25500 |    3.7865998909e-07    |    2.9571665755e+03    |    2.9571658999e+03    |
| 0.25600 |    3.7855478518e-07    |    2.9683780974e+03    |    2.9683774453e+03    |
| 0.25700 |    3.7844920037e-07    |    2.9795815524e+03    |    2.9795809238e+03    |
| 0.25800 |    3.7834323528e-07    |    2.9907768417e+03    |    2.9907762367e+03    |
| 0.25900 |    3.7823689054e-07    |    3.0019638662e+03    |    3.0019632847e+03    |
| 0.26000 |    3.7813016676e-07    |    3.0131425255e+03    |    3.0131419678e+03    |
| 0.26100 |    3.7802306460e-07    |    3.0243127191e+03    |    3.0243121850e+03    |
| 0.26200 |    3.7791558469e-07    |    3.0354743453e+03    |    3.0354738350e+03    |
| 0.26300 |    3.7780772770e-07    |    3.0466273019e+03    |    3.0466268155e+03    |
| 0.26400 |    3.7769949427e-07    |    3.0577714860e+03    |    3.0577710235e+03    |
| 0.26500 |    3.7759088507e-07    |    3.0689067940e+03    |    3.0689063554e+03    |
| 0.26600 |    3.7748190079e-07    |    3.0800331215e+03    |    3.0800327069e+03    |
| 0.26700 |    3.7737254210e-07    |    3.0911503634e+03    |    3.0911499728e+03    |
| 0.26800 |    3.7726280969e-07    |    3.1022584139e+03    |    3.1022580475e+03    |
| 0.26900 |    3.7715270426e-07    |    3.1133571665e+03    |    3.1133568243e+03    |
| 0.27000 |    3.7704222652e-07    |    3.1244465140e+03    |    3.1244461960e+03    |
| 0.27100 |    3.7693137717e-07    |    3.1355263485e+03    |    3.1355260548e+03    |
| 0.27200 |    3.7682015694e-07    |    3.1465965612e+03    |    3.1465962919e+03    |
| 0.27300 |    3.7670856656e-07    |    3.1576570429e+03    |    3.1576567980e+03    |
| 0.27400 |    3.7659660676e-07    |    3.1687076834e+03    |    3.1687074629e+03    |
| 0.27500 |    3.7648427828e-07    |    3.1797483718e+03    |    3.1797481759e+03    |
| 0.27600 |    3.7637158189e-07    |    3.1907789968e+03    |    3.1907788255e+03    |
| 0.27700 |    3.7625851833e-07    |    3.2017994460e+03    |    3.2017992994e+03    |
| 0.27800 |    3.7614508838e-07    |    3.2128096064e+03    |    3.2128094845e+03    |
| 0.27900 |    3.7603129281e-07    |    3.2238093644e+03    |    3.2238092674e+03    |
| 0.28000 |    3.7591713241e-07    |    3.2347986056e+03    |    3.2347985334e+03    |
| 0.28100 |    3.7580260797e-07    |    3.2457772149e+03    |    3.2457771677e+03    |
| 0.28200 |    3.7568772028e-07    |    3.2567450764e+03    |    3.2567450542e+03    |
| 0.28300 |    3.7557247016e-07    |    3.2677020736e+03    |    3.2677020765e+03    |
| 0.28400 |    3.7545685843e-07    |    3.2786480892e+03    |    3.2786481173e+03    |
| 0.28500 |    3.7534088590e-07    |    3.2895830053e+03    |    3.2895830586e+03    |
| 0.28600 |    3.7522455342e-07    |    3.3005067032e+03    |    3.3005067818e+03    |
| 0.28700 |    3.7510786182e-07    |    3.3114190634e+03    |    3.3114191674e+03    |
| 0.28800 |    3.7499081196e-07    |    3.3223199658e+03    |    3.3223200953e+03    |
| 0.28900 |    3.7487340469e-07    |    3.3332092897e+03    |    3.3332094446e+03    |
| 0.29000 |    3.7475564089e-07    |    3.3440869134e+03    |    3.3440870939e+03    |
| 0.29100 |    3.7463752142e-07    |    3.3549527146e+03    |    3.3549529209e+03    |
| 0.29200 |    3.7451904718e-07    |    3.3658065705e+03    |    3.3658068026e+03    |
| 0.29300 |    3.7440021905e-07    |    3.3766483574e+03    |    3.3766486152e+03    |
| 0.29400 |    3.7428103794e-07    |    3.3874779508e+03    |    3.3874782345e+03    |
| 0.29500 |    3.7416150476e-07    |    3.3982952256e+03    |    3.3982955354e+03    |
| 0.29600 |    3.7404162044e-07    |    3.4091000562e+03    |    3.4091003919e+03    |
| 0.29700 |    3.7392138588e-07    |    3.4198923158e+03    |    3.4198926777e+03    |
| 0.29800 |    3.7380080205e-07    |    3.4306718774e+03    |    3.4306722655e+03    |
| 0.29900 |    3.7367986987e-07    |    3.4414386129e+03    |    3.4414390274e+03    |
| 0.30000 |    3.7355859032e-07    |    3.4521923939e+03    |    3.4521928347e+03    |
| 0.30100 |    3.7343696434e-07    |    3.4629330909e+03    |    3.4629335582e+03    |
| 0.30200 |    3.7331499292e-07    |    3.4736605739e+03    |    3.4736610677e+03    |
| 0.30300 |    3.7319267704e-07    |    3.4843747122e+03    |    3.4843752327e+03    |
| 0.30400 |    3.7307001768e-07    |    3.4950753744e+03    |    3.4950759216e+03    |
| 0.30500 |    3.7294701586e-07    |    3.5057624283e+03    |    3.5057630023e+03    |
| 0.30600 |    3.7282367258e-07    |    3.5164357412e+03    |    3.5164363421e+03    |
| 0.30700 |    3.7269998886e-07    |    3.5270951796e+03    |    3.5270958074e+03    |
| 0.30800 |    3.7257596572e-07    |    3.5377406092e+03    |    3.5377412640e+03    |
| 0.30900 |    3.7245160421e-07    |    3.5483718951e+03    |    3.5483725771e+03    |
| 0.31000 |    3.7232690538e-07    |    3.5589889018e+03    |    3.5589896111e+03    |
| 0.31100 |    3.7220187028e-07    |    3.5695914931e+03    |    3.5695922296e+03    |
| 0.31200 |    3.7207649997e-07    |    3.5801795319e+03    |    3.5801802959e+03    |
| 0.31300 |    3.7195079553e-07    |    3.5907528808e+03    |    3.5907536721e+03    |
| 0.31400 |    3.7182475806e-07    |    3.6013114012e+03    |    3.6013122202e+03    |
| 0.31500 |    3.7169838863e-07    |    3.6118549544e+03    |    3.6118558010e+03    |
| 0.31600 |    3.7157168837e-07    |    3.6223834005e+03    |    3.6223842749e+03    |
| 0.31700 |    3.7144465837e-07    |    3.6328965994e+03    |    3.6328975016e+03    |
| 0.31800 |    3.7131729977e-07    |    3.6433944100e+03    |    3.6433953401e+03    |
| 0.31900 |    3.7118961370e-07    |    3.6538766906e+03    |    3.6538776487e+03    |
| 0.32000 |    3.7106160130e-07    |    3.6643432989e+03    |    3.6643442850e+03    |
| 0.32100 |    3.7093326372e-07    |    3.6747940918e+03    |    3.6747951062e+03    |
| 0.32200 |    3.7080460213e-07    |    3.6852289259e+03    |    3.6852299685e+03    |
| 0.32300 |    3.7067561771e-07    |    3.6956476566e+03    |    3.6956487276e+03    |
| 0.32400 |    3.7054631162e-07    |    3.7060501391e+03    |    3.7060512386e+03    |
| 0.32500 |    3.7041668507e-07    |    3.7164362278e+03    |    3.7164373558e+03    |
| 0.32600 |    3.7028673926e-07    |    3.7268057763e+03    |    3.7268069329e+03    |
| 0.32700 |    3.7015647539e-07    |    3.7371586377e+03    |    3.7371598231e+03    |
| 0.32800 |    3.7002589470e-07    |    3.7474946646e+03    |    3.7474958787e+03    |
| 0.32900 |    3.6989499842e-07    |    3.7578137086e+03    |    3.7578149516e+03    |
| 0.33000 |    3.6976378778e-07    |    3.7681156209e+03    |    3.7681168930e+03    |
| 0.33100 |    3.6963226404e-07    |    3.7784002521e+03    |    3.7784015533e+03    |
| 0.33200 |    3.6950042847e-07    |    3.7886674521e+03    |    3.7886687825e+03    |
| 0.33300 |    3.6936828233e-07    |    3.7989170701e+03    |    3.7989184298e+03    |
| 0.33400 |    3.6923582691e-07    |    3.8091489548e+03    |    3.8091503438e+03    |
| 0.33500 |    3.6910306350e-07    |    3.8193629542e+03    |    3.8193643727e+03    |
| 0.33600 |    3.6896999341e-07    |    3.8295589157e+03    |    3.8295603637e+03    |
| 0.33700 |    3.6883661795e-07    |    3.8397366860e+03    |    3.8397381637e+03    |
| 0.33800 |    3.6870293844e-07    |    3.8498961115e+03    |    3.8498976190e+03    |
| 0.33900 |    3.6856895623e-07    |    3.8600370376e+03    |    3.8600385749e+03    |
| 0.34000 |    3.6843467265e-07    |    3.8701593094e+03    |    3.8701608767e+03    |
| 0.34100 |    3.6830008906e-07    |    3.8802627712e+03    |    3.8802643685e+03    |
| 0.34200 |    3.6816520682e-07    |    3.8903472668e+03    |    3.8903488942e+03    |
| 0.34300 |    3.6803002732e-07    |    3.9004126394e+03    |    3.9004142970e+03    |
| 0.34400 |    3.6789455194e-07    |    3.9104587316e+03    |    3.9104604196e+03    |
| 0.34500 |    3.6775878207e-07    |    3.9204853855e+03    |    3.9204871039e+03    |
| 0.34600 |    3.6762271913e-07    |    3.9304924425e+03    |    3.9304941913e+03    |
| 0.34700 |    3.6748636453e-07    |    3.9404797434e+03    |    3.9404815229e+03    |
| 0.34800 |    3.6734971970e-07    |    3.9504471287e+03    |    3.9504489388e+03    |
| 0.34900 |    3.6721278609e-07    |    3.9603944380e+03    |    3.9603962789e+03    |
| 0.35000 |    3.6707556514e-07    |    3.9703215105e+03    |    3.9703233824e+03    |
| 0.35100 |    3.6693805830e-07    |    3.9802281849e+03    |    3.9802300878e+03    |
| 0.35200 |    3.6680026707e-07    |    3.9901142993e+03    |    3.9901162332e+03    |
| 0.35300 |    3.6666219291e-07    |    3.9999796913e+03    |    3.9999816563e+03    |
| 0.35400 |    3.6652383732e-07    |    4.0098241977e+03    |    4.0098261941e+03    |
| 0.35500 |    3.6638520180e-07    |    4.0196476551e+03    |    4.0196496829e+03    |
| 0.35600 |    3.6624628787e-07    |    4.0294498995e+03    |    4.0294519587e+03    |
| 0.35700 |    3.6610709705e-07    |    4.0392307663e+03    |    4.0392328571e+03    |
| 0.35800 |    3.6596763088e-07    |    4.0489900904e+03    |    4.0489922128e+03    |
| 0.35900 |    3.6582789090e-07    |    4.0587277061e+03    |    4.0587298603e+03    |
| 0.36000 |    3.6568787868e-07    |    4.0684434474e+03    |    4.0684456334e+03    |
| 0.36100 |    3.6554759578e-07    |    4.0781371476e+03    |    4.0781393656e+03    |
| 0.36200 |    3.6540704378e-07    |    4.0878086396e+03    |    4.0878108897e+03    |
| 0.36300 |    3.6526622427e-07    |    4.0974577559e+03    |    4.0974600381e+03    |
| 0.36400 |    3.6512513885e-07    |    4.1070843283e+03    |    4.1070866427e+03    |
| 0.36500 |    3.6498378913e-07    |    4.1166881884e+03    |    4.1166905351e+03    |
| 0.36600 |    3.6484217674e-07    |    4.1262691669e+03    |    4.1262715461e+03    |
| 0.36700 |    3.6470030331e-07    |    4.1358270945e+03    |    4.1358295062e+03    |
| 0.36800 |    3.6455817048e-07    |    4.1453618012e+03    |    4.1453642455e+03    |
| 0.36900 |    3.6441577991e-07    |    4.1548731166e+03    |    4.1548755936e+03    |
| 0.37000 |    3.6427313327e-07    |    4.1643608697e+03    |    4.1643633796e+03    |
| 0.37100 |    3.6413023223e-07    |    4.1738248894e+03    |    4.1738274322e+03    |
| 0.37200 |    3.6398707847e-07    |    4.1832650039e+03    |    4.1832675797e+03    |
| 0.37300 |    3.6384367371e-07    |    4.1926810410e+03    |    4.1926836499e+03    |
| 0.37400 |    3.6370001965e-07    |    4.2020728281e+03    |    4.2020754702e+03    |
| 0.37500 |    3.6355611801e-07    |    4.2114401922e+03    |    4.2114428676e+03    |
| 0.37600 |    3.6341197053e-07    |    4.2207829600e+03    |    4.2207856688e+03    |
| 0.37700 |    3.6326757894e-07    |    4.2301009576e+03    |    4.2301036999e+03    |
| 0.37800 |    3.6312294500e-07    |    4.2393940108e+03    |    4.2393967867e+03    |
| 0.37900 |    3.6297807047e-07    |    4.2486619451e+03    |    4.2486647546e+03    |
| 0.38000 |    3.6283295714e-07    |    4.2579045855e+03    |    4.2579074288e+03    |
| 0.38100 |    3.6268760678e-07    |    4.2671217566e+03    |    4.2671246338e+03    |
| 0.38200 |    3.6254202120e-07    |    4.2763132828e+03    |    4.2763161939e+03    |
| 0.38300 |    3.6239620221e-07    |    4.2854789880e+03    |    4.2854819332e+03    |
| 0.38400 |    3.6225015162e-07    |    4.2946186958e+03    |    4.2946216751e+03    |
| 0.38500 |    3.6210387127e-07    |    4.3037322295e+03    |    4.3037352431e+03    |
| 0.38600 |    3.6195736299e-07    |    4.3128194120e+03    |    4.3128224599e+03    |
| 0.38700 |    3.6181062865e-07    |    4.3218800659e+03    |    4.3218831483e+03    |
| 0.38800 |    3.6166367010e-07    |    4.3309140135e+03    |    4.3309171304e+03    |
| 0.38900 |    3.6151648921e-07    |    4.3399210768e+03    |    4.3399242283e+03    |
| 0.39000 |    3.6136908789e-07    |    4.3489010774e+03    |    4.3489042636e+03    |
| 0.39100 |    3.6122146801e-07    |    4.3578538367e+03    |    4.3578570578e+03    |
| 0.39200 |    3.6107363150e-07    |    4.3667791759e+03    |    4.3667824319e+03    |
| 0.39300 |    3.6092558026e-07    |    4.3756769158e+03    |    4.3756802067e+03    |
| 0.39400 |    3.6077731623e-07    |    4.3845468769e+03    |    4.3845502029e+03    |
| 0.39500 |    3.6062884135e-07    |    4.3933888795e+03    |    4.3933922407e+03    |
| 0.39600 |    3.6048015756e-07    |    4.4022027437e+03    |    4.4022061402e+03    |
| 0.39700 |    3.6033126684e-07    |    4.4109882893e+03    |    4.4109917211e+03    |
| 0.39800 |    3.6018217115e-07    |    4.4197453359e+03    |    4.4197488032e+03    |
| 0.39900 |    3.6003287248e-07    |    4.4284737028e+03    |    4.4284772056e+03    |
| 0.40000 |    3.5988337282e-07    |    4.4371732092e+03    |    4.4371767477e+03    |
| 0.40100 |    3.5973367418e-07    |    4.4458436740e+03    |    4.4458472482e+03    |
| 0.40200 |    3.5958377858e-07    |    4.4544849160e+03    |    4.4544885261e+03    |
| 0.40300 |    3.5943368803e-07    |    4.4630967538e+03    |    4.4631003997e+03    |
| 0.40400 |    3.5928340459e-07    |    4.4716790056e+03    |    4.4716826876e+03    |
| 0.40500 |    3.5913293029e-07    |    4.4802314898e+03    |    4.4802352079e+03    |
| 0.40600 |    3.5898226721e-07    |    4.4887540245e+03    |    4.4887577787e+03    |
| 0.40700 |    3.5883141740e-07    |    4.4972464274e+03    |    4.4972502180e+03    |
| 0.40800 |    3.5868038295e-07    |    4.5057085165e+03    |    4.5057123434e+03    |
| 0.40900 |    3.5852916595e-07    |    4.5141401094e+03    |    4.5141439727e+03    |
| 0.41000 |    3.5837776850e-07    |    4.5225410236e+03    |    4.5225449235e+03    |
| 0.41100 |    3.5822619272e-07    |    4.5309110765e+03    |    4.5309150130e+03    |
| 0.41200 |    3.5807444073e-07    |    4.5392500855e+03    |    4.5392540588e+03    |
| 0.41300 |    3.5792251466e-07    |    4.5475578679e+03    |    4.5475618779e+03    |
| 0.41400 |    3.5777041666e-07    |    4.5558342408e+03    |    4.5558382877e+03    |
| 0.41500 |    3.5761814888e-07    |    4.5640790213e+03    |    4.5640831052e+03    |
| 0.41600 |    3.5746571349e-07    |    4.5722920265e+03    |    4.5722961475e+03    |
| 0.41700 |    3.5731311266e-07    |    4.5804730734e+03    |    4.5804772316e+03    |
| 0.41800 |    3.5716034858e-07    |    4.5886219791e+03    |    4.5886261744e+03    |
| 0.41900 |    3.5700742344e-07    |    4.5967385604e+03    |    4.5967427931e+03    |
| 0.42000 |    3.5685433946e-07    |    4.6048226343e+03    |    4.6048269044e+03    |
| 0.42100 |    3.5670109885e-07    |    4.6128740178e+03    |    4.6128783254e+03    |
| 0.42200 |    3.5654770384e-07    |    4.6208925279e+03    |    4.6208968730e+03    |
| 0.42300 |    3.5639415667e-07    |    4.6288779815e+03    |    4.6288823643e+03    |
| 0.42400 |    3.5624045958e-07    |    4.6368301957e+03    |    4.6368346162e+03    |
| 0.42500 |    3.5608661483e-07    |    4.6447489875e+03    |    4.6447534459e+03    |
| 0.42600 |    3.5593262469e-07    |    4.6526341741e+03    |    4.6526386704e+03    |
| 0.42700 |    3.5577849144e-07    |    4.6604855727e+03    |    4.6604901070e+03    |
| 0.42800 |    3.5562421737e-07    |    4.6683030006e+03    |    4.6683075730e+03    |
| 0.42900 |    3.5546980477e-07    |    4.6760862752e+03    |    4.6760908857e+03    |
| 0.43000 |    3.5531525595e-07    |    4.6838352139e+03    |    4.6838398626e+03    |
| 0.43100 |    3.5516057324e-07    |    4.6915496344e+03    |    4.6915543214e+03    |
| 0.43200 |    3.5500575896e-07    |    4.6992293543e+03    |    4.6992340798e+03    |
| 0.43300 |    3.5485081544e-07    |    4.7068741917e+03    |    4.7068789556e+03    |
| 0.43400 |    3.5469574504e-07    |    4.7144839644e+03    |    4.7144887669e+03    |
| 0.43500 |    3.5454055011e-07    |    4.7220584908e+03    |    4.7220633319e+03    |
| 0.43600 |    3.5438523302e-07    |    4.7295975892e+03    |    4.7296024690e+03    |
| 0.43700 |    3.5422979614e-07    |    4.7371010781e+03    |    4.7371059967e+03    |
| 0.43800 |    3.5407424187e-07    |    4.7445687764e+03    |    4.7445737339e+03    |
| 0.43900 |    3.5391857259e-07    |    4.7520005031e+03    |    4.7520054995e+03    |
| 0.44000 |    3.5376279071e-07    |    4.7593960773e+03    |    4.7594011128e+03    |
| 0.44100 |    3.5360689865e-07    |    4.7667553187e+03    |    4.7667603933e+03    |
| 0.44200 |    3.5345089883e-07    |    4.7740780468e+03    |    4.7740831606e+03    |
| 0.44300 |    3.5329479368e-07    |    4.7813640818e+03    |    4.7813692348e+03    |
| 0.44400 |    3.5313858564e-07    |    4.7886132439e+03    |    4.7886184362e+03    |
| 0.44500 |    3.5298227717e-07    |    4.7958253537e+03    |    4.7958305854e+03    |
| 0.44600 |    3.5282587072e-07    |    4.8030002320e+03    |    4.8030055032e+03    |
| 0.44700 |    3.5266936877e-07    |    4.8101377002e+03    |    4.8101430110e+03    |
| 0.44800 |    3.5251277379e-07    |    4.8172375798e+03    |    4.8172429302e+03    |
| 0.44900 |    3.5235608826e-07    |    4.8242996927e+03    |    4.8243050828e+03    |
| 0.45000 |    3.5219931470e-07    |    4.8313238612e+03    |    4.8313292911e+03    |
| 0.45100 |    3.5204245559e-07    |    4.8383099080e+03    |    4.8383153777e+03    |
| 0.45200 |    3.5188551345e-07    |    4.8452576561e+03    |    4.8452631656e+03    |
| 0.45300 |    3.5172849080e-07    |    4.8521669289e+03    |    4.8521724785e+03    |
| 0.45400 |    3.5157139018e-07    |    4.8590375504e+03    |    4.8590431400e+03    |
| 0.45500 |    3.5141421413e-07    |    4.8658693450e+03    |    4.8658749747e+03    |
| 0.45600 |    3.5125696518e-07    |    4.8726621372e+03    |    4.8726678071e+03    |
| 0.45700 |    3.5109964589e-07    |    4.8794157526e+03    |    4.8794214627e+03    |
| 0.45800 |    3.5094225883e-07    |    4.8861300166e+03    |    4.8861357671e+03    |
| 0.45900 |    3.5078480657e-07    |    4.8928047556e+03    |    4.8928105464e+03    |
| 0.46000 |    3.5062729169e-07    |    4.8994397963e+03    |    4.8994456276e+03    |
| 0.46100 |    3.5046971678e-07    |    4.9060349659e+03    |    4.9060408377e+03    |
| 0.46200 |    3.5031208443e-07    |    4.9125900922e+03    |    4.9125960046e+03    |
| 0.46300 |    3.5015439724e-07    |    4.9191050036e+03    |    4.9191109567e+03    |
| 0.46400 |    3.4999665783e-07    |    4.9255795290e+03    |    4.9255855228e+03    |
| 0.46500 |    3.4983886881e-07    |    4.9320134978e+03    |    4.9320195325e+03    |
| 0.46600 |    3.4968103281e-07    |    4.9384067403e+03    |    4.9384128158e+03    |
| 0.46700 |    3.4952315247e-07    |    4.9447590870e+03    |    4.9447652034e+03    |
| 0.46800 |    3.4936523042e-07    |    4.9510703694e+03    |    4.9510765267e+03    |
| 0.46900 |    3.4920726931e-07    |    4.9573404193e+03    |    4.9573466178e+03    |
| 0.47000 |    3.4904927181e-07    |    4.9635690696e+03    |    4.9635753091e+03    |
| 0.47100 |    3.4889124056e-07    |    4.9697561534e+03    |    4.9697624341e+03    |
| 0.47200 |    3.4873317824e-07    |    4.9759015049e+03    |    4.9759078268e+03    |
| 0.47300 |    3.4857508753e-07    |    4.9820049586e+03    |    4.9820113218e+03    |
| 0.47400 |    3.4841697112e-07    |    4.9880663501e+03    |    4.9880727547e+03    |
| 0.47500 |    3.4825883168e-07    |    4.9940855156e+03    |    4.9940919616e+03    |
| 0.47600 |    3.4810067191e-07    |    5.0000622920e+03    |    5.0000687795e+03    |
| 0.47700 |    3.4794249453e-07    |    5.0059965170e+03    |    5.0060030460e+03    |
| 0.47800 |    3.4778430224e-07    |    5.0118880292e+03    |    5.0118945997e+03    |
| 0.47900 |    3.4762609775e-07    |    5.0177366677e+03    |    5.0177432799e+03    |
| 0.48000 |    3.4746788378e-07    |    5.0235422727e+03    |    5.0235489266e+03    |
| 0.48100 |    3.4730966308e-07    |    5.0293046853e+03    |    5.0293113809e+03    |
| 0.48200 |    3.4715143836e-07    |    5.0350237471e+03    |    5.0350304846e+03    |
| 0.48300 |    3.4699321237e-07    |    5.0406993009e+03    |    5.0407060803e+03    |
| 0.48400 |    3.4683498785e-07    |    5.0463311903e+03    |    5.0463380116e+03    |
| 0.48500 |    3.4667676756e-07    |    5.0519192596e+03    |    5.0519261229e+03    |
| 0.48600 |    3.4651855425e-07    |    5.0574633543e+03    |    5.0574702596e+03    |
| 0.48700 |    3.4636035069e-07    |    5.0629633207e+03    |    5.0629702681e+03    |
| 0.48800 |    3.4620215963e-07    |    5.0684190061e+03    |    5.0684259956e+03    |
| 0.48900 |    3.4604398387e-07    |    5.0738302586e+03    |    5.0738372903e+03    |
| 0.49000 |    3.4588582617e-07    |    5.0791969275e+03    |    5.0792040015e+03    |
| 0.49100 |    3.4572768931e-07    |    5.0845188630e+03    |    5.0845259793e+03    |
| 0.49200 |    3.4556957609e-07    |    5.0897959163e+03    |    5.0898030750e+03    |
| 0.49300 |    3.4541148930e-07    |    5.0950279398e+03    |    5.0950351408e+03    |
| 0.49400 |    3.4525343173e-07    |    5.1002147866e+03    |    5.1002220301e+03    |
| 0.49500 |    3.4509540619e-07    |    5.1053563112e+03    |    5.1053635973e+03    |
| 0.49600 |    3.4493741549e-07    |    5.1104523691e+03    |    5.1104596978e+03    |
| 0.49700 |    3.4477946242e-07    |    5.1155028169e+03    |    5.1155101881e+03    |
| 0.49800 |    3.4462154982e-07    |    5.1205075122e+03    |    5.1205149261e+03    |
| 0.49900 |    3.4446368049e-07    |    5.1254663138e+03    |    5.1254737704e+03    |
| 0.50000 |    3.4430585726e-07    |    5.1313741837e+03    |    5.1303865812e+03    |
| 0.50100 |    3.4414802174e-07    |    5.1372845441e+03    |    5.1352532197e+03    |
| 0.50200 |    3.4399023514e-07    |    5.1421998824e+03    |    5.1400735487e+03    |
| 0.50300 |    3.4383250029e-07    |    5.1470691384e+03    |    5.1448474318e+03    |
| 0.50400 |    3.4367482003e-07    |    5.1518921759e+03    |    5.1495747336e+03    |
| 0.50500 |    3.4351719719e-07    |    5.1566688600e+03    |    5.1542553202e+03    |
| 0.50600 |    3.4335963461e-07    |    5.1613990568e+03    |    5.1588890590e+03    |
| 0.50700 |    3.4320213514e-07    |    5.1660826339e+03    |    5.1634758185e+03    |
| 0.50800 |    3.4304470162e-07    |    5.1707194601e+03    |    5.1680154684e+03    |
| 0.50900 |    3.4288733690e-07    |    5.1753094052e+03    |    5.1725078801e+03    |
| 0.51000 |    3.4273004384e-07    |    5.1798523408e+03    |    5.1769529259e+03    |
| 0.51100 |    3.4257282528e-07    |    5.1843481396e+03    |    5.1813504797e+03    |
| 0.51200 |    3.4241568409e-07    |    5.1887966754e+03    |    5.1857004167e+03    |
| 0.51300 |    3.4225862312e-07    |    5.1931978237e+03    |    5.1900026135e+03    |
| 0.51400 |    3.4210164524e-07    |    5.1975514613e+03    |    5.1942569480e+03    |
| 0.51500 |    3.4194475331e-07    |    5.2018574662e+03    |    5.1984632996e+03    |
| 0.51600 |    3.4178795020e-07    |    5.2061157181e+03    |    5.2026215491e+03    |
| 0.51700 |    3.4163123876e-07    |    5.2103260980e+03    |    5.2067315787e+03    |
| 0.51800 |    3.4147462188e-07    |    5.2144884881e+03    |    5.2107932723e+03    |
| 0.51900 |    3.4131810242e-07    |    5.2186027725e+03    |    5.2148065149e+03    |
| 0.52000 |    3.4116168325e-07    |    5.2226688365e+03    |    5.2187711934e+03    |
| 0.52100 |    3.4100536724e-07    |    5.2266865670e+03    |    5.2226871958e+03    |
| 0.52200 |    3.4084915728e-07    |    5.2306558523e+03    |    5.2265544121e+03    |
| 0.52300 |    3.4069305622e-07    |    5.2345765824e+03    |    5.2303727335e+03    |
| 0.52400 |    3.4053706696e-07    |    5.2384486487e+03    |    5.2341420529e+03    |
| 0.52500 |    3.4038119236e-07    |    5.2422719443e+03    |    5.2378622647e+03    |
| 0.52600 |    3.4022543530e-07    |    5.2460463638e+03    |    5.2415332651e+03    |
| 0.52700 |    3.4006979866e-07    |    5.2497718034e+03    |    5.2451549518e+03    |
| 0.52800 |    3.3991428532e-07    |    5.2534481609e+03    |    5.2487272240e+03    |
| 0.52900 |    3.3975889814e-07    |    5.2570753359e+03    |    5.2522499829e+03    |
| 0.53000 |    3.3960364001e-07    |    5.2606532294e+03    |    5.2557231311e+03    |
| 0.53100 |    3.3944851381e-07    |    5.2641817443e+03    |    5.2591465729e+03    |
| 0.53200 |    3.3929352240e-07    |    5.2676607851e+03    |    5.2625202144e+03    |
| 0.53300 |    3.3913866867e-07    |    5.2710902580e+03    |    5.2658439635e+03    |
| 0.53400 |    3.3898395548e-07    |    5.2744700709e+03    |    5.2691177297e+03    |
| 0.53500 |    3.3882938571e-07    |    5.2778001335e+03    |    5.2723414244e+03    |
| 0.53600 |    3.3867496224e-07    |    5.2810803572e+03    |    5.2755149605e+03    |
| 0.53700 |    3.3852068793e-07    |    5.2843106552e+03    |    5.2786382531e+03    |
| 0.53800 |    3.3836656566e-07    |    5.2874909426e+03    |    5.2817112188e+03    |
| 0.53900 |    3.3821259828e-07    |    5.2906211362e+03    |    5.2847337761e+03    |
| 0.54000 |    3.3805878867e-07    |    5.2937011546e+03    |    5.2877058455e+03    |
| 0.54100 |    3.3790513969e-07    |    5.2967309182e+03    |    5.2906273491e+03    |
| 0.54200 |    3.3775165420e-07    |    5.2997103496e+03    |    5.2934982112e+03    |
| 0.54300 |    3.3759833506e-07    |    5.3026393728e+03    |    5.2963183577e+03    |
| 0.54400 |    3.3744518513e-07    |    5.3055179141e+03    |    5.2990877166e+03    |
| 0.54500 |    3.3729220726e-07    |    5.3083459015e+03    |    5.3018062178e+03    |
| 0.54600 |    3.3713940430e-07    |    5.3111232649e+03    |    5.3044737931e+03    |
| 0.54700 |    3.3698677911e-07    |    5.3138499363e+03    |    5.3070903763e+03    |
| 0.54800 |    3.3683433453e-07    |    5.3165258495e+03    |    5.3096559031e+03    |
| 0.54900 |    3.3668207340e-07    |    5.3191509405e+03    |    5.3121703114e+03    |
| 0.55000 |    3.3652999855e-07    |    5.3217251472e+03    |    5.3146335408e+03    |
| 0.55100 |    3.3637811284e-07    |    5.3242484093e+03    |    5.3170455334e+03    |
| 0.55200 |    3.3622641907e-07    |    5.3267206688e+03    |    5.3194062328e+03    |
| 0.55300 |    3.3607492010e-07    |    5.3291418697e+03    |    5.3217155850e+03    |
| 0.55400 |    3.3592361873e-07    |    5.3315119579e+03    |    5.3239735381e+03    |
| 0.55500 |    3.3577251779e-07    |    5.3338308817e+03    |    5.3261800422e+03    |
| 0.55600 |    3.3562162009e-07    |    5.3360985911e+03    |    5.3283350494e+03    |
| 0.55700 |    3.3547092844e-07    |    5.3383150386e+03    |    5.3304385141e+03    |
| 0.55800 |    3.3532044565e-07    |    5.3404801785e+03    |    5.3324903928e+03    |
| 0.55900 |    3.3517017452e-07    |    5.3425939674e+03    |    5.3344906441e+03    |
| 0.56000 |    3.3502011785e-07    |    5.3446563640e+03    |    5.3364392290e+03    |
| 0.56100 |    3.3487027841e-07    |    5.3466673293e+03    |    5.3383361103e+03    |
| 0.56200 |    3.3472065901e-07    |    5.3486268264e+03    |    5.3401812533e+03    |
| 0.56300 |    3.3457126241e-07    |    5.3505348206e+03    |    5.3419746254e+03    |
| 0.56400 |    3.3442209139e-07    |    5.3523912795e+03    |    5.3437161964e+03    |
| 0.56500 |    3.3427314871e-07    |    5.3541961727e+03    |    5.3454059380e+03    |
| 0.56600 |    3.3412443715e-07    |    5.3559494723e+03    |    5.3470438246e+03    |
| 0.56700 |    3.3397595944e-07    |    5.3576511526e+03    |    5.3486298326e+03    |
| 0.56800 |    3.3382771835e-07    |    5.3593011902e+03    |    5.3501639408e+03    |
| 0.56900 |    3.3367971661e-07    |    5.3608995640e+03    |    5.3516461302e+03    |
| 0.57000 |    3.3353195695e-07    |    5.3624462550e+03    |    5.3530763842e+03    |
| 0.57100 |    3.3338444211e-07    |    5.3639412469e+03    |    5.3544546886e+03    |
| 0.57200 |    3.3323717480e-07    |    5.3653845255e+03    |    5.3557810315e+03    |
| 0.57300 |    3.3309015773e-07    |    5.3667760789e+03    |    5.3570554033e+03    |
| 0.57400 |    3.3294339362e-07    |    5.3681158977e+03    |    5.3582777968e+03    |
| 0.57500 |    3.3279688515e-07    |    5.3694039749e+03    |    5.3594482074e+03    |
| 0.57600 |    3.3265063502e-07    |    5.3706403057e+03    |    5.3605666325e+03    |
| 0.57700 |    3.3250464591e-07    |    5.3718248881e+03    |    5.3616330723e+03    |
| 0.57800 |    3.3235892050e-07    |    5.3729577221e+03    |    5.3626475293e+03    |
| 0.57900 |    3.3221346144e-07    |    5.3740388104e+03    |    5.3636100083e+03    |
| 0.58000 |    3.3206827139e-07    |    5.3750681579e+03    |    5.3645205169e+03    |
| 0.58100 |    3.3192335300e-07    |    5.3760457723e+03    |    5.3653790648e+03    |
| 0.58200 |    3.3177870891e-07    |    5.3769716636e+03    |    5.3661856644e+03    |
| 0.58300 |    3.3163434175e-07    |    5.3778458441e+03    |    5.3669403305e+03    |
| 0.58400 |    3.3149025413e-07    |    5.3786683290e+03    |    5.3676430806e+03    |
| 0.58500 |    3.3134644867e-07    |    5.3794391357e+03    |    5.3682939345e+03    |
| 0.58600 |    3.3120292797e-07    |    5.3801582842e+03    |    5.3688929145e+03    |
| 0.58700 |    3.3105969461e-07    |    5.3808257971e+03    |    5.3694400458e+03    |
| 0.58800 |    3.3091675119e-07    |    5.3814416996e+03    |    5.3699353556e+03    |
| 0.58900 |    3.3077410026e-07    |    5.3820060192e+03    |    5.3703788743e+03    |
| 0.59000 |    3.3063174439e-07    |    5.3825187863e+03    |    5.3707706343e+03    |
| 0.59100 |    3.3048968613e-07    |    5.3829800336e+03    |    5.3711106709e+03    |
| 0.59200 |    3.3034792802e-07    |    5.3833897966e+03    |    5.3713990220e+03    |
| 0.59300 |    3.3020647258e-07    |    5.3837481133e+03    |    5.3716357281e+03    |
| 0.59400 |    3.3006532234e-07    |    5.3840550244e+03    |    5.3718208321e+03    |
| 0.59500 |    3.2992447979e-07    |    5.3843105730e+03    |    5.3719543798e+03    |
| 0.59600 |    3.2978394744e-07    |    5.3845148052e+03    |    5.3720364196e+03    |
| 0.59700 |    3.2964372775e-07    |    5.3846677695e+03    |    5.3720670024e+03    |
| 0.59800 |    3.2950382322e-07    |    5.3847695170e+03    |    5.3720461819e+03    |
| 0.59900 |    3.2936423628e-07    |    5.3848201017e+03    |    5.3719740143e+03    |
| 0.60000 |    3.2922496940e-07    |    5.3848195800e+03    |    5.3718505587e+03    |
| 0.60100 |    3.2908602501e-07    |    5.3847680113e+03    |    5.3716758767e+03    |
| 0.60200 |    3.2894740552e-07    |    5.3846654573e+03    |    5.3714500328e+03    |
| 0.60300 |    3.2880911334e-07    |    5.3845119828e+03    |    5.3711730939e+03    |
| 0.60400 |    3.2867115088e-07    |    5.3843076551e+03    |    5.3708451298e+03    |
| 0.60500 |    3.2853352052e-07    |    5.3840525442e+03    |    5.3704662131e+03    |
| 0.60600 |    3.2839622463e-07    |    5.3837467229e+03    |    5.3700364189e+03    |
| 0.60700 |    3.2825926556e-07    |    5.3833902666e+03    |    5.3695558252e+03    |
| 0.60800 |    3.2812264566e-07    |    5.3829832537e+03    |    5.3690245126e+03    |
| 0.60900 |    3.2798636726e-07    |    5.3825257651e+03    |    5.3684425646e+03    |
| 0.61000 |    3.2785043268e-07    |    5.3820178845e+03    |    5.3678100674e+03    |
| 0.61100 |    3.2771484422e-07    |    5.3814596984e+03    |    5.3671271098e+03    |
| 0.61200 |    3.2757960416e-07    |    5.3808512962e+03    |    5.3663937836e+03    |
| 0.61300 |    3.2744471479e-07    |    5.3801927698e+03    |    5.3656101831e+03    |
| 0.61400 |    3.2731017835e-07    |    5.3794842140e+03    |    5.3647764058e+03    |
| 0.61500 |    3.2717599711e-07    |    5.3787257265e+03    |    5.3638925514e+03    |
| 0.61600 |    3.2704217329e-07    |    5.3779174076e+03    |    5.3629587229e+03    |
| 0.61700 |    3.2690870910e-07    |    5.3770593605e+03    |    5.3619750257e+03    |
| 0.61800 |    3.2677560674e-07    |    5.3761516911e+03    |    5.3609415682e+03    |
| 0.61900 |    3.2664286841e-07    |    5.3751945083e+03    |    5.3598584617e+03    |
| 0.62000 |    3.2651049626e-07    |    5.3741879236e+03    |    5.3587258199e+03    |
| 0.62100 |    3.2637849246e-07    |    5.3731320515e+03    |    5.3575437597e+03    |
| 0.62200 |    3.2624685915e-07    |    5.3720270090e+03    |    5.3563124006e+03    |
| 0.62300 |    3.2611559845e-07    |    5.3708729162e+03    |    5.3550318649e+03    |
| 0.62400 |    3.2598471246e-07    |    5.3696698960e+03    |    5.3537022778e+03    |
| 0.62500 |    3.2585420328e-07    |    5.3684180740e+03    |    5.3523237673e+03    |
| 0.62600 |    3.2572407298e-07    |    5.3671175786e+03    |    5.3508964640e+03    |
| 0.62700 |    3.2559432362e-07    |    5.3657685412e+03    |    5.3494205016e+03    |
| 0.62800 |    3.2546495725e-07    |    5.3643710958e+03    |    5.3478960165e+03    |
| 0.62900 |    3.2533597588e-07    |    5.3629253794e+03    |    5.3463231478e+03    |
| 0.63000 |    3.2520738153e-07    |    5.3614315319e+03    |    5.3447020376e+03    |
| 0.63100 |    3.2507917619e-07    |    5.3598896956e+03    |    5.3430328306e+03    |
| 0.63200 |    3.2495136184e-07    |    5.3583000162e+03    |    5.3413156745e+03    |
| 0.63300 |    3.2482394042e-07    |    5.3566626418e+03    |    5.3395507198e+03    |
| 0.63400 |    3.2469691389e-07    |    5.3549777236e+03    |    5.3377381195e+03    |
| 0.63500 |    3.2457028416e-07    |    5.3532454153e+03    |    5.3358780299e+03    |
| 0.63600 |    3.2444405314e-07    |    5.3514658738e+03    |    5.3339706097e+03    |
| 0.63700 |    3.2431822272e-07    |    5.3496392585e+03    |    5.3320160205e+03    |
| 0.63800 |    3.2419279475e-07    |    5.3477657319e+03    |    5.3300144268e+03    |
| 0.63900 |    3.2406777111e-07    |    5.3458454590e+03    |    5.3279659959e+03    |
| 0.64000 |    3.2394315361e-07    |    5.3438786080e+03    |    5.3258708977e+03    |
| 0.64100 |    3.2381894408e-07    |    5.3418653495e+03    |    5.3237293051e+03    |
| 0.64200 |    3.2369514431e-07    |    5.3398058572e+03    |    5.3215413937e+03    |
| 0.64300 |    3.2357175608e-07    |    5.3377003075e+03    |    5.3193073418e+03    |
| 0.64400 |    3.2344878114e-07    |    5.3355488796e+03    |    5.3170273305e+03    |
| 0.64500 |    3.2332622124e-07    |    5.3333517556e+03    |    5.3147015438e+03    |
| 0.64600 |    3.2320407809e-07    |    5.3311091201e+03    |    5.3123301683e+03    |
| 0.64700 |    3.2308235341e-07    |    5.3288211607e+03    |    5.3099133934e+03    |
| 0.64800 |    3.2296104887e-07    |    5.3264880678e+03    |    5.3074514113e+03    |
| 0.64900 |    3.2284016614e-07    |    5.3241100346e+03    |    5.3049444169e+03    |
| 0.65000 |    3.2271970687e-07    |    5.3216872568e+03    |    5.3023926079e+03    |
| 0.65100 |    3.2259967266e-07    |    5.3192199332e+03    |    5.2997961846e+03    |
| 0.65200 |    3.2248006515e-07    |    5.3167082651e+03    |    5.2971553500e+03    |
| 0.65300 |    3.2236088590e-07    |    5.3141524565e+03    |    5.2944703099e+03    |
| 0.65400 |    3.2224213648e-07    |    5.3115527145e+03    |    5.2917412729e+03    |
| 0.65500 |    3.2212381845e-07    |    5.3089092485e+03    |    5.2889684500e+03    |
| 0.65600 |    3.2200593332e-07    |    5.3062222709e+03    |    5.2861520552e+03    |
| 0.65700 |    3.2188848261e-07    |    5.3034919965e+03    |    5.2832923049e+03    |
| 0.65800 |    3.2177146780e-07    |    5.3007186433e+03    |    5.2803894182e+03    |
| 0.65900 |    3.2165489035e-07    |    5.2979024314e+03    |    5.2774436171e+03    |
| 0.66000 |    3.2153875170e-07    |    5.2950435840e+03    |    5.2744551259e+03    |
| 0.66100 |    3.2142305330e-07    |    5.2921423267e+03    |    5.2714241717e+03    |
| 0.66200 |    3.2130779653e-07    |    5.2891988880e+03    |    5.2683509842e+03    |
| 0.66300 |    3.2119298279e-07    |    5.2862134987e+03    |    5.2652357956e+03    |
| 0.66400 |    3.2107861342e-07    |    5.2831863926e+03    |    5.2620788408e+03    |
| 0.66500 |    3.2096468979e-07    |    5.2801178059e+03    |    5.2588803571e+03    |
| 0.66600 |    3.2085121320e-07    |    5.2770079773e+03    |    5.2556405847e+03    |
| 0.66700 |    3.2073818496e-07    |    5.2738571484e+03    |    5.2523597658e+03    |
| 0.66800 |    3.2062560635e-07    |    5.2706655631e+03    |    5.2490381457e+03    |
| 0.66900 |    3.2051347862e-07    |    5.2674334679e+03    |    5.2456759717e+03    |
| 0.67000 |    3.2040180301e-07    |    5.2641611119e+03    |    5.2422734940e+03    |
| 0.67100 |    3.2029058073e-07    |    5.2608487468e+03    |    5.2388309649e+03    |
| 0.67200 |    3.2017981299e-07    |    5.2574966265e+03    |    5.2353486396e+03    |
| 0.67300 |    3.2006950095e-07    |    5.2541050079e+03    |    5.2318267753e+03    |
| 0.67400 |    3.1995964576e-07    |    5.2506741498e+03    |    5.2282656319e+03    |
| 0.67500 |    3.1985024855e-07    |    5.2472043139e+03    |    5.2246654715e+03    |
| 0.67600 |    3.1974131044e-07    |    5.2436957642e+03    |    5.2210265588e+03    |
| 0.67700 |    3.1963283250e-07    |    5.2401487670e+03    |    5.2173491608e+03    |
| 0.67800 |    3.1952481580e-07    |    5.2365635911e+03    |    5.2136335467e+03    |
| 0.67900 |    3.1941726138e-07    |    5.2329405078e+03    |    5.2098799881e+03    |
| 0.68000 |    3.1931017027e-07    |    5.2292797905e+03    |    5.2060887591e+03    |
| 0.68100 |    3.1920354346e-07    |    5.2255817151e+03    |    5.2022601357e+03    |
| 0.68200 |    3.1909738193e-07    |    5.2218465599e+03    |    5.1983943966e+03    |
| 0.68300 |    3.1899168664e-07    |    5.2180746054e+03    |    5.1944918223e+03    |
| 0.68400 |    3.1888645851e-07    |    5.2142661343e+03    |    5.1905526958e+03    |
| 0.68500 |    3.1878169847e-07    |    5.2104214318e+03    |    5.1865773022e+03    |
| 0.68600 |    3.1867740739e-07    |    5.2065407850e+03    |    5.1825659288e+03    |
| 0.68700 |    3.1857358614e-07    |    5.2026244835e+03    |    5.1785188651e+03    |
| 0.68800 |    3.1847023557e-07    |    5.1986728190e+03    |    5.1744364025e+03    |
| 0.68900 |    3.1836735651e-07    |    5.1946860853e+03    |    5.1703188348e+03    |
| 0.69000 |    3.1826494974e-07    |    5.1906645784e+03    |    5.1661664576e+03    |
| 0.69100 |    3.1816301605e-07    |    5.1866085964e+03    |    5.1619795687e+03    |
| 0.69200 |    3.1806155620e-07    |    5.1825184395e+03    |    5.1577584678e+03    |
| 0.69300 |    3.1796057091e-07    |    5.1783944099e+03    |    5.1535034567e+03    |
| 0.69400 |    3.1786006091e-07    |    5.1742368120e+03    |    5.1492148392e+03    |
| 0.69500 |    3.1776002686e-07    |    5.1700459521e+03    |    5.1448929209e+03    |
| 0.69600 |    3.1766046945e-07    |    5.1658221384e+03    |    5.1405380093e+03    |
| 0.69700 |    3.1756138932e-07    |    5.1615656812e+03    |    5.1361504140e+03    |
| 0.69800 |    3.1746278708e-07    |    5.1572768927e+03    |    5.1317304461e+03    |
| 0.69900 |    3.1736466334e-07    |    5.1529560870e+03    |    5.1272784189e+03    |
| 0.70000 |    3.1726701867e-07    |    5.1486035800e+03    |    5.1227946472e+03    |
| 0.70100 |    3.1716985363e-07    |    5.1442196896e+03    |    5.1182794477e+03    |
| 0.70200 |    3.1707316874e-07    |    5.1398047352e+03    |    5.1137331387e+03    |
| 0.70300 |    3.1697696453e-07    |    5.1353590385e+03    |    5.1091560404e+03    |
| 0.70400 |    3.1688124146e-07    |    5.1308829224e+03    |    5.1045484745e+03    |
| 0.70500 |    3.1678600002e-07    |    5.1263767118e+03    |    5.0999107644e+03    |
| 0.70600 |    3.1669124064e-07    |    5.1218407334e+03    |    5.0952432351e+03    |
| 0.70700 |    3.1659696373e-07    |    5.1172753153e+03    |    5.0905462131e+03    |
| 0.70800 |    3.1650316971e-07    |    5.1126807874e+03    |    5.0858200266e+03    |
| 0.70900 |    3.1640985893e-07    |    5.1080574811e+03    |    5.0810650050e+03    |
| 0.71000 |    3.1631703177e-07    |    5.1034057295e+03    |    5.0762814796e+03    |
| 0.71100 |    3.1622468853e-07    |    5.0987258670e+03    |    5.0714697826e+03    |
| 0.71200 |    3.1613282954e-07    |    5.0940182296e+03    |    5.0666302481e+03    |
| 0.71300 |    3.1604145508e-07    |    5.0892831549e+03    |    5.0617632112e+03    |
| 0.71400 |    3.1595056541e-07    |    5.0845209818e+03    |    5.0568690085e+03    |
| 0.71500 |    3.1586016077e-07    |    5.0797320505e+03    |    5.0519479779e+03    |
| 0.71600 |    3.1577024139e-07    |    5.0749167027e+03    |    5.0470004584e+03    |
| 0.71700 |    3.1568080745e-07    |    5.0700752813e+03    |    5.0420267904e+03    |
| 0.71800 |    3.1559185913e-07    |    5.0652081307e+03    |    5.0370273153e+03    |
| 0.71900 |    3.1550339659e-07    |    5.0603155962e+03    |    5.0320023758e+03    |
| 0.72000 |    3.1541541996e-07    |    5.0553980245e+03    |    5.0269523155e+03    |
| 0.72100 |    3.1532792934e-07    |    5.0504557636e+03    |    5.0218774793e+03    |
| 0.72200 |    3.1524092483e-07    |    5.0454891624e+03    |    5.0167782130e+03    |
| 0.72300 |    3.1515440648e-07    |    5.0404985710e+03    |    5.0116548632e+03    |
| 0.72400 |    3.1506837433e-07    |    5.0354843406e+03    |    5.0065077779e+03    |
| 0.72500 |    3.1498282842e-07    |    5.0304468233e+03    |    5.0013373055e+03    |
| 0.72600 |    3.1489776873e-07    |    5.0253863721e+03    |    4.9961437955e+03    |
| 0.72700 |    3.1481319525e-07    |    5.0203033413e+03    |    4.9909275982e+03    |
| 0.72800 |    3.1472910793e-07    |    5.0151980858e+03    |    4.9856890648e+03    |
| 0.72900 |    3.1464550670e-07    |    5.0100709613e+03    |    4.9804285470e+03    |
| 0.73000 |    3.1456239148e-07    |    5.0049223245e+03    |    4.9751463973e+03    |
| 0.73100 |    3.1447976216e-07    |    4.9997525329e+03    |    4.9698429688e+03    |
| 0.73200 |    3.1439761861e-07    |    4.9945619445e+03    |    4.9645186154e+03    |
| 0.73300 |    3.1431596067e-07    |    4.9893509182e+03    |    4.9591736913e+03    |
| 0.73400 |    3.1423478818e-07    |    4.9841198135e+03    |    4.9538085514e+03    |
| 0.73500 |    3.1415410094e-07    |    4.9788689905e+03    |    4.9484235510e+03    |
| 0.73600 |    3.1407389872e-07    |    4.9735988098e+03    |    4.9430190458e+03    |
| 0.73700 |    3.1399418131e-07    |    4.9683096325e+03    |    4.9375953921e+03    |
| 0.73800 |    3.1391494844e-07    |    4.9630018205e+03    |    4.9321529462e+03    |
| 0.73900 |    3.1383619982e-07    |    4.9576757356e+03    |    4.9266920650e+03    |
| 0.74000 |    3.1375793517e-07    |    4.9523317405e+03    |    4.9212131056e+03    |
| 0.74100 |    3.1368015416e-07    |    4.9469701979e+03    |    4.9157164251e+03    |
| 0.74200 |    3.1360285645e-07    |    4.9415914710e+03    |    4.9102023810e+03    |
| 0.74300 |    3.1352604168e-07    |    4.9361959231e+03    |    4.9046713307e+03    |
| 0.74400 |    3.1344970947e-07    |    4.9307839179e+03    |    4.8991236321e+03    |
| 0.74500 |    3.1337385942e-07    |    4.9253558192e+03    |    4.8935596425e+03    |
| 0.74600 |    3.1329849110e-07    |    4.9199119908e+03    |    4.8879797197e+03    |
| 0.74700 |    3.1322360407e-07    |    4.9144527968e+03    |    4.8823842212e+03    |
| 0.74800 |    3.1314919787e-07    |    4.9089786011e+03    |    4.8767735044e+03    |
| 0.74900 |    3.1307527201e-07    |    4.9034897678e+03    |    4.8711479267e+03    |
| 0.75000 |    3.1300182600e-07    |    4.8979866608e+03    |    4.8655078449e+03    |
| 0.75100 |    3.1292885930e-07    |    4.8924696439e+03    |    4.8598536160e+03    |
| 0.75200 |    3.1285637139e-07    |    4.8869390809e+03    |    4.8541855964e+03    |
| 0.75300 |    3.1278436169e-07    |    4.8813953353e+03    |    4.8485041423e+03    |
| 0.75400 |    3.1271282963e-07    |    4.8758387703e+03    |    4.8428096094e+03    |
| 0.75500 |    3.1264177460e-07    |    4.8702697489e+03    |    4.8371023530e+03    |
| 0.75600 |    3.1257119598e-07    |    4.8646886337e+03    |    4.8313827279e+03    |
| 0.75700 |    3.1250109314e-07    |    4.8590957871e+03    |    4.8256510884e+03    |
| 0.75800 |    3.1243146542e-07    |    4.8534915709e+03    |    4.8199077881e+03    |
| 0.75900 |    3.1236231213e-07    |    4.8478763463e+03    |    4.8141531801e+03    |
| 0.76000 |    3.1229363258e-07    |    4.8422504744e+03    |    4.8083876167e+03    |
| 0.76100 |    3.1222542607e-07    |    4.8366143154e+03    |    4.8026114494e+03    |
| 0.76200 |    3.1215769184e-07    |    4.8309682289e+03    |    4.7968250291e+03    |
| 0.76300 |    3.1209042916e-07    |    4.8253125740e+03    |    4.7910287058e+03    |
| 0.76400 |    3.1202363725e-07    |    4.8196477089e+03    |    4.7852228286e+03    |
| 0.76500 |    3.1195731532e-07    |    4.8139739913e+03    |    4.7794077456e+03    |
| 0.76600 |    3.1189146257e-07    |    4.8082917779e+03    |    4.7735838040e+03    |
| 0.76700 |    3.1182607816e-07    |    4.8026014246e+03    |    4.7677513499e+03    |
| 0.76800 |    3.1176116127e-07    |    4.7969032864e+03    |    4.7619107285e+03    |
| 0.76900 |    3.1169671102e-07    |    4.7911977174e+03    |    4.7560622837e+03    |
| 0.77000 |    3.1163272653e-07    |    4.7854850707e+03    |    4.7502063582e+03    |
| 0.77100 |    3.1156920692e-07    |    4.7797656983e+03    |    4.7443432936e+03    |
| 0.77200 |    3.1150615127e-07    |    4.7740399514e+03    |    4.7384734303e+03    |
| 0.77300 |    3.1144355865e-07    |    4.7683081796e+03    |    4.7325971071e+03    |
| 0.77400 |    3.1138142811e-07    |    4.7625707318e+03    |    4.7267146616e+03    |
| 0.77500 |    3.1131975868e-07    |    4.7568279553e+03    |    4.7208264301e+03    |
| 0.77600 |    3.1125854939e-07    |    4.7510801965e+03    |    4.7149327473e+03    |
| 0.77700 |    3.1119779923e-07    |    4.7453278002e+03    |    4.7090339464e+03    |
| 0.77800 |    3.1113750719e-07    |    4.7395711100e+03    |    4.7031303590e+03    |
| 0.77900 |    3.1107767225e-07    |    4.7338104681e+03    |    4.6972223152e+03    |
| 0.78000 |    3.1101829334e-07    |    4.7280462152e+03    |    4.6913101433e+03    |
| 0.78100 |    3.1095936941e-07    |    4.7222786905e+03    |    4.6853941702e+03    |
| 0.78200 |    3.1090089937e-07    |    4.7165082318e+03    |    4.6794747208e+03    |
| 0.78300 |    3.1084288214e-07    |    4.7107351751e+03    |    4.6735521181e+03    |
| 0.78400 |    3.1078531659e-07    |    4.7049598551e+03    |    4.6676266836e+03    |
| 0.78500 |    3.1072820161e-07    |    4.6991826046e+03    |    4.6616987367e+03    |
| 0.78600 |    3.1067153604e-07    |    4.6934037546e+03    |    4.6557685950e+03    |
| 0.78700 |    3.1061531873e-07    |    4.6876236348e+03    |    4.6498365739e+03    |
| 0.78800 |    3.1055954851e-07    |    4.6818425726e+03    |    4.6439029870e+03    |
| 0.78900 |    3.1050422418e-07    |    4.6760608939e+03    |    4.6379681458e+03    |
| 0.79000 |    3.1044934454e-07    |    4.6702789227e+03    |    4.6320323596e+03    |
| 0.79100 |    3.1039490837e-07    |    4.6644969808e+03    |    4.6260959357e+03    |
| 0.79200 |    3.1034091444e-07    |    4.6587153885e+03    |    4.6201591790e+03    |
| 0.79300 |    3.1028736151e-07    |    4.6529344637e+03    |    4.6142223924e+03    |
| 0.79400 |    3.1023424830e-07    |    4.6471545226e+03    |    4.6082858763e+03    |
| 0.79500 |    3.1018157354e-07    |    4.6413758790e+03    |    4.6023499290e+03    |
| 0.79600 |    3.1012933594e-07    |    4.6355988449e+03    |    4.5964148462e+03    |
| 0.79700 |    3.1007753420e-07    |    4.6298237299e+03    |    4.5904809214e+03    |
| 0.79800 |    3.1002616699e-07    |    4.6240508416e+03    |    4.5845484456e+03    |
| 0.79900 |    3.0997523298e-07    |    4.6182804854e+03    |    4.5786177072e+03    |
| 0.80000 |    3.0992473083e-07    |    4.6125129642e+03    |    4.5726889922e+03    |
| 0.80100 |    3.0987465918e-07    |    4.6067485788e+03    |    4.5667625840e+03    |
| 0.80200 |    3.0982501665e-07    |    4.6009876277e+03    |    4.5608387634e+03    |
| 0.80300 |    3.0977580186e-07    |    4.5952304068e+03    |    4.5549178087e+03    |
| 0.80400 |    3.0972701340e-07    |    4.5894772100e+03    |    4.5489999951e+03    |
| 0.80500 |    3.0967864987e-07    |    4.5837283284e+03    |    4.5430855956e+03    |
| 0.80600 |    3.0963070985e-07    |    4.5779840508e+03    |    4.5371748802e+03    |
| 0.80700 |    3.0958319188e-07    |    4.5722446634e+03    |    4.5312681161e+03    |
| 0.80800 |    3.0953609453e-07    |    4.5665104502e+03    |    4.5253655677e+03    |
| 0.80900 |    3.0948941633e-07    |    4.5607816922e+03    |    4.5194674966e+03    |
| 0.81000 |    3.0944315581e-07    |    4.5550586681e+03    |    4.5135741615e+03    |
| 0.81100 |    3.0939731147e-07    |    4.5493416539e+03    |    4.5076858181e+03    |
| 0.81200 |    3.0935188183e-07    |    4.5436309230e+03    |    4.5018027192e+03    |
| 0.81300 |    3.0930686536e-07    |    4.5379267460e+03    |    4.4959251147e+03    |
| 0.81400 |    3.0926226056e-07    |    4.5322293911e+03    |    4.4900532513e+03    |
| 0.81500 |    3.0921806588e-07    |    4.5265391234e+03    |    4.4841873729e+03    |
| 0.81600 |    3.0917427978e-07    |    4.5208562056e+03    |    4.4783277201e+03    |
| 0.81700 |    3.0913090071e-07    |    4.5151808974e+03    |    4.4724745305e+03    |
| 0.81800 |    3.0908792710e-07    |    4.5095134559e+03    |    4.4666280386e+03    |
| 0.81900 |    3.0904535736e-07    |    4.5038541352e+03    |    4.4607884757e+03    |
| 0.82000 |    3.0900318992e-07    |    4.4982031867e+03    |    4.4549560699e+03    |
| 0.82100 |    3.0896142316e-07    |    4.4925608589e+03    |    4.4491310461e+03    |
| 0.82200 |    3.0892005549e-07    |    4.4869273975e+03    |    4.4433136260e+03    |
| 0.82300 |    3.0887908528e-07    |    4.4813030452e+03    |    4.4375040281e+03    |
| 0.82400 |    3.0883851089e-07    |    4.4756880419e+03    |    4.4317024675e+03    |
| 0.82500 |    3.0879833070e-07    |    4.4700826245e+03    |    4.4259091560e+03    |
| 0.82600 |    3.0875854305e-07    |    4.4644870271e+03    |    4.4201243023e+03    |
| 0.82700 |    3.0871914627e-07    |    4.4589014807e+03    |    4.4143481115e+03    |
| 0.82800 |    3.0868013870e-07    |    4.4533262135e+03    |    4.4085807855e+03    |
| 0.82900 |    3.0864151865e-07    |    4.4477614506e+03    |    4.4028225228e+03    |
| 0.83000 |    3.0860328444e-07    |    4.4422074142e+03    |    4.3970735184e+03    |
| 0.83100 |    3.0856543437e-07    |    4.4366643234e+03    |    4.3913339640e+03    |
| 0.83200 |    3.0852796673e-07    |    4.4311323946e+03    |    4.3856040480e+03    |
| 0.83300 |    3.0849087980e-07    |    4.4256118410e+03    |    4.3798839550e+03    |
| 0.83400 |    3.0845417185e-07    |    4.4201028726e+03    |    4.3741738666e+03    |
| 0.83500 |    3.0841784116e-07    |    4.4146056968e+03    |    4.3684739606e+03    |
| 0.83600 |    3.0838188597e-07    |    4.4091205177e+03    |    4.3627844114e+03    |
| 0.83700 |    3.0834630454e-07    |    4.4036475365e+03    |    4.3571053901e+03    |
| 0.83800 |    3.0831109510e-07    |    4.3981869514e+03    |    4.3514370642e+03    |
| 0.83900 |    3.0827625588e-07    |    4.3927389576e+03    |    4.3457795975e+03    |
| 0.84000 |    3.0824178510e-07    |    4.3873037473e+03    |    4.3401331507e+03    |
| 0.84100 |    3.0820768099e-07    |    4.3818815097e+03    |    4.3344978807e+03    |
| 0.84200 |    3.0817394174e-07    |    4.3764724309e+03    |    4.3288739409e+03    |
| 0.84300 |    3.0814056556e-07    |    4.3710766942e+03    |    4.3232614814e+03    |
| 0.84400 |    3.0810755063e-07    |    4.3656944797e+03    |    4.3176606485e+03    |
| 0.84500 |    3.0807489514e-07    |    4.3603259648e+03    |    4.3120715852e+03    |
| 0.84600 |    3.0804259726e-07    |    4.3549713237e+03    |    4.3064944308e+03    |
| 0.84700 |    3.0801065516e-07    |    4.3496307279e+03    |    4.3009293213e+03    |
| 0.84800 |    3.0797906701e-07    |    4.3443043457e+03    |    4.2953763890e+03    |
| 0.84900 |    3.0794783095e-07    |    4.3389923428e+03    |    4.2898357628e+03    |
| 0.85000 |    3.0791694513e-07    |    4.3336948817e+03    |    4.2843075681e+03    |
| 0.85100 |    3.0788640769e-07    |    4.3284121222e+03    |    4.2787919266e+03    |
| 0.85200 |    3.0785621676e-07    |    4.3231442213e+03    |    4.2732889567e+03    |
| 0.85300 |    3.0782637048e-07    |    4.3178913330e+03    |    4.2677987733e+03    |
| 0.85400 |    3.0779686695e-07    |    4.3126536086e+03    |    4.2623214878e+03    |
| 0.85500 |    3.0776770429e-07    |    4.3074311966e+03    |    4.2568572082e+03    |
| 0.85600 |    3.0773888061e-07    |    4.3022242428e+03    |    4.2514060387e+03    |
| 0.85700 |    3.0771039401e-07    |    4.2970328901e+03    |    4.2459680806e+03    |
| 0.85800 |    3.0768224258e-07    |    4.2918572790e+03    |    4.2405434313e+03    |
| 0.85900 |    3.0765442441e-07    |    4.2866975471e+03    |    4.2351321850e+03    |
| 0.86000 |    3.0762693758e-07    |    4.2815538293e+03    |    4.2297344326e+03    |
| 0.86100 |    3.0759978017e-07    |    4.2764262582e+03    |    4.2243502613e+03    |
| 0.86200 |    3.0757295024e-07    |    4.2713149636e+03    |    4.2189797551e+03    |
| 0.86300 |    3.0754644586e-07    |    4.2662200730e+03    |    4.2136229949e+03    |
| 0.86400 |    3.0752026510e-07    |    4.2611417111e+03    |    4.2082800577e+03    |
| 0.86500 |    3.0749440600e-07    |    4.2560800004e+03    |    4.2029510178e+03    |
| 0.86600 |    3.0746886661e-07    |    4.2510350611e+03    |    4.1976359458e+03    |
| 0.86700 |    3.0744364497e-07    |    4.2460070107e+03    |    4.1923349092e+03    |
| 0.86800 |    3.0741873913e-07    |    4.2409959649e+03    |    4.1870479723e+03    |
| 0.86900 |    3.0739414711e-07    |    4.2360020366e+03    |    4.1817751959e+03    |
| 0.87000 |    3.0736986694e-07    |    4.2310253369e+03    |    4.1765166381e+03    |
| 0.87100 |    3.0734589665e-07    |    4.2260659746e+03    |    4.1712723533e+03    |
| 0.87200 |    3.0732223425e-07    |    4.2211240566e+03    |    4.1660423932e+03    |
| 0.87300 |    3.0729887775e-07    |    4.2161996874e+03    |    4.1608268062e+03    |
| 0.87400 |    3.0727582517e-07    |    4.2112929698e+03    |    4.1556256377e+03    |
| 0.87500 |    3.0725307451e-07    |    4.2064040047e+03    |    4.1504389298e+03    |
| 0.87600 |    3.0723062377e-07    |    4.2015328910e+03    |    4.1452667219e+03    |
| 0.87700 |    3.0720847095e-07    |    4.1966797260e+03    |    4.1401090503e+03    |
| 0.87800 |    3.0718661403e-07    |    4.1918446050e+03    |    4.1349659484e+03    |
| 0.87900 |    3.0716505100e-07    |    4.1870276220e+03    |    4.1298374466e+03    |
| 0.88000 |    3.0714377985e-07    |    4.1822288693e+03    |    4.1247235725e+03    |
| 0.88100 |    3.0712279856e-07    |    4.1774484375e+03    |    4.1196243507e+03    |
| 0.88200 |    3.0710210510e-07    |    4.1726864160e+03    |    4.1145398032e+03    |
| 0.88300 |    3.0708169744e-07    |    4.1679428927e+03    |    4.1094699491e+03    |
| 0.88400 |    3.0706157355e-07    |    4.1632179544e+03    |    4.1044148048e+03    |
| 0.88500 |    3.0704173140e-07    |    4.1585116866e+03    |    4.0993743841e+03    |
| 0.88600 |    3.0702216895e-07    |    4.1538241737e+03    |    4.0943486980e+03    |
| 0.88700 |    3.0700288415e-07    |    4.1491554991e+03    |    4.0893377549e+03    |
| 0.88800 |    3.0698387497e-07    |    4.1445057452e+03    |    4.0843415607e+03    |
| 0.88900 |    3.0696513935e-07    |    4.1398749937e+03    |    4.0793601188e+03    |
| 0.89000 |    3.0694667524e-07    |    4.1352633254e+03    |    4.0743934300e+03    |
| 0.89100 |    3.0692848058e-07    |    4.1306708205e+03    |    4.0694414926e+03    |
| 0.89200 |    3.0691055333e-07    |    4.1260975587e+03    |    4.0645043028e+03    |
| 0.89300 |    3.0689289141e-07    |    4.1215436193e+03    |    4.0595818541e+03    |
| 0.89400 |    3.0687549277e-07    |    4.1170090811e+03    |    4.0546741378e+03    |
| 0.89500 |    3.0685835534e-07    |    4.1124940228e+03    |    4.0497811430e+03    |
| 0.89600 |    3.0684147706e-07    |    4.1079985228e+03    |    4.0449028566e+03    |
| 0.89700 |    3.0682485585e-07    |    4.1035226596e+03    |    4.0400392630e+03    |
| 0.89800 |    3.0680848963e-07    |    4.0990665118e+03    |    4.0351903449e+03    |
| 0.89900 |    3.0679237635e-07    |    4.0946301582e+03    |    4.0303560825e+03    |
| 0.90000 |    3.0677651391e-07    |    4.0902136779e+03    |    4.0255364543e+03    |
| 0.90100 |    3.0676090024e-07    |    4.0858171506e+03    |    4.0207314367e+03    |
| 0.90200 |    3.0674553326e-07    |    4.0814406562e+03    |    4.0159410039e+03    |
| 0.90300 |    3.0673041089e-07    |    4.0770842759e+03    |    4.0111651285e+03    |
| 0.90400 |    3.0671553104e-07    |    4.0727480912e+03    |    4.0064037810e+03    |
| 0.90500 |    3.0670089163e-07    |    4.0684321849e+03    |    4.0016569304e+03    |
| 0.90600 |    3.0668649056e-07    |    4.0641366408e+03    |    3.9969245436e+03    |
| 0.90700 |    3.0667232576e-07    |    4.0598615442e+03    |    3.9922065859e+03    |
| 0.90800 |    3.0665839512e-07    |    4.0556069815e+03    |    3.9875030209e+03    |
| 0.90900 |    3.0664469656e-07    |    4.0513730409e+03    |    3.9828138107e+03    |
| 0.91000 |    3.0663122798e-07    |    4.0471598122e+03    |    3.9781389157e+03    |
| 0.91100 |    3.0661798730e-07    |    4.0429673873e+03    |    3.9734782947e+03    |
| 0.91200 |    3.0660497241e-07    |    4.0387958599e+03    |    3.9688319052e+03    |
| 0.91300 |    3.0659218123e-07    |    4.0346453262e+03    |    3.9641997030e+03    |
| 0.91400 |    3.0657961164e-07    |    4.0305158846e+03    |    3.9595816428e+03    |
| 0.91500 |    3.0656726157e-07    |    4.0264076362e+03    |    3.9549776776e+03    |
| 0.91600 |    3.0655512891e-07    |    4.0223206848e+03    |    3.9503877594e+03    |
| 0.91700 |    3.0654321156e-07    |    4.0182551375e+03    |    3.9458118388e+03    |
| 0.91800 |    3.0653150742e-07    |    4.0142111041e+03    |    3.9412498652e+03    |
| 0.91900 |    3.0652001440e-07    |    4.0101886981e+03    |    3.9367017867e+03    |
| 0.92000 |    3.0650873040e-07    |    4.0061880365e+03    |    3.9321675505e+03    |
| 0.92100 |    3.0649765332e-07    |    4.0022092402e+03    |    3.9276471025e+03    |
| 0.92200 |    3.0648678106e-07    |    3.9982524340e+03    |    3.9231403878e+03    |
| 0.92300 |    3.0647611153e-07    |    3.9943177472e+03    |    3.9186473501e+03    |
| 0.92400 |    3.0646564262e-07    |    3.9904053134e+03    |    3.9141679325e+03    |
| 0.92500 |    3.0645537224e-07    |    3.9865152710e+03    |    3.9097020771e+03    |
| 0.92600 |    3.0644529830e-07    |    3.9826477637e+03    |    3.9052497250e+03    |
| 0.92700 |    3.0643541869e-07    |    3.9788029401e+03    |    3.9008108165e+03    |
| 0.92800 |    3.0642573133e-07    |    3.9749809549e+03    |    3.8963852911e+03    |
| 0.92900 |    3.0641623411e-07    |    3.9711819681e+03    |    3.8919730876e+03    |
| 0.93000 |    3.0640692496e-07    |    3.9674061464e+03    |    3.8875741440e+03    |
| 0.93100 |    3.0639780176e-07    |    3.9636536628e+03    |    3.8831883977e+03    |
| 0.93200 |    3.0638886245e-07    |    3.9599246969e+03    |    3.8788157853e+03    |
| 0.93300 |    3.0638010492e-07    |    3.9562194359e+03    |    3.8744562428e+03    |
| 0.93400 |    3.0637152709e-07    |    3.9525380742e+03    |    3.8701097058e+03    |
| 0.93500 |    3.0636312688e-07    |    3.9488808142e+03    |    3.8657761092e+03    |
| 0.93600 |    3.0635490219e-07    |    3.9452478667e+03    |    3.8614553874e+03    |
| 0.93700 |    3.0634685096e-07    |    3.9416394510e+03    |    3.8571474743e+03    |
| 0.93800 |    3.0633897110e-07    |    3.9380557955e+03    |    3.8528523034e+03    |
| 0.93900 |    3.0633126053e-07    |    3.9344971383e+03    |    3.8485698077e+03    |
| 0.94000 |    3.0632371719e-07    |    3.9309637274e+03    |    3.8442999198e+03    |
| 0.94100 |    3.0631633899e-07    |    3.9274558214e+03    |    3.8400425722e+03    |
| 0.94200 |    3.0630912387e-07    |    3.9239736898e+03    |    3.8357976966e+03    |
| 0.94300 |    3.0630206977e-07    |    3.9205176135e+03    |    3.8315652249e+03    |
| 0.94400 |    3.0629517461e-07    |    3.9170878857e+03    |    3.8273450883e+03    |
| 0.94500 |    3.0628843635e-07    |    3.9136848121e+03    |    3.8231372180e+03    |
| 0.94600 |    3.0628185292e-07    |    3.9103087118e+03    |    3.8189415448e+03    |
| 0.94700 |    3.0627542227e-07    |    3.9069599176e+03    |    3.8147579995e+03    |
| 0.94800 |    3.0626914235e-07    |    3.9036387771e+03    |    3.8105865125e+03    |
| 0.94900 |    3.0626301111e-07    |    3.9003456530e+03    |    3.8064270142e+03    |
| 0.95000 |    3.0625702652e-07    |    3.8970809243e+03    |    3.8022794348e+03    |
| 0.95100 |    3.0625118654e-07    |    3.8938449865e+03    |    3.7981437044e+03    |
| 0.95200 |    3.0624548913e-07    |    3.8906382531e+03    |    3.7940197530e+03    |
| 0.95300 |    3.0623993226e-07    |    3.8874611559e+03    |    3.7899075105e+03    |
| 0.95400 |    3.0623451392e-07    |    3.8843141463e+03    |    3.7858069067e+03    |
| 0.95500 |    3.0622923207e-07    |    3.8811976961e+03    |    3.7817178715e+03    |
| 0.95600 |    3.0622408471e-07    |    3.8781122986e+03    |    3.7776403347e+03    |
| 0.95700 |    3.0621906983e-07    |    3.8750584697e+03    |    3.7735742261e+03    |
| 0.95800 |    3.0621418542e-07    |    3.8720367490e+03    |    3.7695194755e+03    |
| 0.95900 |    3.0620942949e-07    |    3.8690477010e+03    |    3.7654760127e+03    |
| 0.96000 |    3.0620480004e-07    |    3.8660919168e+03    |    3.7614437676e+03    |
| 0.96100 |    3.0620029508e-07    |    3.8631700149e+03    |    3.7574226701e+03    |
| 0.96200 |    3.0619591264e-07    |    3.8602826430e+03    |    3.7534126503e+03    |
| 0.96300 |    3.0619165073e-07    |    3.8574304797e+03    |    3.7494136383e+03    |
| 0.96400 |    3.0618750740e-07    |    3.8546142358e+03    |    3.7454255641e+03    |
| 0.96500 |    3.0618348068e-07    |    3.8518346562e+03    |    3.7414483581e+03    |
| 0.96600 |    3.0617956862e-07    |    3.8490925221e+03    |    3.7374819508e+03    |
| 0.96700 |    3.0617576927e-07    |    3.8463886525e+03    |    3.7335262726e+03    |
| 0.96800 |    3.0617208068e-07    |    3.8437239071e+03    |    3.7295812543e+03    |
| 0.96900 |    3.0616850093e-07    |    3.8410991875e+03    |    3.7256468266e+03    |
| 0.97000 |    3.0616502809e-07    |    3.8385154407e+03    |    3.7217229206e+03    |
| 0.97100 |    3.0616166025e-07    |    3.8359736612e+03    |    3.7178094674e+03    |
| 0.97200 |    3.0615839549e-07    |    3.8334748938e+03    |    3.7139063983e+03    |
| 0.97300 |    3.0615523191e-07    |    3.8310202369e+03    |    3.7100136450e+03    |
| 0.97400 |    3.0615216763e-07    |    3.8286108454e+03    |    3.7061311392e+03    |
| 0.97500 |    3.0614920075e-07    |    3.8262479346e+03    |    3.7022588128e+03    |
| 0.97600 |    3.0614632941e-07    |    3.8239327834e+03    |    3.6983965979e+03    |
| 0.97700 |    3.0614355173e-07    |    3.8216667387e+03    |    3.6945444270e+03    |
| 0.97800 |    3.0614086588e-07    |    3.8194512194e+03    |    3.6907022326e+03    |
| 0.97900 |    3.0613826998e-07    |    3.8172877216e+03    |    3.6868699477e+03    |
| 0.98000 |    3.0613576222e-07    |    3.8151778226e+03    |    3.6830475053e+03    |
| 0.98100 |    3.0613334076e-07    |    3.8131231874e+03    |    3.6792348388e+03    |
| 0.98200 |    3.0613100379e-07    |    3.8111255739e+03    |    3.6754318819e+03    |
| 0.98300 |    3.0612874951e-07    |    3.8091868393e+03    |    3.6716385684e+03    |
| 0.98400 |    3.0612657612e-07    |    3.8073089472e+03    |    3.6678548325e+03    |
| 0.98500 |    3.0612448183e-07    |    3.8054939744e+03    |    3.6640806086e+03    |
| 0.98600 |    3.0612246488e-07    |    3.8037441198e+03    |    3.6603158317e+03    |
| 0.98700 |    3.0612052350e-07    |    3.8020617121e+03    |    3.6565604366e+03    |
| 0.98800 |    3.0611865595e-07    |    3.8004492202e+03    |    3.6528143588e+03    |
| 0.98900 |    3.0611686049e-07    |    3.7989092629e+03    |    3.6490775339e+03    |
| 0.99000 |    3.0611513540e-07    |    3.7974446203e+03    |    3.6453498980e+03    |
| 0.99100 |    3.0611347897e-07    |    3.7960582461e+03    |    3.6416313874e+03    |
| 0.99200 |    3.0611188950e-07    |    3.7947532811e+03    |    3.6379219389e+03    |
| 0.99300 |    3.0611036530e-07    |    3.7935330681e+03    |    3.6342214893e+03    |
| 0.99400 |    3.0610890471e-07    |    3.7924011674e+03    |    3.6305299762e+03    |
| 0.99500 |    3.0610750606e-07    |    3.7913613744e+03    |    3.6268473372e+03    |
| 0.99600 |    3.0610616772e-07    |    3.7904177401e+03    |    3.6231735105e+03    |
| 0.99700 |    3.0610488805e-07    |    3.7895745912e+03    |    3.6195084346e+03    |
| 0.99800 |    3.0610366544e-07    |    3.7888365539e+03    |    3.6158520484e+03    |
| 0.99900 |    3.0610249830e-07    |    3.7882085805e+03    |    3.6122042911e+03    |
| 1.00000 |    3.0610138503e-07    |    3.7849638063e+03    |    3.6085651024e+03    |
--------------------------------------------------------------------------------------