Число узлов n = 21
--------------------------------------------------------------------------------------
|    x    |          u(z)          |          f(z)          |     f(z) integral      |
--------------------------------------------------------------------------------------
| 0.00000 |    3.9604716496e-07    |    0.0000000000e+00    |    0.0000000000e+00    |
| 0.05000 |    3.9542909567e-07    |    6.1821882659e+02    |    5.8282323862e+02    |
| 0.10000 |    3.9382938641e-07    |    1.1795558998e+03    |    1.1656956168e+03    |
| 0.15000 |    3.9119854636e-07    |    1.7558992668e+03    |    1.7476413563e+03    |
| 0.20000 |    3.8753788502e-07    |    2.3305854844e+03    |    2.3256617078e+03    |
| 0.25000 |    3.8286981667e-07    |    2.8957909809e+03    |    2.8937869605e+03    |
| 0.30000 |    3.7724654693e-07    |    3.4411525685e+03    |    3.4422736979e+03    |
| 0.35000 |    3.7076337964e-07    |    3.9524073435e+03    |    3.9571324865e+03    |
| 0.40000 |    3.6357213655e-07    |    4.4113417313e+03    |    4.4202502320e+03    |
| 0.45000 |    3.5589055547e-07    |    4.7967881995e+03    |    4.8104328303e+03    |
| 0.50000 |    3.4800259939e-07    |    5.0868605515e+03    |    5.1056756839e+03    |
| 0.55000 |    3.4024453180e-07    |    5.3962945079e+03    |    5.2867987577e+03    |
| 0.60000 |    3.3259161277e-07    |    5.7446417070e+03    |    5.3422569795e+03    |
| 0.65000 |    3.2540444206e-07    |    6.0073599807e+03    |    5.2730112168e+03    |
| 0.70000 |    3.1901761985e-07    |    6.1933999350e+03    |    5.0957789200e+03    |
| 0.75000 |    3.1368733825e-07    |    6.3352775211e+03    |    4.8425244818e+03    |
| 0.80000 |    3.0954877903e-07    |    6.5010631580e+03    |    4.5542210491e+03    |
| 0.85000 |    3.0659969809e-07    |    6.8188944448e+03    |    4.2694020264e+03    |
| 0.90000 |    3.0471642780e-07    |    7.5590316473e+03    |    4.0124801588e+03    |
| 0.95000 |    3.0369118411e-07    |    9.5354258880e+03    |    3.7898606307e+03    |
| 1.00000 |    3.0326980223e-07    |    1.7765628278e+04    |    3.5964355426e+03    |
--------------------------------------------------------------------------------------