Число узлов n = 701
--------------------------------------------------------------------------------------
|    x    |          u(z)          |          f(z)          |     f(z) integral      |
--------------------------------------------------------------------------------------
| 0.00000 |    3.9227388868e-07    |    0.0000000000e+00    |    0.0000000000e+00    |
| 0.00143 |    3.9227338407e-07    |    1.7682255808e+01    |    1.6677077764e+01    |
| 0.00286 |    3.9227207629e-07    |    3.3756234777e+01    |    3.3354165573e+01    |
| 0.00429 |    3.9226992413e-07    |    5.0289744170e+01    |    5.0031273244e+01    |
| 0.00571 |    3.9226692170e-07    |    6.6899868222e+01    |    6.6708410494e+01    |
| 0.00714 |    3.9226306704e-07    |    8.3537880663e+01    |    8.3385587022e+01    |
| 0.00857 |    3.9225835926e-07    |    1.0018933101e+02    |    1.0006281247e+02    |
| 0.01000 |    3.9225279786e-07    |    1.1684833764e+02    |    1.1674009637e+02    |
| 0.01143 |    3.9224638256e-07    |    1.3351204316e+02    |    1.3341744817e+02    |
| 0.01286 |    3.9223911317e-07    |    1.5017889000e+02    |    1.5009487717e+02    |
| 0.01429 |    3.9223098956e-07    |    1.6684795710e+02    |    1.6677239251e+02    |
| 0.01571 |    3.9222201163e-07    |    1.8351866582e+02    |    1.8345000317e+02    |
| 0.01714 |    3.9221217931e-07    |    2.0019063528e+02    |    2.0012771792e+02    |
| 0.01857 |    3.9220149254e-07    |    2.1686360531e+02    |    2.1680554534e+02    |
| 0.02000 |    3.9218995128e-07    |    2.3353739288e+02    |    2.3348349376e+02    |
| 0.02143 |    3.9217755549e-07    |    2.5021186606e+02    |    2.5016157126e+02    |
| 0.02286 |    3.9216430513e-07    |    2.6688692786e+02    |    2.6683978566e+02    |
| 0.02429 |    3.9215020019e-07    |    2.8356250578e+02    |    2.8351814448e+02    |
| 0.02571 |    3.9213524063e-07    |    3.0023854485e+02    |    3.0019665494e+02    |
| 0.02714 |    3.9211942644e-07    |    3.1691500293e+02    |    3.1687532392e+02    |
| 0.02857 |    3.9210275759e-07    |    3.3359184737e+02    |    3.3355415795e+02    |
| 0.03000 |    3.9208523408e-07    |    3.5026905264e+02    |    3.5023316321e+02    |
| 0.03143 |    3.9206685587e-07    |    3.6694659858e+02    |    3.6691234547e+02    |
| 0.03286 |    3.9204762295e-07    |    3.8362446918e+02    |    3.8359171011e+02    |
| 0.03429 |    3.9202753532e-07    |    4.0030265155e+02    |    4.0027126207e+02    |
| 0.03571 |    3.9200659296e-07    |    4.1698113523e+02    |    4.1695100587e+02    |
| 0.03714 |    3.9198479585e-07    |    4.3365991160e+02    |    4.3363094554e+02    |
| 0.03857 |    3.9196214399e-07    |    4.5033897342e+02    |    4.5031108463e+02    |
| 0.04000 |    3.9193863736e-07    |    4.6701831450e+02    |    4.6699142619e+02    |
| 0.04143 |    3.9191427595e-07    |    4.8369792941e+02    |    4.8367197275e+02    |
| 0.04286 |    3.9188905975e-07    |    5.0037781323e+02    |    5.0035272630e+02    |
| 0.04429 |    3.9186298875e-07    |    5.1705796138e+02    |    5.1703368826e+02    |
| 0.04571 |    3.9183606295e-07    |    5.3373836943e+02    |    5.3371485947e+02    |
| 0.04714 |    3.9180828233e-07    |    5.5041903302e+02    |    5.5039624018e+02    |
| 0.04857 |    3.9177964689e-07    |    5.6709994768e+02    |    5.6707783000e+02    |
| 0.05000 |    3.9175015663e-07    |    5.8378110880e+02    |    5.8375962792e+02    |
| 0.05143 |    3.9171981153e-07    |    6.0046251147e+02    |    6.0044163227e+02    |
| 0.05286 |    3.9168861159e-07    |    6.1714415050e+02    |    6.1712384069e+02    |
| 0.05429 |    3.9165655681e-07    |    6.3382602027e+02    |    6.3380625013e+02    |
| 0.05571 |    3.9162364719e-07    |    6.5050811471e+02    |    6.5048885682e+02    |
| 0.05714 |    3.9158988272e-07    |    6.6719042725e+02    |    6.6717165626e+02    |
| 0.05857 |    3.9155526341e-07    |    6.8387295077e+02    |    6.8385464319e+02    |
| 0.06000 |    3.9151978925e-07    |    7.0055567753e+02    |    7.0053781158e+02    |
| 0.06143 |    3.9148346025e-07    |    7.1723859919e+02    |    7.1722115460e+02    |
| 0.06286 |    3.9144627640e-07    |    7.3392170670e+02    |    7.3390466460e+02    |
| 0.06429 |    3.9140823773e-07    |    7.5060499032e+02    |    7.5058833311e+02    |
| 0.06571 |    3.9136934422e-07    |    7.6728843957e+02    |    7.6727215081e+02    |
| 0.06714 |    3.9132959589e-07    |    7.8397204319e+02    |    7.8395610750e+02    |
| 0.06857 |    3.9128899275e-07    |    8.0065578911e+02    |    8.0064019208e+02    |
| 0.07000 |    3.9124753481e-07    |    8.1733966444e+02    |    8.1732439256e+02    |
| 0.07143 |    3.9120522208e-07    |    8.3402365543e+02    |    8.3400869600e+02    |
| 0.07286 |    3.9116205458e-07    |    8.5070774744e+02    |    8.5069308853e+02    |
| 0.07429 |    3.9111803233e-07    |    8.6739192492e+02    |    8.6737755530e+02    |
| 0.07571 |    3.9107315534e-07    |    8.8407617140e+02    |    8.8406208047e+02    |
| 0.07714 |    3.9102742364e-07    |    9.0076046942e+02    |    9.0074664720e+02    |
| 0.07857 |    3.9098083725e-07    |    9.1744480056e+02    |    9.1743123763e+02    |
| 0.08000 |    3.9093339619e-07    |    9.3412914540e+02    |    9.3411583283e+02    |
| 0.08143 |    3.9088510051e-07    |    9.5081348347e+02    |    9.5080041282e+02    |
| 0.08286 |    3.9083595021e-07    |    9.6749779326e+02    |    9.6748495655e+02    |
| 0.08429 |    3.9078594535e-07    |    9.8418205219e+02    |    9.8416944183e+02    |
| 0.08571 |    3.9073508596e-07    |    1.0008662366e+03    |    1.0008538454e+03    |
| 0.08714 |    3.9068337208e-07    |    1.0175503216e+03    |    1.0175381428e+03    |
| 0.08857 |    3.9063080376e-07    |    1.0342342813e+03    |    1.0342223084e+03    |
| 0.09000 |    3.9057738103e-07    |    1.0509180887e+03    |    1.0509063155e+03    |
| 0.09143 |    3.9052310396e-07    |    1.0676017154e+03    |    1.0675901361e+03    |
| 0.09286 |    3.9046797259e-07    |    1.0842851320e+03    |    1.0842737410e+03    |
| 0.09429 |    3.9041198698e-07    |    1.1009683077e+03    |    1.1009570997e+03    |
| 0.09571 |    3.9035514719e-07    |    1.1176512107e+03    |    1.1176401806e+03    |
| 0.09714 |    3.9029745329e-07    |    1.1343338077e+03    |    1.1343229507e+03    |
| 0.09857 |    3.9023890535e-07    |    1.1510160642e+03    |    1.1510053757e+03    |
| 0.10000 |    3.9017950344e-07    |    1.1676979445e+03    |    1.1676874200e+03    |
| 0.10143 |    3.9011924763e-07    |    1.1843794114e+03    |    1.1843690468e+03    |
| 0.10286 |    3.9005813802e-07    |    1.2010604264e+03    |    1.2010502177e+03    |
| 0.10429 |    3.8999617468e-07    |    1.2177409498e+03    |    1.2177308931e+03    |
| 0.10571 |    3.8993335771e-07    |    1.2344209404e+03    |    1.2344110320e+03    |
| 0.10714 |    3.8986968721e-07    |    1.2511003555e+03    |    1.2510905920e+03    |
| 0.10857 |    3.8980516327e-07    |    1.2677791511e+03    |    1.2677695291e+03    |
| 0.11000 |    3.8973978600e-07    |    1.2844572818e+03    |    1.2844477980e+03    |
| 0.11143 |    3.8967355551e-07    |    1.3011347006e+03    |    1.3011253519e+03    |
| 0.11286 |    3.8960647193e-07    |    1.3178113590e+03    |    1.3178021426e+03    |
| 0.11429 |    3.8953853537e-07    |    1.3344872073e+03    |    1.3344781202e+03    |
| 0.11571 |    3.8946974596e-07    |    1.3511621940e+03    |    1.3511532335e+03    |
| 0.11714 |    3.8940010384e-07    |    1.3678362660e+03    |    1.3678274296e+03    |
| 0.11857 |    3.8932960914e-07    |    1.3845093689e+03    |    1.3845006540e+03    |
| 0.12000 |    3.8925826202e-07    |    1.4011814466e+03    |    1.4011728507e+03    |
| 0.12143 |    3.8918606263e-07    |    1.4178524413e+03    |    1.4178439623e+03    |
| 0.12286 |    3.8911301112e-07    |    1.4345222938e+03    |    1.4345139293e+03    |
| 0.12429 |    3.8903910767e-07    |    1.4511909430e+03    |    1.4511826910e+03    |
| 0.12571 |    3.8896435244e-07    |    1.4678583265e+03    |    1.4678501849e+03    |
| 0.12714 |    3.8888874563e-07    |    1.4845243798e+03    |    1.4845163466e+03    |
| 0.12857 |    3.8881228741e-07    |    1.5011890371e+03    |    1.5011811105e+03    |
| 0.13000 |    3.8873497799e-07    |    1.5178522307e+03    |    1.5178444088e+03    |
| 0.13143 |    3.8865681756e-07    |    1.5345138911e+03    |    1.5345061721e+03    |
| 0.13286 |    3.8857780633e-07    |    1.5511739472e+03    |    1.5511663295e+03    |
| 0.13429 |    3.8849794454e-07    |    1.5678323261e+03    |    1.5678248081e+03    |
| 0.13571 |    3.8841723239e-07    |    1.5844889530e+03    |    1.5844815331e+03    |
| 0.13714 |    3.8833567014e-07    |    1.6011437515e+03    |    1.6011364283e+03    |
| 0.13857 |    3.8825325802e-07    |    1.6177966432e+03    |    1.6177894152e+03    |
| 0.14000 |    3.8816999628e-07    |    1.6344475480e+03    |    1.6344404138e+03    |
| 0.14143 |    3.8808588519e-07    |    1.6510963838e+03    |    1.6510893420e+03    |
| 0.14286 |    3.8800092502e-07    |    1.6677430667e+03    |    1.6677361161e+03    |
| 0.14429 |    3.8791511606e-07    |    1.6843875109e+03    |    1.6843806503e+03    |
| 0.14571 |    3.8782845858e-07    |    1.7010296286e+03    |    1.7010228568e+03    |
| 0.14714 |    3.8774095288e-07    |    1.7176693303e+03    |    1.7176626462e+03    |
| 0.14857 |    3.8765259929e-07    |    1.7343065244e+03    |    1.7342999267e+03    |
| 0.15000 |    3.8756339812e-07    |    1.7509411171e+03    |    1.7509346050e+03    |
| 0.15143 |    3.8747334969e-07    |    1.7675730131e+03    |    1.7675665855e+03    |
| 0.15286 |    3.8738245435e-07    |    1.7842021147e+03    |    1.7841957706e+03    |
| 0.15429 |    3.8729071246e-07    |    1.8008283223e+03    |    1.8008220608e+03    |
| 0.15571 |    3.8719812436e-07    |    1.8174515344e+03    |    1.8174453546e+03    |
| 0.15714 |    3.8710469044e-07    |    1.8340716472e+03    |    1.8340655482e+03    |
| 0.15857 |    3.8701041109e-07    |    1.8506885550e+03    |    1.8506825360e+03    |
| 0.16000 |    3.8691528669e-07    |    1.8673021499e+03    |    1.8672962101e+03    |
| 0.16143 |    3.8681931765e-07    |    1.8839123220e+03    |    1.8839064607e+03    |
| 0.16286 |    3.8672250441e-07    |    1.9005189592e+03    |    1.9005131756e+03    |
| 0.16429 |    3.8662484738e-07    |    1.9171219473e+03    |    1.9171162406e+03    |
| 0.16571 |    3.8652634701e-07    |    1.9337211698e+03    |    1.9337155395e+03    |
| 0.16714 |    3.8642700377e-07    |    1.9503165082e+03    |    1.9503109536e+03    |
| 0.16857 |    3.8632681812e-07    |    1.9669078418e+03    |    1.9669023622e+03    |
| 0.17000 |    3.8622579054e-07    |    1.9834950475e+03    |    1.9834896423e+03    |
| 0.17143 |    3.8612392154e-07    |    2.0000780001e+03    |    2.0000726688e+03    |
| 0.17286 |    3.8602121162e-07    |    2.0166565721e+03    |    2.0166513143e+03    |
| 0.17429 |    3.8591766132e-07    |    2.0332306340e+03    |    2.0332254489e+03    |
| 0.17571 |    3.8581327116e-07    |    2.0498000535e+03    |    2.0497949409e+03    |
| 0.17714 |    3.8570804170e-07    |    2.0663646965e+03    |    2.0663596557e+03    |
| 0.17857 |    3.8560197351e-07    |    2.0829244263e+03    |    2.0829194570e+03    |
| 0.18000 |    3.8549506717e-07    |    2.0994791041e+03    |    2.0994742057e+03    |
| 0.18143 |    3.8538732327e-07    |    2.1160285884e+03    |    2.1160237606e+03    |
| 0.18286 |    3.8527874244e-07    |    2.1325727356e+03    |    2.1325679781e+03    |
| 0.18429 |    3.8516932530e-07    |    2.1491113998e+03    |    2.1491067121e+03    |
| 0.18571 |    3.8505907249e-07    |    2.1656444325e+03    |    2.1656398143e+03    |
| 0.18714 |    3.8494798468e-07    |    2.1821716829e+03    |    2.1821671339e+03    |
| 0.18857 |    3.8483606253e-07    |    2.1986929978e+03    |    2.1986885176e+03    |
| 0.19000 |    3.8472330675e-07    |    2.2152082213e+03    |    2.2152038097e+03    |
| 0.19143 |    3.8460971803e-07    |    2.2317171955e+03    |    2.2317128521e+03    |
| 0.19286 |    3.8449529712e-07    |    2.2482197596e+03    |    2.2482154843e+03    |
| 0.19429 |    3.8438004474e-07    |    2.2647157507e+03    |    2.2647115431e+03    |
| 0.19571 |    3.8426396167e-07    |    2.2812050030e+03    |    2.2812008630e+03    |
| 0.19714 |    3.8414704868e-07    |    2.2976873485e+03    |    2.2976832758e+03    |
| 0.19857 |    3.8402930656e-07    |    2.3141626165e+03    |    2.3141586110e+03    |
| 0.20000 |    3.8391073614e-07    |    2.3306306339e+03    |    2.3306266953e+03    |
| 0.20143 |    3.8379133825e-07    |    2.3470912248e+03    |    2.3470873531e+03    |
| 0.20286 |    3.8367111373e-07    |    2.3635442111e+03    |    2.3635404060e+03    |
| 0.20429 |    3.8355006347e-07    |    2.3799894118e+03    |    2.3799856731e+03    |
| 0.20571 |    3.8342818834e-07    |    2.3964266433e+03    |    2.3964229710e+03    |
| 0.20714 |    3.8330548927e-07    |    2.4128557196e+03    |    2.4128521136e+03    |
| 0.20857 |    3.8318196718e-07    |    2.4292764520e+03    |    2.4292729121e+03    |
| 0.21000 |    3.8305762301e-07    |    2.4456886491e+03    |    2.4456851752e+03    |
| 0.21143 |    3.8293245775e-07    |    2.4620921167e+03    |    2.4620887089e+03    |
| 0.21286 |    3.8280647239e-07    |    2.4784866583e+03    |    2.4784833164e+03    |
| 0.21429 |    3.8267966792e-07    |    2.4948720745e+03    |    2.4948687985e+03    |
| 0.21571 |    3.8255204540e-07    |    2.5112481632e+03    |    2.5112449530e+03    |
| 0.21714 |    3.8242360586e-07    |    2.5276147196e+03    |    2.5276115752e+03    |
| 0.21857 |    3.8229435040e-07    |    2.5439715363e+03    |    2.5439684576e+03    |
| 0.22000 |    3.8216428010e-07    |    2.5603184030e+03    |    2.5603153901e+03    |
| 0.22143 |    3.8203339609e-07    |    2.5766551068e+03    |    2.5766521597e+03    |
| 0.22286 |    3.8190169951e-07    |    2.5929814320e+03    |    2.5929785506e+03    |
| 0.22429 |    3.8176919152e-07    |    2.6092971602e+03    |    2.6092943446e+03    |
| 0.22571 |    3.8163587332e-07    |    2.6256020701e+03    |    2.6255993203e+03    |
| 0.22714 |    3.8150174611e-07    |    2.6418959376e+03    |    2.6418932537e+03    |
| 0.22857 |    3.8136681113e-07    |    2.6581785361e+03    |    2.6581759180e+03    |
| 0.23000 |    3.8123106965e-07    |    2.6744496358e+03    |    2.6744470837e+03    |
| 0.23143 |    3.8109452294e-07    |    2.6907090043e+03    |    2.6907065183e+03    |
| 0.23286 |    3.8095717231e-07    |    2.7069564065e+03    |    2.7069539866e+03    |
| 0.23429 |    3.8081901910e-07    |    2.7231916041e+03    |    2.7231892504e+03    |
| 0.23571 |    3.8068006466e-07    |    2.7394143564e+03    |    2.7394120689e+03    |
| 0.23714 |    3.8054031038e-07    |    2.7556244194e+03    |    2.7556221984e+03    |
| 0.23857 |    3.8039975766e-07    |    2.7718215466e+03    |    2.7718193920e+03    |
| 0.24000 |    3.8025840794e-07    |    2.7880054884e+03    |    2.7880034005e+03    |
| 0.24143 |    3.8011626268e-07    |    2.8041759925e+03    |    2.8041739713e+03    |
| 0.24286 |    3.7997332336e-07    |    2.8203328035e+03    |    2.8203308492e+03    |
| 0.24429 |    3.7982959151e-07    |    2.8364756633e+03    |    2.8364737760e+03    |
| 0.24571 |    3.7968506866e-07    |    2.8526043109e+03    |    2.8526024907e+03    |
| 0.24714 |    3.7953975637e-07    |    2.8687184822e+03    |    2.8687167293e+03    |
| 0.24857 |    3.7939365625e-07    |    2.8848179103e+03    |    2.8848162249e+03    |
| 0.25000 |    3.7924676991e-07    |    2.9009023254e+03    |    2.9009007077e+03    |
| 0.25143 |    3.7909909901e-07    |    2.9169714548e+03    |    2.9169699049e+03    |
| 0.25286 |    3.7895064523e-07    |    2.9330250228e+03    |    2.9330235408e+03    |
| 0.25429 |    3.7880141027e-07    |    2.9490627507e+03    |    2.9490613369e+03    |
| 0.25571 |    3.7865139587e-07    |    2.9650843569e+03    |    2.9650830115e+03    |
| 0.25714 |    3.7850060380e-07    |    2.9810895570e+03    |    2.9810882802e+03    |
| 0.25857 |    3.7834903585e-07    |    2.9970780635e+03    |    2.9970768554e+03    |
| 0.26000 |    3.7819669385e-07    |    3.0130495858e+03    |    3.0130484468e+03    |
| 0.26143 |    3.7804357965e-07    |    3.0290038307e+03    |    3.0290027609e+03    |
| 0.26286 |    3.7788969514e-07    |    3.0449405017e+03    |    3.0449395013e+03    |
| 0.26429 |    3.7773504224e-07    |    3.0608592994e+03    |    3.0608583687e+03    |
| 0.26571 |    3.7757962288e-07    |    3.0767599216e+03    |    3.0767590607e+03    |
| 0.26714 |    3.7742343906e-07    |    3.0926420629e+03    |    3.0926412722e+03    |
| 0.26857 |    3.7726649277e-07    |    3.1085054151e+03    |    3.1085046947e+03    |
| 0.27000 |    3.7710878607e-07    |    3.1243496668e+03    |    3.1243490171e+03    |
| 0.27143 |    3.7695032101e-07    |    3.1401745039e+03    |    3.1401739250e+03    |
| 0.27286 |    3.7679109972e-07    |    3.1559796090e+03    |    3.1559791013e+03    |
| 0.27429 |    3.7663112432e-07    |    3.1717646620e+03    |    3.1717642256e+03    |
| 0.27571 |    3.7647039699e-07    |    3.1875293396e+03    |    3.1875289749e+03    |
| 0.27714 |    3.7630891993e-07    |    3.2032733157e+03    |    3.2032730229e+03    |
| 0.27857 |    3.7614669538e-07    |    3.2189962610e+03    |    3.2189960405e+03    |
| 0.28000 |    3.7598372561e-07    |    3.2346978434e+03    |    3.2346976954e+03    |
| 0.28143 |    3.7582001292e-07    |    3.2503777277e+03    |    3.2503776524e+03    |
| 0.28286 |    3.7565555965e-07    |    3.2660355757e+03    |    3.2660355736e+03    |
| 0.28429 |    3.7549036818e-07    |    3.2816710464e+03    |    3.2816711177e+03    |
| 0.28571 |    3.7532444091e-07    |    3.2972837957e+03    |    3.2972839406e+03    |
| 0.28714 |    3.7515778028e-07    |    3.3128734764e+03    |    3.3128736953e+03    |
| 0.28857 |    3.7499038877e-07    |    3.3284397385e+03    |    3.3284400316e+03    |
| 0.29000 |    3.7482226891e-07    |    3.3439822289e+03    |    3.3439825967e+03    |
| 0.29143 |    3.7465342322e-07    |    3.3595005918e+03    |    3.3595010345e+03    |
| 0.29286 |    3.7448385431e-07    |    3.3749944680e+03    |    3.3749949860e+03    |
| 0.29429 |    3.7431356478e-07    |    3.3904634958e+03    |    3.3904640893e+03    |
| 0.29571 |    3.7414255731e-07    |    3.4059073102e+03    |    3.4059079796e+03    |
| 0.29714 |    3.7397083457e-07    |    3.4213255435e+03    |    3.4213262891e+03    |
| 0.29857 |    3.7379839931e-07    |    3.4367178249e+03    |    3.4367186470e+03    |
| 0.30000 |    3.7362525430e-07    |    3.4520837807e+03    |    3.4520846796e+03    |
| 0.30143 |    3.7345140233e-07    |    3.4674230343e+03    |    3.4674240105e+03    |
| 0.30286 |    3.7327684625e-07    |    3.4827352062e+03    |    3.4827362599e+03    |
| 0.30429 |    3.7310158895e-07    |    3.4980199140e+03    |    3.4980210456e+03    |
| 0.30571 |    3.7292563334e-07    |    3.5132767723e+03    |    3.5132779822e+03    |
| 0.30714 |    3.7274898238e-07    |    3.5285053930e+03    |    3.5285066815e+03    |
| 0.30857 |    3.7257163907e-07    |    3.5437053850e+03    |    3.5437067523e+03    |
| 0.31000 |    3.7239360645e-07    |    3.5588763542e+03    |    3.5588778008e+03    |
| 0.31143 |    3.7221488759e-07    |    3.5740179038e+03    |    3.5740194301e+03    |
| 0.31286 |    3.7203548560e-07    |    3.5891296342e+03    |    3.5891312406e+03    |
| 0.31429 |    3.7185540364e-07    |    3.6042111430e+03    |    3.6042128297e+03    |
| 0.31571 |    3.7167464490e-07    |    3.6192620246e+03    |    3.6192637921e+03    |
| 0.31714 |    3.7149321262e-07    |    3.6342818711e+03    |    3.6342837197e+03    |
| 0.31857 |    3.7131111007e-07    |    3.6492702715e+03    |    3.6492722015e+03    |
| 0.32000 |    3.7112834056e-07    |    3.6642268120e+03    |    3.6642288239e+03    |
| 0.32143 |    3.7094490746e-07    |    3.6791510763e+03    |    3.6791531704e+03    |
| 0.32286 |    3.7076081415e-07    |    3.6940426450e+03    |    3.6940448216e+03    |
| 0.32429 |    3.7057606408e-07    |    3.7089010961e+03    |    3.7089033558e+03    |
| 0.32571 |    3.7039066071e-07    |    3.7237260051e+03    |    3.7237283481e+03    |
| 0.32714 |    3.7020460759e-07    |    3.7385169446e+03    |    3.7385193713e+03    |
| 0.32857 |    3.7001790825e-07    |    3.7532734843e+03    |    3.7532759952e+03    |
| 0.33000 |    3.6983056632e-07    |    3.7679951917e+03    |    3.7679977870e+03    |
| 0.33143 |    3.6964258542e-07    |    3.7826816313e+03    |    3.7826843115e+03    |
| 0.33286 |    3.6945396926e-07    |    3.7973323652e+03    |    3.7973351306e+03    |
| 0.33429 |    3.6926472157e-07    |    3.8119469526e+03    |    3.8119498038e+03    |
| 0.33571 |    3.6907484611e-07    |    3.8265249505e+03    |    3.8265278877e+03    |
| 0.33714 |    3.6888434670e-07    |    3.8410659130e+03    |    3.8410689366e+03    |
| 0.33857 |    3.6869322720e-07    |    3.8555693918e+03    |    3.8555725023e+03    |
| 0.34000 |    3.6850149151e-07    |    3.8700349362e+03    |    3.8700381339e+03    |
| 0.34143 |    3.6830914358e-07    |    3.8844620927e+03    |    3.8844653780e+03    |
| 0.34286 |    3.6811618740e-07    |    3.8988504057e+03    |    3.8988537790e+03    |
| 0.34429 |    3.6792262700e-07    |    3.9131994168e+03    |    3.9132028785e+03    |
| 0.34571 |    3.6772846645e-07    |    3.9275086653e+03    |    3.9275122158e+03    |
| 0.34714 |    3.6753370987e-07    |    3.9417776883e+03    |    3.9417813280e+03    |
| 0.34857 |    3.6733836144e-07    |    3.9560060203e+03    |    3.9560097496e+03    |
| 0.35000 |    3.6714242535e-07    |    3.9701931935e+03    |    3.9701970129e+03    |
| 0.35143 |    3.6694590586e-07    |    3.9843387379e+03    |    3.9843426476e+03    |
| 0.35286 |    3.6674880726e-07    |    3.9984421810e+03    |    3.9984461815e+03    |
| 0.35429 |    3.6655113390e-07    |    4.0125030483e+03    |    4.0125071400e+03    |
| 0.35571 |    3.6635289017e-07    |    4.0265208629e+03    |    4.0265250462e+03    |
| 0.35714 |    3.6615408049e-07    |    4.0404951457e+03    |    4.0404994210e+03    |
| 0.35857 |    3.6595470934e-07    |    4.0544254156e+03    |    4.0544297833e+03    |
| 0.36000 |    3.6575478124e-07    |    4.0683111891e+03    |    4.0683156496e+03    |
| 0.36143 |    3.6555430075e-07    |    4.0821519809e+03    |    4.0821565346e+03    |
| 0.36286 |    3.6535327249e-07    |    4.0959473035e+03    |    4.0959519508e+03    |
| 0.36429 |    3.6515170111e-07    |    4.1096966673e+03    |    4.1097014086e+03    |
| 0.36571 |    3.6494959132e-07    |    4.1233995808e+03    |    4.1234044165e+03    |
| 0.36714 |    3.6474694785e-07    |    4.1370555505e+03    |    4.1370604811e+03    |
| 0.36857 |    3.6454377551e-07    |    4.1506640811e+03    |    4.1506691068e+03    |
| 0.37000 |    3.6434007913e-07    |    4.1642246751e+03    |    4.1642297965e+03    |
| 0.37143 |    3.6413586359e-07    |    4.1777368336e+03    |    4.1777420509e+03    |
| 0.37286 |    3.6393113382e-07    |    4.1912000555e+03    |    4.1912053693e+03    |
| 0.37429 |    3.6372589479e-07    |    4.2046138381e+03    |    4.2046192487e+03    |
| 0.37571 |    3.6352015153e-07    |    4.2179776771e+03    |    4.2179831848e+03    |
| 0.37714 |    3.6331390910e-07    |    4.2312910662e+03    |    4.2312966715e+03    |
| 0.37857 |    3.6310717262e-07    |    4.2445534977e+03    |    4.2445592011e+03    |
| 0.38000 |    3.6289994723e-07    |    4.2577644622e+03    |    4.2577702640e+03    |
| 0.38143 |    3.6269223815e-07    |    4.2709234489e+03    |    4.2709293494e+03    |
| 0.38286 |    3.6248405061e-07    |    4.2840299452e+03    |    4.2840359449e+03    |
| 0.38429 |    3.6227538992e-07    |    4.2970834372e+03    |    4.2970895366e+03    |
| 0.38571 |    3.6206626142e-07    |    4.3100834097e+03    |    4.3100896091e+03    |
| 0.38714 |    3.6185667049e-07    |    4.3230293459e+03    |    4.3230356457e+03    |
| 0.38857 |    3.6164662256e-07    |    4.3359207278e+03    |    4.3359271283e+03    |
| 0.39000 |    3.6143612311e-07    |    4.3487570361e+03    |    4.3487635378e+03    |
| 0.39143 |    3.6122517766e-07    |    4.3615377502e+03    |    4.3615443534e+03    |
| 0.39286 |    3.6101379178e-07    |    4.3742623484e+03    |    4.3742690535e+03    |
| 0.39429 |    3.6080197108e-07    |    4.3869303078e+03    |    4.3869371152e+03    |
| 0.39571 |    3.6058972123e-07    |    4.3995411045e+03    |    4.3995480146e+03    |
| 0.39714 |    3.6037704793e-07    |    4.4120942135e+03    |    4.4121012268e+03    |
| 0.39857 |    3.6016395693e-07    |    4.4245891090e+03    |    4.4245962257e+03    |
| 0.40000 |    3.5995045402e-07    |    4.4370252639e+03    |    4.4370324845e+03    |
| 0.40143 |    3.5973654504e-07    |    4.4494021507e+03    |    4.4494094755e+03    |
| 0.40286 |    3.5952223588e-07    |    4.4617192407e+03    |    4.4617266702e+03    |
| 0.40429 |    3.5930753247e-07    |    4.4739760048e+03    |    4.4739835392e+03    |
| 0.40571 |    3.5909244078e-07    |    4.4861719128e+03    |    4.4861795526e+03    |
| 0.40714 |    3.5887696684e-07    |    4.4983064342e+03    |    4.4983141798e+03    |
| 0.40857 |    3.5866111671e-07    |    4.5103790379e+03    |    4.5103868895e+03    |
| 0.41000 |    3.5844489649e-07    |    4.5223891919e+03    |    4.5223971500e+03    |
| 0.41143 |    3.5822831234e-07    |    4.5343363643e+03    |    4.5343444292e+03    |
| 0.41286 |    3.5801137046e-07    |    4.5462200223e+03    |    4.5462281945e+03    |
| 0.41429 |    3.5779407709e-07    |    4.5580396332e+03    |    4.5580479129e+03    |
| 0.41571 |    3.5757643850e-07    |    4.5697946636e+03    |    4.5698030512e+03    |
| 0.41714 |    3.5735846104e-07    |    4.5814845802e+03    |    4.5814930761e+03    |
| 0.41857 |    3.5714015107e-07    |    4.5931088495e+03    |    4.5931174540e+03    |
| 0.42000 |    3.5692151501e-07    |    4.6046669378e+03    |    4.6046756513e+03    |
| 0.42143 |    3.5670255931e-07    |    4.6161583114e+03    |    4.6161671344e+03    |
| 0.42286 |    3.5648329048e-07    |    4.6275824369e+03    |    4.6275913695e+03    |
| 0.42429 |    3.5626371506e-07    |    4.6389387807e+03    |    4.6389478234e+03    |
| 0.42571 |    3.5604383963e-07    |    4.6502268096e+03    |    4.6502359627e+03    |
| 0.42714 |    3.5582367082e-07    |    4.6614459905e+03    |    4.6614552543e+03    |
| 0.42857 |    3.5560321530e-07    |    4.6725957907e+03    |    4.6726051656e+03    |
| 0.43000 |    3.5538247979e-07    |    4.6836756781e+03    |    4.6836851644e+03    |
| 0.43143 |    3.5516147102e-07    |    4.6946851206e+03    |    4.6946947187e+03    |
| 0.43286 |    3.5494019581e-07    |    4.7056235872e+03    |    4.7056332973e+03    |
| 0.43429 |    3.5471866097e-07    |    4.7164905470e+03    |    4.7165003696e+03    |
| 0.43571 |    3.5449687339e-07    |    4.7272854702e+03    |    4.7272954056e+03    |
| 0.43714 |    3.5427483998e-07    |    4.7380078276e+03    |    4.7380178760e+03    |
| 0.43857 |    3.5405256769e-07    |    4.7486570907e+03    |    4.7486672526e+03    |
| 0.44000 |    3.5383006351e-07    |    4.7592327323e+03    |    4.7592430078e+03    |
| 0.44143 |    3.5360733448e-07    |    4.7697342257e+03    |    4.7697446153e+03    |
| 0.44286 |    3.5338438768e-07    |    4.7801610457e+03    |    4.7801715496e+03    |
| 0.44429 |    3.5316123020e-07    |    4.7905126681e+03    |    4.7905232867e+03    |
| 0.44571 |    3.5293786920e-07    |    4.8007885698e+03    |    4.8007993034e+03    |
| 0.44714 |    3.5271431186e-07    |    4.8109882293e+03    |    4.8109990781e+03    |
| 0.44857 |    3.5249056540e-07    |    4.8211111261e+03    |    4.8211220905e+03    |
| 0.45000 |    3.5226663709e-07    |    4.8311567416e+03    |    4.8311678219e+03    |
| 0.45143 |    3.5204253422e-07    |    4.8411245585e+03    |    4.8411357550e+03    |
| 0.45286 |    3.5181826412e-07    |    4.8510140612e+03    |    4.8510253742e+03    |
| 0.45429 |    3.5159383415e-07    |    4.8608247359e+03    |    4.8608361656e+03    |
| 0.45571 |    3.5136925173e-07    |    4.8705560704e+03    |    4.8705676172e+03    |
| 0.45714 |    3.5114452429e-07    |    4.8802075547e+03    |    4.8802192188e+03    |
| 0.45857 |    3.5091965930e-07    |    4.8897786805e+03    |    4.8897904622e+03    |
| 0.46000 |    3.5069466426e-07    |    4.8992689417e+03    |    4.8992808413e+03    |
| 0.46143 |    3.5046954672e-07    |    4.9086778344e+03    |    4.9086898522e+03    |
| 0.46286 |    3.5024431424e-07    |    4.9180048569e+03    |    4.9180169932e+03    |
| 0.46429 |    3.5001897443e-07    |    4.9272495098e+03    |    4.9272617648e+03    |
| 0.46571 |    3.4979353493e-07    |    4.9364112961e+03    |    4.9364236702e+03    |
| 0.46714 |    3.4956800339e-07    |    4.9454897215e+03    |    4.9455022148e+03    |
| 0.46857 |    3.4934238753e-07    |    4.9544842941e+03    |    4.9544969069e+03    |
| 0.47000 |    3.4911669507e-07    |    4.9633945248e+03    |    4.9634072574e+03    |
| 0.47143 |    3.4889093376e-07    |    4.9722199272e+03    |    4.9722327798e+03    |
| 0.47286 |    3.4866511140e-07    |    4.9809600178e+03    |    4.9809729908e+03    |
| 0.47429 |    3.4843923579e-07    |    4.9896143163e+03    |    4.9896274098e+03    |
| 0.47571 |    3.4821331478e-07    |    4.9981823451e+03    |    4.9981955595e+03    |
| 0.47714 |    3.4798735625e-07    |    5.0066636300e+03    |    5.0066769655e+03    |
| 0.47857 |    3.4776136809e-07    |    5.0150577001e+03    |    5.0150711568e+03    |
| 0.48000 |    3.4753535822e-07    |    5.0233640877e+03    |    5.0233776659e+03    |
| 0.48143 |    3.4730933459e-07    |    5.0315823285e+03    |    5.0315960286e+03    |
| 0.48286 |    3.4708330518e-07    |    5.0397119620e+03    |    5.0397257841e+03    |
| 0.48429 |    3.4685727799e-07    |    5.0477525312e+03    |    5.0477664755e+03    |
| 0.48571 |    3.4663126104e-07    |    5.0557035828e+03    |    5.0557176496e+03    |
| 0.48714 |    3.4640526237e-07    |    5.0635646674e+03    |    5.0635788569e+03    |
| 0.48857 |    3.4617929005e-07    |    5.0713353395e+03    |    5.0713496519e+03    |
| 0.49000 |    3.4595335218e-07    |    5.0790151576e+03    |    5.0790295932e+03    |
| 0.49143 |    3.4572745686e-07    |    5.0866036845e+03    |    5.0866182435e+03    |
| 0.49286 |    3.4550161222e-07    |    5.0941004872e+03    |    5.0941151697e+03    |
| 0.49429 |    3.4527582642e-07    |    5.1015051368e+03    |    5.1015199432e+03    |
| 0.49571 |    3.4505010762e-07    |    5.1088172092e+03    |    5.1088321395e+03    |
| 0.49714 |    3.4482446401e-07    |    5.1160362844e+03    |    5.1160513390e+03    |
| 0.49857 |    3.4459890379e-07    |    5.1231619475e+03    |    5.1231771266e+03    |
| 0.50000 |    3.4437343520e-07    |    5.1316154309e+03    |    5.1302090918e+03    |
| 0.50143 |    3.4414794152e-07    |    5.1400740814e+03    |    5.1371468300e+03    |
| 0.50286 |    3.4392254769e-07    |    5.1471114275e+03    |    5.1439899415e+03    |
| 0.50429 |    3.4369726195e-07    |    5.1540548113e+03    |    5.1507380309e+03    |
| 0.50571 |    3.4347209257e-07    |    5.1609038381e+03    |    5.1573907077e+03    |
| 0.50714 |    3.4324704784e-07    |    5.1676581187e+03    |    5.1639475872e+03    |
| 0.50857 |    3.4302213605e-07    |    5.1743172688e+03    |    5.1704082895e+03    |
| 0.51000 |    3.4279736550e-07    |    5.1808809097e+03    |    5.1767724405e+03    |
| 0.51143 |    3.4257274451e-07    |    5.1873486679e+03    |    5.1830396715e+03    |
| 0.51286 |    3.4234828142e-07    |    5.1937201757e+03    |    5.1892096195e+03    |
| 0.51429 |    3.4212398455e-07    |    5.1999950708e+03    |    5.1952819274e+03    |
| 0.51571 |    3.4189986226e-07    |    5.2061729968e+03    |    5.2012562439e+03    |
| 0.51714 |    3.4167592290e-07    |    5.2122536031e+03    |    5.2071322236e+03    |
| 0.51857 |    3.4145217482e-07    |    5.2182365452e+03    |    5.2129095272e+03    |
| 0.52000 |    3.4122862641e-07    |    5.2241214844e+03    |    5.2185878217e+03    |
| 0.52143 |    3.4100528602e-07    |    5.2299080884e+03    |    5.2241667803e+03    |
| 0.52286 |    3.4078216205e-07    |    5.2355960310e+03    |    5.2296460826e+03    |
| 0.52429 |    3.4055926286e-07    |    5.2411849926e+03    |    5.2350254148e+03    |
| 0.52571 |    3.4033659685e-07    |    5.2466746599e+03    |    5.2403044695e+03    |
| 0.52714 |    3.4011417240e-07    |    5.2520647263e+03    |    5.2454829463e+03    |
| 0.52857 |    3.3989199789e-07    |    5.2573548917e+03    |    5.2505605513e+03    |
| 0.53000 |    3.3967008171e-07    |    5.2625448630e+03    |    5.2555369978e+03    |
| 0.53143 |    3.3944843226e-07    |    5.2676343540e+03    |    5.2604120059e+03    |
| 0.53286 |    3.3922705790e-07    |    5.2726230853e+03    |    5.2651853029e+03    |
| 0.53429 |    3.3900596703e-07    |    5.2775107849e+03    |    5.2698566234e+03    |
| 0.53571 |    3.3878516802e-07    |    5.2822971878e+03    |    5.2744257093e+03    |
| 0.53714 |    3.3856466924e-07    |    5.2869820363e+03    |    5.2788923097e+03    |
| 0.53857 |    3.3834447906e-07    |    5.2915650803e+03    |    5.2832561816e+03    |
| 0.54000 |    3.3812460584e-07    |    5.2960460771e+03    |    5.2875170895e+03    |
| 0.54143 |    3.3790505793e-07    |    5.3004247916e+03    |    5.2916748054e+03    |
| 0.54286 |    3.3768584369e-07    |    5.3047009964e+03    |    5.2957291095e+03    |
| 0.54429 |    3.3746697144e-07    |    5.3088744721e+03    |    5.2996797897e+03    |
| 0.54571 |    3.3724844950e-07    |    5.3129450071e+03    |    5.3035266420e+03    |
| 0.54714 |    3.3703028620e-07    |    5.3169123978e+03    |    5.3072694706e+03    |
| 0.54857 |    3.3681248983e-07    |    5.3207764488e+03    |    5.3109080878e+03    |
| 0.55000 |    3.3659506868e-07    |    5.3245369729e+03    |    5.3144423144e+03    |
| 0.55143 |    3.3637803103e-07    |    5.3281937912e+03    |    5.3178719795e+03    |
| 0.55286 |    3.3616138512e-07    |    5.3317467334e+03    |    5.3211969207e+03    |
| 0.55429 |    3.3594513921e-07    |    5.3351956374e+03    |    5.3244169845e+03    |
| 0.55571 |    3.3572930152e-07    |    5.3385403499e+03    |    5.3275320256e+03    |
| 0.55714 |    3.3551388024e-07    |    5.3417807265e+03    |    5.3305419081e+03    |
| 0.55857 |    3.3529888358e-07    |    5.3449166313e+03    |    5.3334465047e+03    |
| 0.56000 |    3.3508431969e-07    |    5.3479479375e+03    |    5.3362456970e+03    |
| 0.56143 |    3.3487019671e-07    |    5.3508745272e+03    |    5.3389393759e+03    |
| 0.56286 |    3.3465652278e-07    |    5.3536962917e+03    |    5.3415274415e+03    |
| 0.56429 |    3.3444330598e-07    |    5.3564131314e+03    |    5.3440098029e+03    |
| 0.56571 |    3.3423055439e-07    |    5.3590249560e+03    |    5.3463863789e+03    |
| 0.56714 |    3.3401827606e-07    |    5.3615316845e+03    |    5.3486570976e+03    |
| 0.56857 |    3.3380647901e-07    |    5.3639332456e+03    |    5.3508218967e+03    |
| 0.57000 |    3.3359517123e-07    |    5.3662295773e+03    |    5.3528807233e+03    |
| 0.57143 |    3.3338436069e-07    |    5.3684206273e+03    |    5.3548335345e+03    |
| 0.57286 |    3.3317405532e-07    |    5.3705063532e+03    |    5.3566802971e+03    |
| 0.57429 |    3.3296426303e-07    |    5.3724867220e+03    |    5.3584209878e+03    |
| 0.57571 |    3.3275499169e-07    |    5.3743617111e+03    |    5.3600555931e+03    |
| 0.57714 |    3.3254624913e-07    |    5.3761313075e+03    |    5.3615841097e+03    |
| 0.57857 |    3.3233804317e-07    |    5.3777955084e+03    |    5.3630065444e+03    |
| 0.58000 |    3.3213038156e-07    |    5.3793543211e+03    |    5.3643229142e+03    |
| 0.58143 |    3.3192327206e-07    |    5.3808077631e+03    |    5.3655332463e+03    |
| 0.58286 |    3.3171672235e-07    |    5.3821558624e+03    |    5.3666375783e+03    |
| 0.58429 |    3.3151074010e-07    |    5.3833986570e+03    |    5.3676359583e+03    |
| 0.58571 |    3.3130533291e-07    |    5.3845361956e+03    |    5.3685284447e+03    |
| 0.58714 |    3.3110050838e-07    |    5.3855685373e+03    |    5.3693151066e+03    |
| 0.58857 |    3.3089627404e-07    |    5.3864957520e+03    |    5.3699960237e+03    |
| 0.59000 |    3.3069263739e-07    |    5.3873179199e+03    |    5.3705712864e+03    |
| 0.59143 |    3.3048960588e-07    |    5.3880351323e+03    |    5.3710409959e+03    |
| 0.59286 |    3.3028718691e-07    |    5.3886474911e+03    |    5.3714052641e+03    |
| 0.59429 |    3.3008538786e-07    |    5.3891551090e+03    |    5.3716642139e+03    |
| 0.59571 |    3.2988421604e-07    |    5.3895581097e+03    |    5.3718179791e+03    |
| 0.59714 |    3.2968367871e-07    |    5.3898566279e+03    |    5.3718667045e+03    |
| 0.59857 |    3.2948378310e-07    |    5.3900508094e+03    |    5.3718105459e+03    |
| 0.60000 |    3.2928453637e-07    |    5.3901408110e+03    |    5.3716496704e+03    |
| 0.60143 |    3.2908594566e-07    |    5.3901268006e+03    |    5.3713842562e+03    |
| 0.60286 |    3.2888801803e-07    |    5.3900089575e+03    |    5.3710144924e+03    |
| 0.60429 |    3.2869076049e-07    |    5.3897874720e+03    |    5.3705405799e+03    |
| 0.60571 |    3.2849418001e-07    |    5.3894625460e+03    |    5.3699627304e+03    |
| 0.60714 |    3.2829828350e-07    |    5.3890343926e+03    |    5.3692811673e+03    |
| 0.60857 |    3.2810307781e-07    |    5.3885032363e+03    |    5.3684961251e+03    |
| 0.61000 |    3.2790856973e-07    |    5.3878693131e+03    |    5.3676078501e+03    |
| 0.61143 |    3.2771476602e-07    |    5.3871328704e+03    |    5.3666165997e+03    |
| 0.61286 |    3.2752167334e-07    |    5.3862941672e+03    |    5.3655226431e+03    |
| 0.61429 |    3.2732929833e-07    |    5.3853534741e+03    |    5.3643262607e+03    |
| 0.61571 |    3.2713764754e-07    |    5.3843110731e+03    |    5.3630277447e+03    |
| 0.61714 |    3.2694672747e-07    |    5.3831672581e+03    |    5.3616273988e+03    |
| 0.61857 |    3.2675654456e-07    |    5.3819223345e+03    |    5.3601255384e+03    |
| 0.62000 |    3.2656710519e-07    |    5.3805766194e+03    |    5.3585224904e+03    |
| 0.62143 |    3.2637841567e-07    |    5.3791304416e+03    |    5.3568185934e+03    |
| 0.62286 |    3.2619048224e-07    |    5.3775841416e+03    |    5.3550141977e+03    |
| 0.62429 |    3.2600331109e-07    |    5.3759380717e+03    |    5.3531096652e+03    |
| 0.62571 |    3.2581690832e-07    |    5.3741925960e+03    |    5.3511053697e+03    |
| 0.62714 |    3.2563128000e-07    |    5.3723480904e+03    |    5.3490016963e+03    |
| 0.62857 |    3.2544643208e-07    |    5.3704049423e+03    |    5.3467990422e+03    |
| 0.63000 |    3.2526237049e-07    |    5.3683635512e+03    |    5.3444978161e+03    |
| 0.63143 |    3.2507910106e-07    |    5.3662243284e+03    |    5.3420984384e+03    |
| 0.63286 |    3.2489662956e-07    |    5.3639876967e+03    |    5.3396013413e+03    |
| 0.63429 |    3.2471496169e-07    |    5.3616540911e+03    |    5.3370069685e+03    |
| 0.63571 |    3.2453410306e-07    |    5.3592239581e+03    |    5.3343157757e+03    |
| 0.63714 |    3.2435405923e-07    |    5.3566977562e+03    |    5.3315282300e+03    |
| 0.63857 |    3.2417483567e-07    |    5.3540759554e+03    |    5.3286448101e+03    |
| 0.64000 |    3.2399643778e-07    |    5.3513590377e+03    |    5.3256660067e+03    |
| 0.64143 |    3.2381887090e-07    |    5.3485474969e+03    |    5.3225923216e+03    |
| 0.64286 |    3.2364214026e-07    |    5.3456418383e+03    |    5.3194242687e+03    |
| 0.64429 |    3.2346625104e-07    |    5.3426425790e+03    |    5.3161623730e+03    |
| 0.64571 |    3.2329120833e-07    |    5.3395502479e+03    |    5.3128071714e+03    |
| 0.64714 |    3.2311701715e-07    |    5.3363653853e+03    |    5.3093592120e+03    |
| 0.64857 |    3.2294368243e-07    |    5.3330885435e+03    |    5.3058190545e+03    |
| 0.65000 |    3.2277120903e-07    |    5.3297202861e+03    |    5.3021872700e+03    |
| 0.65143 |    3.2259960171e-07    |    5.3262611882e+03    |    5.2984644409e+03    |
| 0.65286 |    3.2242886518e-07    |    5.3227118367e+03    |    5.2946511608e+03    |
| 0.65429 |    3.2225900405e-07    |    5.3190728296e+03    |    5.2907480349e+03    |
| 0.65571 |    3.2209002284e-07    |    5.3153447766e+03    |    5.2867556793e+03    |
| 0.65714 |    3.2192192600e-07    |    5.3115282986e+03    |    5.2826747213e+03    |
| 0.65857 |    3.2175471789e-07    |    5.3076240279e+03    |    5.2785057992e+03    |
| 0.66000 |    3.2158840278e-07    |    5.3036326079e+03    |    5.2742495626e+03    |
| 0.66143 |    3.2142298488e-07    |    5.2995546933e+03    |    5.2699066717e+03    |
| 0.66286 |    3.2125846828e-07    |    5.2953909498e+03    |    5.2654777977e+03    |
| 0.66429 |    3.2109485701e-07    |    5.2911420544e+03    |    5.2609636226e+03    |
| 0.66571 |    3.2093215499e-07    |    5.2868086947e+03    |    5.2563648392e+03    |
| 0.66714 |    3.2077036608e-07    |    5.2823915694e+03    |    5.2516821505e+03    |
| 0.66857 |    3.2060949404e-07    |    5.2778913880e+03    |    5.2469162706e+03    |
| 0.67000 |    3.2044954254e-07    |    5.2733088707e+03    |    5.2420679235e+03    |
| 0.67143 |    3.2029051515e-07    |    5.2686447483e+03    |    5.2371378440e+03    |
| 0.67286 |    3.2013241538e-07    |    5.2638997621e+03    |    5.2321267767e+03    |
| 0.67429 |    3.1997524663e-07    |    5.2590746639e+03    |    5.2270354767e+03    |
| 0.67571 |    3.1981901221e-07    |    5.2541702159e+03    |    5.2218647088e+03    |
| 0.67714 |    3.1966371535e-07    |    5.2491871904e+03    |    5.2166152478e+03    |
| 0.67857 |    3.1950935919e-07    |    5.2441263700e+03    |    5.2112878785e+03    |
| 0.68000 |    3.1935594677e-07    |    5.2389885472e+03    |    5.2058833951e+03    |
| 0.68143 |    3.1920348103e-07    |    5.2337745243e+03    |    5.2004026015e+03    |
| 0.68286 |    3.1905196485e-07    |    5.2284851136e+03    |    5.1948463108e+03    |
| 0.68429 |    3.1890140099e-07    |    5.2231211369e+03    |    5.1892153456e+03    |
| 0.68571 |    3.1875179214e-07    |    5.2176834256e+03    |    5.1835105376e+03    |
| 0.68714 |    3.1860314087e-07    |    5.2121728204e+03    |    5.1777327274e+03    |
| 0.68857 |    3.1845544969e-07    |    5.2065901716e+03    |    5.1718827645e+03    |
| 0.69000 |    3.1830872100e-07    |    5.2009363381e+03    |    5.1659615072e+03    |
| 0.69143 |    3.1816295709e-07    |    5.1952121882e+03    |    5.1599698223e+03    |
| 0.69286 |    3.1801816020e-07    |    5.1894185989e+03    |    5.1539085848e+03    |
| 0.69429 |    3.1787433244e-07    |    5.1835564557e+03    |    5.1477786784e+03    |
| 0.69571 |    3.1773147584e-07    |    5.1776266531e+03    |    5.1415809943e+03    |
| 0.69714 |    3.1758959235e-07    |    5.1716300934e+03    |    5.1353164321e+03    |
| 0.69857 |    3.1744868380e-07    |    5.1655676876e+03    |    5.1289858990e+03    |
| 0.70000 |    3.1730875195e-07    |    5.1594403544e+03    |    5.1225903095e+03    |
| 0.70143 |    3.1716979845e-07    |    5.1532490207e+03    |    5.1161305857e+03    |
| 0.70286 |    3.1703182487e-07    |    5.1469946207e+03    |    5.1096076570e+03    |
| 0.70429 |    3.1689483267e-07    |    5.1406780965e+03    |    5.1030224597e+03    |
| 0.70571 |    3.1675882324e-07    |    5.1343003974e+03    |    5.0963759368e+03    |
| 0.70714 |    3.1662379786e-07    |    5.1278624797e+03    |    5.0896690380e+03    |
| 0.70857 |    3.1648975772e-07    |    5.1213653071e+03    |    5.0829027196e+03    |
| 0.71000 |    3.1635670392e-07    |    5.1148098496e+03    |    5.0760779439e+03    |
| 0.71143 |    3.1622463746e-07    |    5.1081970842e+03    |    5.0691956793e+03    |
| 0.71286 |    3.1609355925e-07    |    5.1015279939e+03    |    5.0622569001e+03    |
| 0.71429 |    3.1596347011e-07    |    5.0948035683e+03    |    5.0552625859e+03    |
| 0.71571 |    3.1583437077e-07    |    5.0880248027e+03    |    5.0482137221e+03    |
| 0.71714 |    3.1570626187e-07    |    5.0811926982e+03    |    5.0411112989e+03    |
| 0.71857 |    3.1557914393e-07    |    5.0743082616e+03    |    5.0339563117e+03    |
| 0.72000 |    3.1545301742e-07    |    5.0673725050e+03    |    5.0267497604e+03    |
| 0.72143 |    3.1532788269e-07    |    5.0603864454e+03    |    5.0194926495e+03    |
| 0.72286 |    3.1520374000e-07    |    5.0533511052e+03    |    5.0121859878e+03    |
| 0.72429 |    3.1508058953e-07    |    5.0462675110e+03    |    5.0048307880e+03    |
| 0.72571 |    3.1495843136e-07    |    5.0391366942e+03    |    4.9974280665e+03    |
| 0.72714 |    3.1483726549e-07    |    5.0319596901e+03    |    4.9899788434e+03    |
| 0.72857 |    3.1471709182e-07    |    5.0247375383e+03    |    4.9824841421e+03    |
| 0.73000 |    3.1459791016e-07    |    5.0174712821e+03    |    4.9749449889e+03    |
| 0.73143 |    3.1447972023e-07    |    5.0101619680e+03    |    4.9673624129e+03    |
| 0.73286 |    3.1436252167e-07    |    5.0028106463e+03    |    4.9597374457e+03    |
| 0.73429 |    3.1424631401e-07    |    4.9954183699e+03    |    4.9520711215e+03    |
| 0.73571 |    3.1413109672e-07    |    4.9879861947e+03    |    4.9443644760e+03    |
| 0.73714 |    3.1401686917e-07    |    4.9805151790e+03    |    4.9366185470e+03    |
| 0.73857 |    3.1390363062e-07    |    4.9730063835e+03    |    4.9288343737e+03    |
| 0.74000 |    3.1379138029e-07    |    4.9654608710e+03    |    4.9210129966e+03    |
| 0.74143 |    3.1368011726e-07    |    4.9578797058e+03    |    4.9131554569e+03    |
| 0.74286 |    3.1356984057e-07    |    4.9502639539e+03    |    4.9052627967e+03    |
| 0.74429 |    3.1346054914e-07    |    4.9426146827e+03    |    4.8973360586e+03    |
| 0.74571 |    3.1335224182e-07    |    4.9349329602e+03    |    4.8893762849e+03    |
| 0.74714 |    3.1324491738e-07    |    4.9272198556e+03    |    4.8813845184e+03    |
| 0.74857 |    3.1313857451e-07    |    4.9194764381e+03    |    4.8733618008e+03    |
| 0.75000 |    3.1303321178e-07    |    4.9117037775e+03    |    4.8653091736e+03    |
| 0.75143 |    3.1292882773e-07    |    4.9039029433e+03    |    4.8572276772e+03    |
| 0.75286 |    3.1282542078e-07    |    4.8960750048e+03    |    4.8491183505e+03    |
| 0.75429 |    3.1272298927e-07    |    4.8882210305e+03    |    4.8409822310e+03    |
| 0.75571 |    3.1262153149e-07    |    4.8803420882e+03    |    4.8328203546e+03    |
| 0.75714 |    3.1252104561e-07    |    4.8724392445e+03    |    4.8246337547e+03    |
| 0.75857 |    3.1242152975e-07    |    4.8645135647e+03    |    4.8164234624e+03    |
| 0.76000 |    3.1232298193e-07    |    4.8565661121e+03    |    4.8081905064e+03    |
| 0.76143 |    3.1222540010e-07    |    4.8485979483e+03    |    4.7999359119e+03    |
| 0.76286 |    3.1212878214e-07    |    4.8406101326e+03    |    4.7916607012e+03    |
| 0.76429 |    3.1203312585e-07    |    4.8326037218e+03    |    4.7833658930e+03    |
| 0.76571 |    3.1193842893e-07    |    4.8245797699e+03    |    4.7750525020e+03    |
| 0.76714 |    3.1184468904e-07    |    4.8165393278e+03    |    4.7667215388e+03    |
| 0.76857 |    3.1175190375e-07    |    4.8084834432e+03    |    4.7583740098e+03    |
| 0.77000 |    3.1166007054e-07    |    4.8004131600e+03    |    4.7500109163e+03    |
| 0.77143 |    3.1156918684e-07    |    4.7923295183e+03    |    4.7416332550e+03    |
| 0.77286 |    3.1147925000e-07    |    4.7842335543e+03    |    4.7332420169e+03    |
| 0.77429 |    3.1139025729e-07    |    4.7761262995e+03    |    4.7248381877e+03    |
| 0.77571 |    3.1130220592e-07    |    4.7680087809e+03    |    4.7164227472e+03    |
| 0.77714 |    3.1121509302e-07    |    4.7598820204e+03    |    4.7079966690e+03    |
| 0.77857 |    3.1112891566e-07    |    4.7517470347e+03    |    4.6995609203e+03    |
| 0.78000 |    3.1104367083e-07    |    4.7436048354e+03    |    4.6911164616e+03    |
| 0.78143 |    3.1095935546e-07    |    4.7354564278e+03    |    4.6826642463e+03    |
| 0.78286 |    3.1087596641e-07    |    4.7273028118e+03    |    4.6742052208e+03    |
| 0.78429 |    3.1079350048e-07    |    4.7191449806e+03    |    4.6657403236e+03    |
| 0.78571 |    3.1071195439e-07    |    4.7109839211e+03    |    4.6572704857e+03    |
| 0.78714 |    3.1063132481e-07    |    4.7028206136e+03    |    4.6487966299e+03    |
| 0.78857 |    3.1055160834e-07    |    4.6946560312e+03    |    4.6403196706e+03    |
| 0.79000 |    3.1047280151e-07    |    4.6864911400e+03    |    4.6318405136e+03    |
| 0.79143 |    3.1039490080e-07    |    4.6783268983e+03    |    4.6233600559e+03    |
| 0.79286 |    3.1031790262e-07    |    4.6701642571e+03    |    4.6148791853e+03    |
| 0.79429 |    3.1024180332e-07    |    4.6620041593e+03    |    4.6063987803e+03    |
| 0.79571 |    3.1016659919e-07    |    4.6538475395e+03    |    4.5979197096e+03    |
| 0.79714 |    3.1009228647e-07    |    4.6456953243e+03    |    4.5894428322e+03    |
| 0.79857 |    3.1001886133e-07    |    4.6375484313e+03    |    4.5809689968e+03    |
| 0.80000 |    3.0994631989e-07    |    4.6294077696e+03    |    4.5724990418e+03    |
| 0.80143 |    3.0987465821e-07    |    4.6212742393e+03    |    4.5640337950e+03    |
| 0.80286 |    3.0980387229e-07    |    4.6131487310e+03    |    4.5555740735e+03    |
| 0.80429 |    3.0973395808e-07    |    4.6050321263e+03    |    4.5471206830e+03    |
| 0.80571 |    3.0966491149e-07    |    4.5969252970e+03    |    4.5386744183e+03    |
| 0.80714 |    3.0959672835e-07    |    4.5888291050e+03    |    4.5302360625e+03    |
| 0.80857 |    3.0952940446e-07    |    4.5807444026e+03    |    4.5218063870e+03    |
| 0.81000 |    3.0946293554e-07    |    4.5726720317e+03    |    4.5133861514e+03    |
| 0.81143 |    3.0939731730e-07    |    4.5646128241e+03    |    4.5049761031e+03    |
| 0.81286 |    3.0933254537e-07    |    4.5565676011e+03    |    4.4965769772e+03    |
| 0.81429 |    3.0926861534e-07    |    4.5485371735e+03    |    4.4881894963e+03    |
| 0.81571 |    3.0920552275e-07    |    4.5405223412e+03    |    4.4798143706e+03    |
| 0.81714 |    3.0914326309e-07    |    4.5325238935e+03    |    4.4714522971e+03    |
| 0.81857 |    3.0908183182e-07    |    4.5245426087e+03    |    4.4631039600e+03    |
| 0.82000 |    3.0902122433e-07    |    4.5165792537e+03    |    4.4547700304e+03    |
| 0.82143 |    3.0896143598e-07    |    4.5086345847e+03    |    4.4464511658e+03    |
| 0.82286 |    3.0890246209e-07    |    4.5007093464e+03    |    4.4381480107e+03    |
| 0.82429 |    3.0884429791e-07    |    4.4928042719e+03    |    4.4298611956e+03    |
| 0.82571 |    3.0878693868e-07    |    4.4849200834e+03    |    4.4215913375e+03    |
| 0.82714 |    3.0873037959e-07    |    4.4770574910e+03    |    4.4133390395e+03    |
| 0.82857 |    3.0867461577e-07    |    4.4692171938e+03    |    4.4051048907e+03    |
| 0.83000 |    3.0861964234e-07    |    4.4613998788e+03    |    4.3968894663e+03    |
| 0.83143 |    3.0856545435e-07    |    4.4536062217e+03    |    4.3886933271e+03    |
| 0.83286 |    3.0851204682e-07    |    4.4458368863e+03    |    4.3805170199e+03    |
| 0.83429 |    3.0845941476e-07    |    4.4380925250e+03    |    4.3723610770e+03    |
| 0.83571 |    3.0840755310e-07    |    4.4303737781e+03    |    4.3642260164e+03    |
| 0.83714 |    3.0835645676e-07    |    4.4226812746e+03    |    4.3561123415e+03    |
| 0.83857 |    3.0830612061e-07    |    4.4150156318e+03    |    4.3480205415e+03    |
| 0.84000 |    3.0825653951e-07    |    4.4073774552e+03    |    4.3399510906e+03    |
| 0.84143 |    3.0820770827e-07    |    4.3997673388e+03    |    4.3319044488e+03    |
| 0.84286 |    3.0815962164e-07    |    4.3921858653e+03    |    4.3238810613e+03    |
| 0.84429 |    3.0811227438e-07    |    4.3846336056e+03    |    4.3158813585e+03    |
| 0.84571 |    3.0806566120e-07    |    4.3771111196e+03    |    4.3079057565e+03    |
| 0.84714 |    3.0801977678e-07    |    4.3696189558e+03    |    4.2999546564e+03    |
| 0.84857 |    3.0797461576e-07    |    4.3621576514e+03    |    4.2920284449e+03    |
| 0.85000 |    3.0793017277e-07    |    4.3547277330e+03    |    4.2841274940e+03    |
| 0.85143 |    3.0788644238e-07    |    4.3473297160e+03    |    4.2762521612e+03    |
| 0.85286 |    3.0784341917e-07    |    4.3399641052e+03    |    4.2684027891e+03    |
| 0.85429 |    3.0780109766e-07    |    4.3326313949e+03    |    4.2605797063e+03    |
| 0.85571 |    3.0775947236e-07    |    4.3253320690e+03    |    4.2527832266e+03    |
| 0.85714 |    3.0771853774e-07    |    4.3180666014e+03    |    4.2450136494e+03    |
| 0.85857 |    3.0767828826e-07    |    4.3108354558e+03    |    4.2372712601e+03    |
| 0.86000 |    3.0763871834e-07    |    4.3036390866e+03    |    4.2295563295e+03    |
| 0.86143 |    3.0759982238e-07    |    4.2964779384e+03    |    4.2218691145e+03    |
| 0.86286 |    3.0756159477e-07    |    4.2893524469e+03    |    4.2142098580e+03    |
| 0.86429 |    3.0752402985e-07    |    4.2822630388e+03    |    4.2065787888e+03    |
| 0.86571 |    3.0748712196e-07    |    4.2752101323e+03    |    4.1989761221e+03    |
| 0.86714 |    3.0745086539e-07    |    4.2681941372e+03    |    4.1914020592e+03    |
| 0.86857 |    3.0741525445e-07    |    4.2612154557e+03    |    4.1838567882e+03    |
| 0.87000 |    3.0738028339e-07    |    4.2542744821e+03    |    4.1763404836e+03    |
| 0.87143 |    3.0734594646e-07    |    4.2473716037e+03    |    4.1688533066e+03    |
| 0.87286 |    3.0731223788e-07    |    4.2405072010e+03    |    4.1613954056e+03    |
| 0.87429 |    3.0727915186e-07    |    4.2336816483e+03    |    4.1539669160e+03    |
| 0.87571 |    3.0724668259e-07    |    4.2268953136e+03    |    4.1465679605e+03    |
| 0.87714 |    3.0721482422e-07    |    4.2201485597e+03    |    4.1391986491e+03    |
| 0.87857 |    3.0718357092e-07    |    4.2134417446e+03    |    4.1318590799e+03    |
| 0.88000 |    3.0715291682e-07    |    4.2067752213e+03    |    4.1245493384e+03    |
| 0.88143 |    3.0712285602e-07    |    4.2001493393e+03    |    4.1172694987e+03    |
| 0.88286 |    3.0709338264e-07    |    4.1935644444e+03    |    4.1100196226e+03    |
| 0.88429 |    3.0706449075e-07    |    4.1870208798e+03    |    4.1027997611e+03    |
| 0.88571 |    3.0703617443e-07    |    4.1805189862e+03    |    4.0956099534e+03    |
| 0.88714 |    3.0700842773e-07    |    4.1740591028e+03    |    4.0884502281e+03    |
| 0.88857 |    3.0698124469e-07    |    4.1676415678e+03    |    4.0813206027e+03    |
| 0.89000 |    3.0695461935e-07    |    4.1612667191e+03    |    4.0742210844e+03    |
| 0.89143 |    3.0692854572e-07    |    4.1549348948e+03    |    4.0671516701e+03    |
| 0.89286 |    3.0690301780e-07    |    4.1486464345e+03    |    4.0601123465e+03    |
| 0.89429 |    3.0687802958e-07    |    4.1424016792e+03    |    4.0531030910e+03    |
| 0.89571 |    3.0685357505e-07    |    4.1362009730e+03    |    4.0461238709e+03    |
| 0.89714 |    3.0682964817e-07    |    4.1300446631e+03    |    4.0391746446e+03    |
| 0.89857 |    3.0680624291e-07    |    4.1239331013e+03    |    4.0322553617e+03    |
| 0.90000 |    3.0678335322e-07    |    4.1178666444e+03    |    4.0253659627e+03    |
| 0.90143 |    3.0676097305e-07    |    4.1118456556e+03    |    4.0185063801e+03    |
| 0.90286 |    3.0673909631e-07    |    4.1058705050e+03    |    4.0116765378e+03    |
| 0.90429 |    3.0671771695e-07    |    4.0999415710e+03    |    4.0048763522e+03    |
| 0.90571 |    3.0669682889e-07    |    4.0940592411e+03    |    3.9981057320e+03    |
| 0.90714 |    3.0667642603e-07    |    4.0882239131e+03    |    3.9913645786e+03    |
| 0.90857 |    3.0665650228e-07    |    4.0824359961e+03    |    3.9846527862e+03    |
| 0.91000 |    3.0663705155e-07    |    4.0766959119e+03    |    3.9779702424e+03    |
| 0.91143 |    3.0661806774e-07    |    4.0710040963e+03    |    3.9713168284e+03    |
| 0.91286 |    3.0659954473e-07    |    4.0653610001e+03    |    3.9646924190e+03    |
| 0.91429 |    3.0658147642e-07    |    4.0597670907e+03    |    3.9580968830e+03    |
| 0.91571 |    3.0656385669e-07    |    4.0542228535e+03    |    3.9515300838e+03    |
| 0.91714 |    3.0654667943e-07    |    4.0487287932e+03    |    3.9449918792e+03    |
| 0.91857 |    3.0652993853e-07    |    4.0432854357e+03    |    3.9384821219e+03    |
| 0.92000 |    3.0651362786e-07    |    4.0378933297e+03    |    3.9320006597e+03    |
| 0.92143 |    3.0649774132e-07    |    4.0325530481e+03    |    3.9255473359e+03    |
| 0.92286 |    3.0648227277e-07    |    4.0272651903e+03    |    3.9191219894e+03    |
| 0.92429 |    3.0646721611e-07    |    4.0220303838e+03    |    3.9127244548e+03    |
| 0.92571 |    3.0645256523e-07    |    4.0168492864e+03    |    3.9063545630e+03    |
| 0.92714 |    3.0643831400e-07    |    4.0117225882e+03    |    3.9000121413e+03    |
| 0.92857 |    3.0642445633e-07    |    4.0066510139e+03    |    3.8936970136e+03    |
| 0.93000 |    3.0641098610e-07    |    4.0016353256e+03    |    3.8874090004e+03    |
| 0.93143 |    3.0639789722e-07    |    3.9966763247e+03    |    3.8811479195e+03    |
| 0.93286 |    3.0638518359e-07    |    3.9917748550e+03    |    3.8749135860e+03    |
| 0.93429 |    3.0637283913e-07    |    3.9869318056e+03    |    3.8687058123e+03    |
| 0.93571 |    3.0636085775e-07    |    3.9821481137e+03    |    3.8625244086e+03    |
| 0.93714 |    3.0634923338e-07    |    3.9774247681e+03    |    3.8563691830e+03    |
| 0.93857 |    3.0633795996e-07    |    3.9727628124e+03    |    3.8502399416e+03    |
| 0.94000 |    3.0632703143e-07    |    3.9681633491e+03    |    3.8441364888e+03    |
| 0.94143 |    3.0631644175e-07    |    3.9636275432e+03    |    3.8380586274e+03    |
| 0.94286 |    3.0630618488e-07    |    3.9591566265e+03    |    3.8320061589e+03    |
| 0.94429 |    3.0629625479e-07    |    3.9547519023e+03    |    3.8259788835e+03    |
| 0.94571 |    3.0628664549e-07    |    3.9504147499e+03    |    3.8199766004e+03    |
| 0.94714 |    3.0627735098e-07    |    3.9461466303e+03    |    3.8139991077e+03    |
| 0.94857 |    3.0626836526e-07    |    3.9419490917e+03    |    3.8080462028e+03    |
| 0.95000 |    3.0625968239e-07    |    3.9378237751e+03    |    3.8021176827e+03    |
| 0.95143 |    3.0625129641e-07    |    3.9337724216e+03    |    3.7962133434e+03    |
| 0.95286 |    3.0624320140e-07    |    3.9297968788e+03    |    3.7903329809e+03    |
| 0.95429 |    3.0623539143e-07    |    3.9258991087e+03    |    3.7844763908e+03    |
| 0.95571 |    3.0622786061e-07    |    3.9220811960e+03    |    3.7786433684e+03    |
| 0.95714 |    3.0622060309e-07    |    3.9183453570e+03    |    3.7728337091e+03    |
| 0.95857 |    3.0621361299e-07    |    3.9146939495e+03    |    3.7670472083e+03    |
| 0.96000 |    3.0620688450e-07    |    3.9111294831e+03    |    3.7612836614e+03    |
| 0.96143 |    3.0620041182e-07    |    3.9076546308e+03    |    3.7555428642e+03    |
| 0.96286 |    3.0619418916e-07    |    3.9042722417e+03    |    3.7498246126e+03    |
| 0.96429 |    3.0618821077e-07    |    3.9009853547e+03    |    3.7441287030e+03    |
| 0.96571 |    3.0618247093e-07    |    3.8977972136e+03    |    3.7384549322e+03    |
| 0.96714 |    3.0617696394e-07    |    3.8947112831e+03    |    3.7328030974e+03    |
| 0.96857 |    3.0617168414e-07    |    3.8917312673e+03    |    3.7271729966e+03    |
| 0.97000 |    3.0616662588e-07    |    3.8888611295e+03    |    3.7215644283e+03    |
| 0.97143 |    3.0616178356e-07    |    3.8861051138e+03    |    3.7159771917e+03    |
| 0.97286 |    3.0615715161e-07    |    3.8834677691e+03    |    3.7104110868e+03    |
| 0.97429 |    3.0615272450e-07    |    3.8809539758e+03    |    3.7048659143e+03    |
| 0.97571 |    3.0614849672e-07    |    3.8785689751e+03    |    3.6993414759e+03    |
| 0.97714 |    3.0614446281e-07    |    3.8763184015e+03    |    3.6938375741e+03    |
| 0.97857 |    3.0614061735e-07    |    3.8742083189e+03    |    3.6883540125e+03    |
| 0.98000 |    3.0613695496e-07    |    3.8722452606e+03    |    3.6828905956e+03    |
| 0.98143 |    3.0613347028e-07    |    3.8704362745e+03    |    3.6774471289e+03    |
| 0.98286 |    3.0613015802e-07    |    3.8687889721e+03    |    3.6720234191e+03    |
| 0.98429 |    3.0612701293e-07    |    3.8673115853e+03    |    3.6666192741e+03    |
| 0.98571 |    3.0612402979e-07    |    3.8660130285e+03    |    3.6612345028e+03    |
| 0.98714 |    3.0612120345e-07    |    3.8649029689e+03    |    3.6558689155e+03    |
| 0.98857 |    3.0611852878e-07    |    3.8639919063e+03    |    3.6505223237e+03    |
| 0.99000 |    3.0611600072e-07    |    3.8632912619e+03    |    3.6451945403e+03    |
| 0.99143 |    3.0611361427e-07    |    3.8628134797e+03    |    3.6398853793e+03    |
| 0.99286 |    3.0611136446e-07    |    3.8625721421e+03    |    3.6345946566e+03    |
| 0.99429 |    3.0610924639e-07    |    3.8625821000e+03    |    3.6293221891e+03    |
| 0.99571 |    3.0610725522e-07    |    3.8628596221e+03    |    3.6240677955e+03    |
| 0.99714 |    3.0610538615e-07    |    3.8634225661e+03    |    3.6188312958e+03    |
| 0.99857 |    3.0610363447e-07    |    3.8642905747e+03    |    3.6136125119e+03    |
| 1.00000 |    3.0610199550e-07    |    3.8598736200e+03    |    3.6084112672e+03    |
--------------------------------------------------------------------------------------