Число узлов n = 101
--------------------------------------------------------------------------------------
|    x    |          u(z)          |          f(z)          |     f(z) integral      |
--------------------------------------------------------------------------------------
| 0.00000 |    4.0365074257e-07    |    0.0000000000e+00    |    0.0000000000e+00    |
| 0.01000 |    4.0362601669e-07    |    1.2336828541e+02    |    1.1612863596e+02    |
| 0.02000 |    4.0356222775e-07    |    2.3515568845e+02    |    2.3226058265e+02    |
| 0.03000 |    4.0345729621e-07    |    3.5025898714e+02    |    3.4839875138e+02    |
| 0.04000 |    4.0331092288e-07    |    4.6592223441e+02    |    4.6454538246e+02    |
| 0.05000 |    4.0312300633e-07    |    5.8179562902e+02    |    5.8070175638e+02    |
| 0.06000 |    4.0289349985e-07    |    6.9777495687e+02    |    6.9686785877e+02    |
| 0.07000 |    4.0262237926e-07    |    8.1381610168e+02    |    8.1304205262e+02    |
| 0.08000 |    4.0230963314e-07    |    9.2989478215e+02    |    9.2922075221e+02    |
| 0.09000 |    4.0195525984e-07    |    1.0459938062e+03    |    1.0453980979e+03    |
| 0.10000 |    4.0155926707e-07    |    1.1620979697e+03    |    1.1615656314e+03    |
| 0.11000 |    4.0112167277e-07    |    1.2781916139e+03    |    1.2777119728e+03    |
| 0.12000 |    4.0064250673e-07    |    1.3942572624e+03    |    1.3938224978e+03    |
| 0.13000 |    4.0012181268e-07    |    1.5102747465e+03    |    1.5098790185e+03    |
| 0.14000 |    3.9955965075e-07    |    1.6262205742e+03    |    1.6258594658e+03    |
| 0.15000 |    3.9895610020e-07    |    1.7420674301e+03    |    1.7417375763e+03    |
| 0.16000 |    3.9831126254e-07    |    1.8577837508e+03    |    1.8574825839e+03    |
| 0.17000 |    3.9762526474e-07    |    1.9733333482e+03    |    1.9730589184e+03    |
| 0.18000 |    3.9689826276e-07    |    2.0886750657e+03    |    2.0884259103e+03    |
| 0.19000 |    3.9613044533e-07    |    2.2037624601e+03    |    2.2035375071e+03    |
| 0.20000 |    3.9532203778e-07    |    2.3185435051e+03    |    2.3183420000e+03    |
| 0.21000 |    3.9447330619e-07    |    2.4329603157e+03    |    2.4327817648e+03    |
| 0.22000 |    3.9358456164e-07    |    2.5469488936e+03    |    2.5467930190e+03    |
| 0.23000 |    3.9265616460e-07    |    2.6604388947e+03    |    2.6603055980e+03    |
| 0.24000 |    3.9168852940e-07    |    2.7733534211e+03    |    2.7732427534e+03    |
| 0.25000 |    3.9068212889e-07    |    2.8856088397e+03    |    2.8855209761e+03    |
| 0.26000 |    3.8963749904e-07    |    2.9971146314e+03    |    2.9970498487e+03    |
| 0.27000 |    3.8855524364e-07    |    3.1077732726e+03    |    3.1077319300e+03    |
| 0.28000 |    3.8743603899e-07    |    3.2174801550e+03    |    3.2174626755e+03    |
| 0.29000 |    3.8628063849e-07    |    3.3261235454e+03    |    3.3261303992e+03    |
| 0.30000 |    3.8508987717e-07    |    3.4335845917e+03    |    3.4336162799e+03    |
| 0.31000 |    3.8386467611e-07    |    3.5397373773e+03    |    3.5397944166e+03    |
| 0.32000 |    3.8260604657e-07    |    3.6444490316e+03    |    3.6445319381e+03    |
| 0.33000 |    3.8131509397e-07    |    3.7475798976e+03    |    3.7476891718e+03    |
| 0.34000 |    3.7999302148e-07    |    3.8489837646e+03    |    3.8491198754e+03    |
| 0.35000 |    3.7864113330e-07    |    3.9485081681e+03    |    3.9486715366e+03    |
| 0.36000 |    3.7726083745e-07    |    4.0459947637e+03    |    4.0461857470e+03    |
| 0.37000 |    3.7585364808e-07    |    4.1412797774e+03    |    4.1414986516e+03    |
| 0.38000 |    3.7442118716e-07    |    4.2341945383e+03    |    4.2344414811e+03    |
| 0.39000 |    3.7296518559e-07    |    4.3245660967e+03    |    4.3248411694e+03    |
| 0.40000 |    3.7148748353e-07    |    4.4122179303e+03    |    4.4125210600e+03    |
| 0.41000 |    3.6999002994e-07    |    4.4969707434e+03    |    4.4973017038e+03    |
| 0.42000 |    3.6847488125e-07    |    4.5786433596e+03    |    4.5790017519e+03    |
| 0.43000 |    3.6694419917e-07    |    4.6570537088e+03    |    4.6574389427e+03    |
| 0.44000 |    3.6540024739e-07    |    4.7320199121e+03    |    4.7324311858e+03    |
| 0.45000 |    3.6384538736e-07    |    4.8033614592e+03    |    4.8037977400e+03    |
| 0.46000 |    3.6228207283e-07    |    4.8709004811e+03    |    4.8713604856e+03    |
| 0.47000 |    3.6071284344e-07    |    4.9344631110e+03    |    4.9349452856e+03    |
| 0.48000 |    3.5914031696e-07    |    4.9938809302e+03    |    4.9943834324e+03    |
| 0.49000 |    3.5756718051e-07    |    5.0489924924e+03    |    5.0495131715e+03    |
| 0.50000 |    3.5599618048e-07    |    5.0996449168e+03    |    5.1001812964e+03    |
| 0.51000 |    3.5443011142e-07    |    5.1456955402e+03    |    5.1462448006e+03    |
| 0.52000 |    3.5287180368e-07    |    5.1870136142e+03    |    5.1875725764e+03    |
| 0.53000 |    3.5132411014e-07    |    5.2234820342e+03    |    5.2240471442e+03    |
| 0.54000 |    3.4978989176e-07    |    5.2549990799e+03    |    5.2555663945e+03    |
| 0.55000 |    3.4827200241e-07    |    5.2814801496e+03    |    5.2820453235e+03    |
| 0.56000 |    3.4677327286e-07    |    5.3028594648e+03    |    5.3034177383e+03    |
| 0.57000 |    3.4529649412e-07    |    5.3190917198e+03    |    5.3196379075e+03    |
| 0.58000 |    3.4384440033e-07    |    5.3301536490e+03    |    5.3306821297e+03    |
| 0.59000 |    3.4241965145e-07    |    5.3360454831e+03    |    5.3365501891e+03    |
| 0.60000 |    3.4102481571e-07    |    5.3367922603e+03    |    5.3372666676e+03    |
| 0.61000 |    3.3966235239e-07    |    5.3324449619e+03    |    5.3328820786e+03    |
| 0.62000 |    3.3833459481e-07    |    5.3230814351e+03    |    5.3234737881e+03    |
| 0.63000 |    3.3704373412e-07    |    5.3088070681e+03    |    5.3091466871e+03    |
| 0.64000 |    3.3579180379e-07    |    5.2897551832e+03    |    5.2900335790e+03    |
| 0.65000 |    3.3458066534e-07    |    5.2660871098e+03    |    5.2662952465e+03    |
| 0.66000 |    3.3341199538e-07    |    5.2379919073e+03    |    5.2381201653e+03    |
| 0.67000 |    3.3228727426e-07    |    5.2056857043e+03    |    5.2057238300e+03    |
| 0.68000 |    3.3120777651e-07    |    5.1694106290e+03    |    5.1693476691e+03    |
| 0.69000 |    3.3017456327e-07    |    5.1294333073e+03    |    5.1292575221e+03    |
| 0.70000 |    3.2918847684e-07    |    5.0860429168e+03    |    5.0857416663e+03    |
| 0.71000 |    3.2825013748e-07    |    5.0395487864e+03    |    5.0391083843e+03    |
| 0.72000 |    3.2735994247e-07    |    4.9902775502e+03    |    4.9896830750e+03    |
| 0.73000 |    3.2651806756e-07    |    4.9385698679e+03    |    4.9378049230e+03    |
| 0.74000 |    3.2572447057e-07    |    4.8847767449e+03    |    4.8838231542e+03    |
| 0.75000 |    3.2497889721e-07    |    4.8292554970e+03    |    4.8280929210e+03    |
| 0.76000 |    3.2428088892e-07    |    4.7723654235e+03    |    4.7709708769e+03    |
| 0.77000 |    3.2362979246e-07    |    4.7144632722e+03    |    4.7128105195e+03    |
| 0.78000 |    3.2302477100e-07    |    4.6558985981e+03    |    4.6539573960e+03    |
| 0.79000 |    3.2246481650e-07    |    4.5970091376e+03    |    4.5947442878e+03    |
| 0.80000 |    3.2194876299e-07    |    4.5381163437e+03    |    4.5354865036e+03    |
| 0.81000 |    3.2147530033e-07    |    4.4795212407e+03    |    4.4764774274e+03    |
| 0.82000 |    3.2104298833e-07    |    4.4215007774e+03    |    4.4179844766e+03    |
| 0.83000 |    3.2065027063e-07    |    4.3643048719e+03    |    4.3602456310e+03    |
| 0.84000 |    3.2029548835e-07    |    4.3081543480e+03    |    4.3034666887e+03    |
| 0.85000 |    3.1997689305e-07    |    4.2532399728e+03    |    4.2478193908e+03    |
| 0.86000 |    3.1969265897e-07    |    4.1997228125e+03    |    4.1934405337e+03    |
| 0.87000 |    3.1944089447e-07    |    4.1477361298e+03    |    4.1404321436e+03    |
| 0.88000 |    3.1921965264e-07    |    4.0973890756e+03    |    4.0888627394e+03    |
| 0.89000 |    3.1902694128e-07    |    4.0487724869e+03    |    4.0387696390e+03    |
| 0.90000 |    3.1886073233e-07    |    4.0019672411e+03    |    3.9901621913e+03    |
| 0.91000 |    3.1871897120e-07    |    3.9570558969e+03    |    3.9430257366e+03    |
| 0.92000 |    3.1859958616e-07    |    3.9141389208e+03    |    3.8973260265e+03    |
| 0.93000 |    3.1850049823e-07    |    3.8733578970e+03    |    3.8530137869e+03    |
| 0.94000 |    3.1841963210e-07    |    3.8349302908e+03    |    3.8100290912e+03    |
| 0.95000 |    3.1835492813e-07    |    3.7992046796e+03    |    3.7683052490e+03    |
| 0.96000 |    3.1830435614e-07    |    3.7667544267e+03    |    3.7277720008e+03    |
| 0.97000 |    3.1826593108e-07    |    3.7385477365e+03    |    3.6883579430e+03    |
| 0.98000 |    3.1823773084e-07    |    3.7162792577e+03    |    3.6499922475e+03    |
| 0.99000 |    3.1821791665e-07    |    3.7030704158e+03    |    3.6126058610e+03    |
| 1.00000 |    3.1820475601e-07    |    3.4262984119e+03    |    3.5761324118e+03    |
--------------------------------------------------------------------------------------