Число узлов n = 1001
--------------------------------------------------------------------------------------
|    x    |          u(z)          |          f(z)          |     f(z) integral      |
--------------------------------------------------------------------------------------
| 0.00000 |    3.9218829899e-07    |    0.0000000000e+00    |    0.0000000000e+00    |
| 0.00100 |    3.9218805173e-07    |    1.2377885420e+01    |    1.1674413619e+01    |
| 0.00200 |    3.9218741090e-07    |    2.3630218716e+01    |    2.3348830686e+01    |
| 0.00300 |    3.9218635630e-07    |    3.5204146144e+01    |    3.5023254571e+01    |
| 0.00400 |    3.9218488506e-07    |    4.6831681621e+01    |    4.6697688620e+01    |
| 0.00500 |    3.9218299620e-07    |    5.8478720749e+01    |    5.8372136180e+01    |
| 0.00600 |    3.9218068930e-07    |    7.0135146983e+01    |    7.0046600593e+01    |
| 0.00700 |    3.9217796411e-07    |    8.1796840741e+01    |    8.1721085186e+01    |
| 0.00800 |    3.9217482050e-07    |    9.3461798991e+01    |    9.3395593266e+01    |
| 0.00900 |    3.9217125837e-07    |    1.0512892844e+02    |    1.0507012812e+02    |
| 0.01000 |    3.9216727767e-07    |    1.1679758135e+02    |    1.1674469301e+02    |
| 0.01100 |    3.9216287833e-07    |    1.2846734973e+02    |    1.2841929117e+02    |
| 0.01200 |    3.9215806033e-07    |    1.4013796405e+02    |    1.4009392579e+02    |
| 0.01300 |    3.9215282365e-07    |    1.5180923943e+02    |    1.5176860004e+02    |
| 0.01400 |    3.9214716826e-07    |    1.6348104505e+02    |    1.6344331704e+02    |
| 0.01500 |    3.9214109414e-07    |    1.7515328602e+02    |    1.7511807988e+02    |
| 0.01600 |    3.9213460129e-07    |    1.8682589201e+02    |    1.8679289160e+02    |
| 0.01700 |    3.9212768968e-07    |    1.9849881001e+02    |    1.9846775518e+02    |
| 0.01800 |    3.9212035931e-07    |    2.1017199946e+02    |    2.1014267355e+02    |
| 0.01900 |    3.9211261017e-07    |    2.2184542892e+02    |    2.2181764961e+02    |
| 0.02000 |    3.9210444225e-07    |    2.3351907379e+02    |    2.3349268617e+02    |
| 0.02100 |    3.9209585555e-07    |    2.4519291464e+02    |    2.4516778599e+02    |
| 0.02200 |    3.9208685005e-07    |    2.5686693604e+02    |    2.5684295177e+02    |
| 0.02300 |    3.9207742575e-07    |    2.6854112561e+02    |    2.6851818613e+02    |
| 0.02400 |    3.9206758266e-07    |    2.8021547346e+02    |    2.8019349164e+02    |
| 0.02500 |    3.9205732075e-07    |    2.9188997159e+02    |    2.9186887077e+02    |
| 0.02600 |    3.9204664002e-07    |    3.0356461353e+02    |    3.0354432592e+02    |
| 0.02700 |    3.9203554048e-07    |    3.1523939407e+02    |    3.1521985942e+02    |
| 0.02800 |    3.9202402212e-07    |    3.2691430897e+02    |    3.2689547350e+02    |
| 0.02900 |    3.9201208493e-07    |    3.3858935481e+02    |    3.3857117032e+02    |
| 0.03000 |    3.9199972890e-07    |    3.5026452883e+02    |    3.5024695193e+02    |
| 0.03100 |    3.9198695404e-07    |    3.6193982877e+02    |    3.6192282029e+02    |
| 0.03200 |    3.9197376034e-07    |    3.7361525283e+02    |    3.7359877727e+02    |
| 0.03300 |    3.9196014780e-07    |    3.8529079954e+02    |    3.8527482463e+02    |
| 0.03400 |    3.9194611641e-07    |    3.9696646772e+02    |    3.9695096404e+02    |
| 0.03500 |    3.9193166616e-07    |    4.0864225638e+02    |    4.0862719705e+02    |
| 0.03600 |    3.9191679707e-07    |    4.2031816472e+02    |    4.2030352510e+02    |
| 0.03700 |    3.9190150911e-07    |    4.3199419209e+02    |    4.3197994952e+02    |
| 0.03800 |    3.9188580230e-07    |    4.4367033789e+02    |    4.4365647152e+02    |
| 0.03900 |    3.9186967662e-07    |    4.5534660161e+02    |    4.5533309220e+02    |
| 0.04000 |    3.9185313207e-07    |    4.6702298276e+02    |    4.6700981251e+02    |
| 0.04100 |    3.9183616865e-07    |    4.7869948089e+02    |    4.7868663331e+02    |
| 0.04200 |    3.9181878636e-07    |    4.9037609553e+02    |    4.9036355529e+02    |
| 0.04300 |    3.9180098520e-07    |    5.0205282618e+02    |    5.0204057905e+02    |
| 0.04400 |    3.9178276515e-07    |    5.1372967230e+02    |    5.1371770501e+02    |
| 0.04500 |    3.9176412623e-07    |    5.2540663332e+02    |    5.2539493348e+02    |
| 0.04600 |    3.9174506842e-07    |    5.3708370858e+02    |    5.3707226462e+02    |
| 0.04700 |    3.9172559172e-07    |    5.4876089734e+02    |    5.4874969843e+02    |
| 0.04800 |    3.9170569614e-07    |    5.6043819879e+02    |    5.6042723478e+02    |
| 0.04900 |    3.9168538167e-07    |    5.7211561202e+02    |    5.7210487337e+02    |
| 0.05000 |    3.9166464830e-07    |    5.8379313599e+02    |    5.8378261376e+02    |
| 0.05100 |    3.9164349605e-07    |    5.9547076958e+02    |    5.9546045533e+02    |
| 0.05200 |    3.9162192490e-07    |    6.0714851152e+02    |    6.0713839732e+02    |
| 0.05300 |    3.9159993485e-07    |    6.1882636043e+02    |    6.1881643879e+02    |
| 0.05400 |    3.9157752591e-07    |    6.3050431478e+02    |    6.3049457863e+02    |
| 0.05500 |    3.9155469808e-07    |    6.4218237291e+02    |    6.4217281556e+02    |
| 0.05600 |    3.9153145134e-07    |    6.5386053300e+02    |    6.5385114814e+02    |
| 0.05700 |    3.9150778571e-07    |    6.6553879308e+02    |    6.6552957472e+02    |
| 0.05800 |    3.9148370118e-07    |    6.7721715102e+02    |    6.7720809349e+02    |
| 0.05900 |    3.9145919776e-07    |    6.8889560454e+02    |    6.8888670245e+02    |
| 0.06000 |    3.9143427543e-07    |    7.0057415117e+02    |    7.0056539940e+02    |
| 0.06100 |    3.9140893422e-07    |    7.1225278827e+02    |    7.1224418197e+02    |
| 0.06200 |    3.9138317411e-07    |    7.2393151304e+02    |    7.2392304758e+02    |
| 0.06300 |    3.9135699510e-07    |    7.3561032247e+02    |    7.3560199344e+02    |
| 0.06400 |    3.9133039721e-07    |    7.4728921337e+02    |    7.4728101659e+02    |
| 0.06500 |    3.9130338043e-07    |    7.5896818237e+02    |    7.5896011384e+02    |
| 0.06600 |    3.9127594476e-07    |    7.7064722589e+02    |    7.7063928179e+02    |
| 0.06700 |    3.9124809021e-07    |    7.8232634015e+02    |    7.8231851685e+02    |
| 0.06800 |    3.9121981678e-07    |    7.9400552118e+02    |    7.9399781520e+02    |
| 0.06900 |    3.9119112447e-07    |    8.0568476478e+02    |    8.0567717279e+02    |
| 0.07000 |    3.9116201330e-07    |    8.1736406656e+02    |    8.1735658537e+02    |
| 0.07100 |    3.9113248326e-07    |    8.2904342188e+02    |    8.2903604846e+02    |
| 0.07200 |    3.9110253435e-07    |    8.4072282592e+02    |    8.4071555734e+02    |
| 0.07300 |    3.9107216659e-07    |    8.5240227362e+02    |    8.5239510709e+02    |
| 0.07400 |    3.9104137999e-07    |    8.6408175967e+02    |    8.6407469251e+02    |
| 0.07500 |    3.9101017454e-07    |    8.7576127855e+02    |    8.7575430820e+02    |
| 0.07600 |    3.9097855025e-07    |    8.8744082451e+02    |    8.8743394850e+02    |
| 0.07700 |    3.9094650714e-07    |    8.9912039156e+02    |    8.9911360751e+02    |
| 0.07800 |    3.9091404521e-07    |    9.1079997345e+02    |    9.1079327909e+02    |
| 0.07900 |    3.9088116447e-07    |    9.2247956370e+02    |    9.2247295684e+02    |
| 0.08000 |    3.9084786493e-07    |    9.3415915558e+02    |    9.3415263411e+02    |
| 0.08100 |    3.9081414659e-07    |    9.4583874209e+02    |    9.4583230400e+02    |
| 0.08200 |    3.9078000948e-07    |    9.5751831599e+02    |    9.5751195932e+02    |
| 0.08300 |    3.9074545360e-07    |    9.6919786978e+02    |    9.6919159266e+02    |
| 0.08400 |    3.9071047897e-07    |    9.8087739569e+02    |    9.8087119631e+02    |
| 0.08500 |    3.9067508559e-07    |    9.9255688569e+02    |    9.9255076231e+02    |
| 0.08600 |    3.9063927348e-07    |    1.0042363315e+03    |    1.0042302824e+03    |
| 0.08700 |    3.9060304266e-07    |    1.0159157244e+03    |    1.0159097481e+03    |
| 0.08800 |    3.9056639313e-07    |    1.0275950558e+03    |    1.0275891505e+03    |
| 0.08900 |    3.9052932493e-07    |    1.0392743163e+03    |    1.0392684807e+03    |
| 0.09000 |    3.9049183805e-07    |    1.0509534966e+03    |    1.0509477292e+03    |
| 0.09100 |    3.9045393253e-07    |    1.0626325870e+03    |    1.0626268864e+03    |
| 0.09200 |    3.9041560837e-07    |    1.0743115775e+03    |    1.0743059423e+03    |
| 0.09300 |    3.9037686560e-07    |    1.0859904578e+03    |    1.0859848867e+03    |
| 0.09400 |    3.9033770423e-07    |    1.0976692173e+03    |    1.0976637090e+03    |
| 0.09500 |    3.9029812430e-07    |    1.1093478451e+03    |    1.1093423984e+03    |
| 0.09600 |    3.9025812581e-07    |    1.1210263300e+03    |    1.1210209438e+03    |
| 0.09700 |    3.9021770880e-07    |    1.1327046606e+03    |    1.1326993336e+03    |
| 0.09800 |    3.9017687329e-07    |    1.1443828249e+03    |    1.1443775561e+03    |
| 0.09900 |    3.9013561930e-07    |    1.1560608110e+03    |    1.1560555992e+03    |
| 0.10000 |    3.9009394685e-07    |    1.1677386062e+03    |    1.1677334505e+03    |
| 0.10100 |    3.9005185598e-07    |    1.1794161979e+03    |    1.1794110973e+03    |
| 0.10200 |    3.9000934671e-07    |    1.1910935731e+03    |    1.1910885264e+03    |
| 0.10300 |    3.8996641907e-07    |    1.2027707181e+03    |    1.2027657246e+03    |
| 0.10400 |    3.8992307309e-07    |    1.2144476195e+03    |    1.2144426781e+03    |
| 0.10500 |    3.8987930881e-07    |    1.2261242629e+03    |    1.2261193729e+03    |
| 0.10600 |    3.8983512625e-07    |    1.2378006341e+03    |    1.2377957945e+03    |
| 0.10700 |    3.8979052545e-07    |    1.2494767183e+03    |    1.2494719283e+03    |
| 0.10800 |    3.8974550645e-07    |    1.2611525003e+03    |    1.2611477591e+03    |
| 0.10900 |    3.8970006927e-07    |    1.2728279648e+03    |    1.2728232716e+03    |
| 0.11000 |    3.8965421396e-07    |    1.2845030959e+03    |    1.2844984499e+03    |
| 0.11100 |    3.8960794056e-07    |    1.2961778775e+03    |    1.2961732780e+03    |
| 0.11200 |    3.8956124910e-07    |    1.3078522931e+03    |    1.3078477394e+03    |
| 0.11300 |    3.8951413963e-07    |    1.3195263258e+03    |    1.3195218172e+03    |
| 0.11400 |    3.8946661218e-07    |    1.3311999583e+03    |    1.3311954941e+03    |
| 0.11500 |    3.8941866681e-07    |    1.3428731732e+03    |    1.3428687528e+03    |
| 0.11600 |    3.8937030357e-07    |    1.3545459524e+03    |    1.3545415751e+03    |
| 0.11700 |    3.8932152248e-07    |    1.3662182776e+03    |    1.3662139428e+03    |
| 0.11800 |    3.8927232361e-07    |    1.3778901301e+03    |    1.3778858371e+03    |
| 0.11900 |    3.8922270701e-07    |    1.3895614908e+03    |    1.3895572391e+03    |
| 0.12000 |    3.8917267272e-07    |    1.4012323402e+03    |    1.4012281292e+03    |
| 0.12100 |    3.8912222080e-07    |    1.4129026585e+03    |    1.4128984877e+03    |
| 0.12200 |    3.8907135130e-07    |    1.4245724254e+03    |    1.4245682942e+03    |
| 0.12300 |    3.8902006428e-07    |    1.4362416203e+03    |    1.4362375282e+03    |
| 0.12400 |    3.8896835980e-07    |    1.4479102222e+03    |    1.4479061686e+03    |
| 0.12500 |    3.8891623792e-07    |    1.4595782096e+03    |    1.4595741941e+03    |
| 0.12600 |    3.8886369869e-07    |    1.4712455606e+03    |    1.4712415828e+03    |
| 0.12700 |    3.8881074218e-07    |    1.4829122532e+03    |    1.4829083125e+03    |
| 0.12800 |    3.8875736846e-07    |    1.4945782645e+03    |    1.4945743605e+03    |
| 0.12900 |    3.8870357759e-07    |    1.5062435716e+03    |    1.5062397038e+03    |
| 0.13000 |    3.8864936964e-07    |    1.5179081510e+03    |    1.5179043190e+03    |
| 0.13100 |    3.8859474468e-07    |    1.5295719788e+03    |    1.5295681823e+03    |
| 0.13200 |    3.8853970279e-07    |    1.5412350308e+03    |    1.5412312692e+03    |
| 0.13300 |    3.8848424403e-07    |    1.5528972821e+03    |    1.5528935551e+03    |
| 0.13400 |    3.8842836848e-07    |    1.5645587076e+03    |    1.5645550148e+03    |
| 0.13500 |    3.8837207622e-07    |    1.5762192818e+03    |    1.5762156228e+03    |
| 0.13600 |    3.8831536733e-07    |    1.5878789786e+03    |    1.5878753531e+03    |
| 0.13700 |    3.8825824189e-07    |    1.5995377716e+03    |    1.5995341792e+03    |
| 0.13800 |    3.8820069999e-07    |    1.6111956339e+03    |    1.6111920742e+03    |
| 0.13900 |    3.8814274171e-07    |    1.6228525381e+03    |    1.6228490109e+03    |
| 0.14000 |    3.8808436714e-07    |    1.6345084566e+03    |    1.6345049614e+03    |
| 0.14100 |    3.8802557637e-07    |    1.6461633610e+03    |    1.6461598975e+03    |
| 0.14200 |    3.8796636949e-07    |    1.6578172227e+03    |    1.6578137907e+03    |
| 0.14300 |    3.8790674660e-07    |    1.6694700125e+03    |    1.6694666117e+03    |
| 0.14400 |    3.8784670779e-07    |    1.6811217009e+03    |    1.6811183309e+03    |
| 0.14500 |    3.8778625317e-07    |    1.6927722578e+03    |    1.6927689184e+03    |
| 0.14600 |    3.8772538283e-07    |    1.7044216528e+03    |    1.7044183437e+03    |
| 0.14700 |    3.8766409688e-07    |    1.7160698548e+03    |    1.7160665757e+03    |
| 0.14800 |    3.8760239542e-07    |    1.7277168324e+03    |    1.7277135830e+03    |
| 0.14900 |    3.8754027857e-07    |    1.7393625536e+03    |    1.7393593338e+03    |
| 0.15000 |    3.8747774644e-07    |    1.7510069862e+03    |    1.7510037956e+03    |
| 0.15100 |    3.8741479913e-07    |    1.7626500971e+03    |    1.7626469355e+03    |
| 0.15200 |    3.8735143677e-07    |    1.7742918531e+03    |    1.7742887203e+03    |
| 0.15300 |    3.8728765948e-07    |    1.7859322204e+03    |    1.7859291161e+03    |
| 0.15400 |    3.8722346737e-07    |    1.7975711645e+03    |    1.7975680885e+03    |
| 0.15500 |    3.8715886057e-07    |    1.8092086507e+03    |    1.8092056028e+03    |
| 0.15600 |    3.8709383920e-07    |    1.8208446437e+03    |    1.8208416237e+03    |
| 0.15700 |    3.8702840341e-07    |    1.8324791077e+03    |    1.8324761154e+03    |
| 0.15800 |    3.8696255331e-07    |    1.8441120063e+03    |    1.8441090415e+03    |
| 0.15900 |    3.8689628904e-07    |    1.8557433028e+03    |    1.8557403652e+03    |
| 0.16000 |    3.8682961075e-07    |    1.8673729598e+03    |    1.8673700493e+03    |
| 0.16100 |    3.8676251857e-07    |    1.8790009396e+03    |    1.8789980560e+03    |
| 0.16200 |    3.8669501264e-07    |    1.8906272037e+03    |    1.8906243469e+03    |
| 0.16300 |    3.8662709311e-07    |    1.9022517134e+03    |    1.9022488832e+03    |
| 0.16400 |    3.8655876014e-07    |    1.9138744294e+03    |    1.9138716254e+03    |
| 0.16500 |    3.8649001387e-07    |    1.9254953116e+03    |    1.9254925339e+03    |
| 0.16600 |    3.8642085446e-07    |    1.9371143197e+03    |    1.9371115681e+03    |
| 0.16700 |    3.8635128207e-07    |    1.9487314128e+03    |    1.9487286871e+03    |
| 0.16800 |    3.8628129686e-07    |    1.9603465495e+03    |    1.9603438495e+03    |
| 0.16900 |    3.8621089899e-07    |    1.9719596876e+03    |    1.9719570133e+03    |
| 0.17000 |    3.8614008864e-07    |    1.9835707848e+03    |    1.9835681359e+03    |
| 0.17100 |    3.8606886596e-07    |    1.9951797980e+03    |    1.9951771744e+03    |
| 0.17200 |    3.8599723115e-07    |    2.0067866835e+03    |    2.0067840851e+03    |
| 0.17300 |    3.8592518437e-07    |    2.0183913972e+03    |    2.0183888239e+03    |
| 0.17400 |    3.8585272581e-07    |    2.0299938945e+03    |    2.0299913461e+03    |
| 0.17500 |    3.8577985566e-07    |    2.0415941300e+03    |    2.0415916065e+03    |
| 0.17600 |    3.8570657409e-07    |    2.0531920581e+03    |    2.0531895592e+03    |
| 0.17700 |    3.8563288130e-07    |    2.0647876324e+03    |    2.0647851581e+03    |
| 0.17800 |    3.8555877749e-07    |    2.0763808059e+03    |    2.0763783561e+03    |
| 0.17900 |    3.8548426286e-07    |    2.0879715313e+03    |    2.0879691058e+03    |
| 0.18000 |    3.8540933760e-07    |    2.0995597604e+03    |    2.0995573593e+03    |
| 0.18100 |    3.8533400192e-07    |    2.1111454449e+03    |    2.1111430679e+03    |
| 0.18200 |    3.8525825604e-07    |    2.1227285354e+03    |    2.1227261825e+03    |
| 0.18300 |    3.8518210016e-07    |    2.1343089823e+03    |    2.1343066533e+03    |
| 0.18400 |    3.8510553450e-07    |    2.1458867353e+03    |    2.1458844302e+03    |
| 0.18500 |    3.8502855929e-07    |    2.1574617435e+03    |    2.1574594622e+03    |
| 0.18600 |    3.8495117474e-07    |    2.1690339555e+03    |    2.1690316979e+03    |
| 0.18700 |    3.8487338109e-07    |    2.1806033192e+03    |    2.1806010853e+03    |
| 0.18800 |    3.8479517856e-07    |    2.1921697821e+03    |    2.1921675718e+03    |
| 0.18900 |    3.8471656740e-07    |    2.2037332910e+03    |    2.2037311042e+03    |
| 0.19000 |    3.8463754784e-07    |    2.2152937921e+03    |    2.2152916287e+03    |
| 0.19100 |    3.8455812013e-07    |    2.2268512311e+03    |    2.2268490909e+03    |
| 0.19200 |    3.8447828451e-07    |    2.2384055529e+03    |    2.2384034360e+03    |
| 0.19300 |    3.8439804125e-07    |    2.2499567020e+03    |    2.2499546083e+03    |
| 0.19400 |    3.8431739059e-07    |    2.2615046222e+03    |    2.2615025517e+03    |
| 0.19500 |    3.8423633279e-07    |    2.2730492569e+03    |    2.2730472095e+03    |
| 0.19600 |    3.8415486813e-07    |    2.2845905486e+03    |    2.2845885243e+03    |
| 0.19700 |    3.8407299686e-07    |    2.2961284394e+03    |    2.2961264381e+03    |
| 0.19800 |    3.8399071927e-07    |    2.3076628707e+03    |    2.3076608923e+03    |
| 0.19900 |    3.8390803564e-07    |    2.3191937834e+03    |    2.3191918278e+03    |
| 0.20000 |    3.8382494623e-07    |    2.3307211176e+03    |    2.3307191849e+03    |
| 0.20100 |    3.8374145135e-07    |    2.3422448129e+03    |    2.3422429030e+03    |
| 0.20200 |    3.8365755128e-07    |    2.3537648083e+03    |    2.3537629212e+03    |
| 0.20300 |    3.8357324631e-07    |    2.3652810422e+03    |    2.3652791777e+03    |
| 0.20400 |    3.8348853676e-07    |    2.3767934523e+03    |    2.3767916105e+03    |
| 0.20500 |    3.8340342292e-07    |    2.3883019756e+03    |    2.3883001565e+03    |
| 0.20600 |    3.8331790510e-07    |    2.3998065488e+03    |    2.3998047522e+03    |
| 0.20700 |    3.8323198363e-07    |    2.4113071075e+03    |    2.4113053336e+03    |
| 0.20800 |    3.8314565881e-07    |    2.4228035871e+03    |    2.4228018357e+03    |
| 0.20900 |    3.8305893097e-07    |    2.4342959222e+03    |    2.4342941933e+03    |
| 0.21000 |    3.8297180044e-07    |    2.4457840466e+03    |    2.4457823402e+03    |
| 0.21100 |    3.8288426756e-07    |    2.4572678937e+03    |    2.4572662098e+03    |
| 0.21200 |    3.8279633266e-07    |    2.4687473962e+03    |    2.4687457347e+03    |
| 0.21300 |    3.8270799609e-07    |    2.4802224861e+03    |    2.4802208470e+03    |
| 0.21400 |    3.8261925820e-07    |    2.4916930947e+03    |    2.4916914781e+03    |
| 0.21500 |    3.8253011934e-07    |    2.5031591529e+03    |    2.5031575587e+03    |
| 0.21600 |    3.8244057986e-07    |    2.5146205907e+03    |    2.5146190189e+03    |
| 0.21700 |    3.8235064014e-07    |    2.5260773376e+03    |    2.5260757881e+03    |
| 0.21800 |    3.8226030055e-07    |    2.5375293223e+03    |    2.5375277952e+03    |
| 0.21900 |    3.8216956145e-07    |    2.5489764730e+03    |    2.5489749682e+03    |
| 0.22000 |    3.8207842323e-07    |    2.5604187172e+03    |    2.5604172347e+03    |
| 0.22100 |    3.8198688628e-07    |    2.5718559816e+03    |    2.5718545215e+03    |
| 0.22200 |    3.8189495098e-07    |    2.5832881925e+03    |    2.5832867547e+03    |
| 0.22300 |    3.8180261773e-07    |    2.5947152753e+03    |    2.5947138598e+03    |
| 0.22400 |    3.8170988693e-07    |    2.6061371549e+03    |    2.6061357617e+03    |
| 0.22500 |    3.8161675899e-07    |    2.6175537554e+03    |    2.6175523845e+03    |
| 0.22600 |    3.8152323433e-07    |    2.6289650003e+03    |    2.6289636518e+03    |
| 0.22700 |    3.8142931336e-07    |    2.6403708125e+03    |    2.6403694863e+03    |
| 0.22800 |    3.8133499650e-07    |    2.6517711141e+03    |    2.6517698103e+03    |
| 0.22900 |    3.8124028419e-07    |    2.6631658266e+03    |    2.6631645451e+03    |
| 0.23000 |    3.8114517686e-07    |    2.6745548708e+03    |    2.6745536117e+03    |
| 0.23100 |    3.8104967495e-07    |    2.6859381669e+03    |    2.6859369302e+03    |
| 0.23200 |    3.8095377891e-07    |    2.6973156343e+03    |    2.6973144199e+03    |
| 0.23300 |    3.8085748920e-07    |    2.7086871917e+03    |    2.7086859997e+03    |
| 0.23400 |    3.8076080627e-07    |    2.7200527574e+03    |    2.7200515878e+03    |
| 0.23500 |    3.8066373059e-07    |    2.7314122486e+03    |    2.7314111014e+03    |
| 0.23600 |    3.8056626263e-07    |    2.7427655821e+03    |    2.7427644573e+03    |
| 0.23700 |    3.8046840286e-07    |    2.7541126739e+03    |    2.7541115716e+03    |
| 0.23800 |    3.8037015178e-07    |    2.7654534395e+03    |    2.7654523597e+03    |
| 0.23900 |    3.8027150987e-07    |    2.7767877934e+03    |    2.7767867361e+03    |
| 0.24000 |    3.8017247762e-07    |    2.7881156497e+03    |    2.7881146148e+03    |
| 0.24100 |    3.8007305554e-07    |    2.7994369216e+03    |    2.7994359093e+03    |
| 0.24200 |    3.7997324414e-07    |    2.8107515217e+03    |    2.8107505319e+03    |
| 0.24300 |    3.7987304393e-07    |    2.8220593619e+03    |    2.8220583947e+03    |
| 0.24400 |    3.7977245543e-07    |    2.8333603534e+03    |    2.8333594088e+03    |
| 0.24500 |    3.7967147918e-07    |    2.8446544068e+03    |    2.8446534847e+03    |
| 0.24600 |    3.7957011570e-07    |    2.8559414317e+03    |    2.8559405323e+03    |
| 0.24700 |    3.7946836554e-07    |    2.8672213373e+03    |    2.8672204606e+03    |
| 0.24800 |    3.7936622925e-07    |    2.8784940321e+03    |    2.8784931781e+03    |
| 0.24900 |    3.7926370737e-07    |    2.8897594237e+03    |    2.8897585924e+03    |
| 0.25000 |    3.7916080047e-07    |    2.9010174191e+03    |    2.9010166105e+03    |
| 0.25100 |    3.7905750912e-07    |    2.9122679246e+03    |    2.9122671388e+03    |
| 0.25200 |    3.7895383390e-07    |    2.9235108458e+03    |    2.9235100828e+03    |
| 0.25300 |    3.7884977537e-07    |    2.9347460876e+03    |    2.9347453475e+03    |
| 0.25400 |    3.7874533414e-07    |    2.9459735542e+03    |    2.9459728369e+03    |
| 0.25500 |    3.7864051080e-07    |    2.9571931490e+03    |    2.9571924547e+03    |
| 0.25600 |    3.7853530594e-07    |    2.9684047748e+03    |    2.9684041034e+03    |
| 0.25700 |    3.7842972019e-07    |    2.9796083337e+03    |    2.9796076853e+03    |
| 0.25800 |    3.7832375415e-07    |    2.9908037269e+03    |    2.9908031016e+03    |
| 0.25900 |    3.7821740845e-07    |    3.0019908552e+03    |    3.0019902529e+03    |
| 0.26000 |    3.7811068371e-07    |    3.0131696184e+03    |    3.0131690392e+03    |
| 0.26100 |    3.7800358059e-07    |    3.0243399158e+03    |    3.0243393597e+03    |
| 0.26200 |    3.7789609971e-07    |    3.0355016458e+03    |    3.0355011129e+03    |
| 0.26300 |    3.7778824175e-07    |    3.0466547063e+03    |    3.0466541966e+03    |
| 0.26400 |    3.7768000734e-07    |    3.0577989943e+03    |    3.0577985078e+03    |
| 0.26500 |    3.7757139717e-07    |    3.0689344061e+03    |    3.0689339429e+03    |
| 0.26600 |    3.7746241191e-07    |    3.0800608373e+03    |    3.0800603975e+03    |
| 0.26700 |    3.7735305223e-07    |    3.0911781830e+03    |    3.0911777666e+03    |
| 0.26800 |    3.7724331884e-07    |    3.1022863373e+03    |    3.1022859443e+03    |
| 0.26900 |    3.7713321242e-07    |    3.1133851937e+03    |    3.1133848242e+03    |
| 0.27000 |    3.7702273368e-07    |    3.1244746450e+03    |    3.1244742990e+03    |
| 0.27100 |    3.7691188333e-07    |    3.1355545833e+03    |    3.1355542608e+03    |
| 0.27200 |    3.7680066210e-07    |    3.1466248998e+03    |    3.1466246009e+03    |
| 0.27300 |    3.7668907071e-07    |    3.1576854852e+03    |    3.1576852100e+03    |
| 0.27400 |    3.7657710991e-07    |    3.1687362294e+03    |    3.1687359779e+03    |
| 0.27500 |    3.7646478042e-07    |    3.1797770216e+03    |    3.1797767938e+03    |
| 0.27600 |    3.7635208301e-07    |    3.1908077502e+03    |    3.1908075463e+03    |
| 0.27700 |    3.7623901843e-07    |    3.2018283031e+03    |    3.2018281230e+03    |
| 0.27800 |    3.7612558746e-07    |    3.2128385672e+03    |    3.2128384110e+03    |
| 0.27900 |    3.7601179087e-07    |    3.2238384289e+03    |    3.2238382966e+03    |
| 0.28000 |    3.7589762943e-07    |    3.2348277738e+03    |    3.2348276655e+03    |
| 0.28100 |    3.7578310396e-07    |    3.2458064868e+03    |    3.2458064025e+03    |
| 0.28200 |    3.7566821523e-07    |    3.2567744519e+03    |    3.2567743918e+03    |
| 0.28300 |    3.7555296408e-07    |    3.2677315528e+03    |    3.2677315168e+03    |
| 0.28400 |    3.7543735130e-07    |    3.2786776721e+03    |    3.2786776602e+03    |
| 0.28500 |    3.7532137773e-07    |    3.2896126918e+03    |    3.2896127042e+03    |
| 0.28600 |    3.7520504420e-07    |    3.3005364933e+03    |    3.3005365300e+03    |
| 0.28700 |    3.7508835155e-07    |    3.3114489571e+03    |    3.3114490181e+03    |
| 0.28800 |    3.7497130063e-07    |    3.3223499632e+03    |    3.3223500486e+03    |
| 0.28900 |    3.7485389230e-07    |    3.3332393906e+03    |    3.3332395005e+03    |
| 0.29000 |    3.7473612743e-07    |    3.3441171179e+03    |    3.3441172522e+03    |
| 0.29100 |    3.7461800690e-07    |    3.3549830228e+03    |    3.3549831817e+03    |
| 0.29200 |    3.7449953158e-07    |    3.3658369822e+03    |    3.3658371657e+03    |
| 0.29300 |    3.7438070238e-07    |    3.3766788726e+03    |    3.3766790808e+03    |
| 0.29400 |    3.7426152020e-07    |    3.3875085696e+03    |    3.3875088025e+03    |
| 0.29500 |    3.7414198594e-07    |    3.3983259480e+03    |    3.3983262056e+03    |
| 0.29600 |    3.7402210052e-07    |    3.4091308821e+03    |    3.4091311645e+03    |
| 0.29700 |    3.7390186489e-07    |    3.4199232452e+03    |    3.4199235525e+03    |
| 0.29800 |    3.7378127996e-07    |    3.4307029103e+03    |    3.4307032425e+03    |
| 0.29900 |    3.7366034669e-07    |    3.4414697494e+03    |    3.4414701066e+03    |
| 0.30000 |    3.7353906604e-07    |    3.4522236338e+03    |    3.4522240161e+03    |
| 0.30100 |    3.7341743896e-07    |    3.4629644343e+03    |    3.4629648416e+03    |
| 0.30200 |    3.7329546644e-07    |    3.4736920208e+03    |    3.4736924533e+03    |
| 0.30300 |    3.7317314945e-07    |    3.4844062626e+03    |    3.4844067202e+03    |
| 0.30400 |    3.7305048898e-07    |    3.4951070283e+03    |    3.4951075111e+03    |
| 0.30500 |    3.7292748604e-07    |    3.5057941857e+03    |    3.5057946938e+03    |
| 0.30600 |    3.7280414164e-07    |    3.5164676020e+03    |    3.5164681355e+03    |
| 0.30700 |    3.7268045680e-07    |    3.5271271438e+03    |    3.5271277027e+03    |
| 0.30800 |    3.7255643254e-07    |    3.5377726768e+03    |    3.5377732612e+03    |
| 0.30900 |    3.7243206991e-07    |    3.5484040662e+03    |    3.5484046761e+03    |
| 0.31000 |    3.7230736994e-07    |    3.5590211763e+03    |    3.5590218118e+03    |
| 0.31100 |    3.7218233370e-07    |    3.5696238710e+03    |    3.5696245321e+03    |
| 0.31200 |    3.7205696226e-07    |    3.5802120133e+03    |    3.5802127000e+03    |
| 0.31300 |    3.7193125669e-07    |    3.5907854655e+03    |    3.5907861780e+03    |
| 0.31400 |    3.7180521807e-07    |    3.6013440893e+03    |    3.6013448276e+03    |
| 0.31500 |    3.7167884749e-07    |    3.6118877458e+03    |    3.6118885100e+03    |
| 0.31600 |    3.7155214608e-07    |    3.6224162954e+03    |    3.6224170854e+03    |
| 0.31700 |    3.7142511493e-07    |    3.6329295976e+03    |    3.6329304135e+03    |
| 0.31800 |    3.7129775517e-07    |    3.6434275115e+03    |    3.6434283535e+03    |
| 0.31900 |    3.7117006794e-07    |    3.6539098954e+03    |    3.6539107634e+03    |
| 0.32000 |    3.7104205437e-07    |    3.6643766071e+03    |    3.6643775012e+03    |
| 0.32100 |    3.7091371563e-07    |    3.6748275034e+03    |    3.6748284236e+03    |
| 0.32200 |    3.7078505287e-07    |    3.6852624407e+03    |    3.6852633872e+03    |
| 0.32300 |    3.7065606727e-07    |    3.6956812748e+03    |    3.6956822475e+03    |
| 0.32400 |    3.7052676001e-07    |    3.7060838606e+03    |    3.7060848596e+03    |
| 0.32500 |    3.7039713228e-07    |    3.7164700525e+03    |    3.7164710779e+03    |
| 0.32600 |    3.7026718528e-07    |    3.7268397043e+03    |    3.7268407561e+03    |
| 0.32700 |    3.7013692023e-07    |    3.7371926691e+03    |    3.7371937473e+03    |
| 0.32800 |    3.7000633835e-07    |    3.7475287992e+03    |    3.7475299039e+03    |
| 0.32900 |    3.6987544087e-07    |    3.7578479465e+03    |    3.7578490777e+03    |
| 0.33000 |    3.6974422904e-07    |    3.7681499621e+03    |    3.7681511200e+03    |
| 0.33100 |    3.6961270410e-07    |    3.7784346965e+03    |    3.7784358811e+03    |
| 0.33200 |    3.6948086733e-07    |    3.7887019998e+03    |    3.7887032110e+03    |
| 0.33300 |    3.6934871998e-07    |    3.7989517210e+03    |    3.7989529590e+03    |
| 0.33400 |    3.6921626336e-07    |    3.8091837089e+03    |    3.8091849738e+03    |
| 0.33500 |    3.6908349874e-07    |    3.8193978116e+03    |    3.8193991032e+03    |
| 0.33600 |    3.6895042743e-07    |    3.8295938763e+03    |    3.8295951948e+03    |
| 0.33700 |    3.6881705075e-07    |    3.8397717499e+03    |    3.8397730954e+03    |
| 0.33800 |    3.6868337003e-07    |    3.8499312786e+03    |    3.8499326510e+03    |
| 0.33900 |    3.6854938659e-07    |    3.8600723079e+03    |    3.8600737074e+03    |
| 0.34000 |    3.6841510178e-07    |    3.8701946829e+03    |    3.8701961095e+03    |
| 0.34100 |    3.6828051696e-07    |    3.8802982479e+03    |    3.8802997016e+03    |
| 0.34200 |    3.6814563349e-07    |    3.8903828467e+03    |    3.8903843276e+03    |
| 0.34300 |    3.6801045275e-07    |    3.9004483225e+03    |    3.9004498306e+03    |
| 0.34400 |    3.6787497613e-07    |    3.9104945179e+03    |    3.9104960532e+03    |
| 0.34500 |    3.6773920502e-07    |    3.9205212749e+03    |    3.9205228376e+03    |
| 0.34600 |    3.6760314083e-07    |    3.9305284351e+03    |    3.9305300250e+03    |
| 0.34700 |    3.6746678499e-07    |    3.9405158392e+03    |    3.9405174565e+03    |
| 0.34800 |    3.6733013891e-07    |    3.9504833277e+03    |    3.9504849724e+03    |
| 0.34900 |    3.6719320404e-07    |    3.9604307401e+03    |    3.9604324123e+03    |
| 0.35000 |    3.6705598183e-07    |    3.9703579158e+03    |    3.9703596155e+03    |
| 0.35100 |    3.6691847373e-07    |    3.9802646934e+03    |    3.9802664206e+03    |
| 0.35200 |    3.6678068123e-07    |    3.9901509110e+03    |    3.9901526657e+03    |
| 0.35300 |    3.6664260581e-07    |    4.0000164061e+03    |    4.0000181884e+03    |
| 0.35400 |    3.6650424894e-07    |    4.0098610157e+03    |    4.0098628257e+03    |
| 0.35500 |    3.6636561215e-07    |    4.0196845763e+03    |    4.0196864139e+03    |
| 0.35600 |    3.6622669695e-07    |    4.0294869238e+03    |    4.0294887892e+03    |
| 0.35700 |    3.6608750485e-07    |    4.0392678938e+03    |    4.0392697869e+03    |
| 0.35800 |    3.6594803740e-07    |    4.0490273210e+03    |    4.0490292418e+03    |
| 0.35900 |    3.6580829614e-07    |    4.0587650399e+03    |    4.0587669885e+03    |
| 0.36000 |    3.6566828263e-07    |    4.0684808843e+03    |    4.0684828608e+03    |
| 0.36100 |    3.6552799843e-07    |    4.0781746877e+03    |    4.0781766920e+03    |
| 0.36200 |    3.6538744514e-07    |    4.0878462829e+03    |    4.0878483151e+03    |
| 0.36300 |    3.6524662433e-07    |    4.0974955023e+03    |    4.0974975625e+03    |
| 0.36400 |    3.6510553761e-07    |    4.1071221779e+03    |    4.1071242660e+03    |
| 0.36500 |    3.6496418659e-07    |    4.1167261411e+03    |    4.1167282571e+03    |
| 0.36600 |    3.6482257290e-07    |    4.1263072228e+03    |    4.1263093668e+03    |
| 0.36700 |    3.6468069815e-07    |    4.1358652536e+03    |    4.1358674256e+03    |
| 0.36800 |    3.6453856401e-07    |    4.1454000634e+03    |    4.1454022635e+03    |
| 0.36900 |    3.6439617213e-07    |    4.1549114820e+03    |    4.1549137101e+03    |
| 0.37000 |    3.6425352417e-07    |    4.1643993383e+03    |    4.1644015946e+03    |
| 0.37100 |    3.6411062181e-07    |    4.1738634612e+03    |    4.1738657455e+03    |
| 0.37200 |    3.6396746673e-07    |    4.1833036789e+03    |    4.1833059913e+03    |
| 0.37300 |    3.6382406065e-07    |    4.1927198191e+03    |    4.1927221597e+03    |
| 0.37400 |    3.6368040526e-07    |    4.2021117094e+03    |    4.2021140782e+03    |
| 0.37500 |    3.6353650228e-07    |    4.2114791768e+03    |    4.2114815737e+03    |
| 0.37600 |    3.6339235346e-07    |    4.2208220478e+03    |    4.2208244728e+03    |
| 0.37700 |    3.6324796053e-07    |    4.2301401486e+03    |    4.2301426018e+03    |
| 0.37800 |    3.6310332525e-07    |    4.2394333050e+03    |    4.2394357865e+03    |
| 0.37900 |    3.6295844939e-07    |    4.2487013425e+03    |    4.2487038522e+03    |
| 0.38000 |    3.6281333471e-07    |    4.2579440861e+03    |    4.2579466240e+03    |
| 0.38100 |    3.6266798300e-07    |    4.2671613605e+03    |    4.2671639266e+03    |
| 0.38200 |    3.6252239607e-07    |    4.2763529899e+03    |    4.2763555843e+03    |
| 0.38300 |    3.6237657572e-07    |    4.2855187984e+03    |    4.2855214210e+03    |
| 0.38400 |    3.6223052378e-07    |    4.2946586095e+03    |    4.2946612603e+03    |
| 0.38500 |    3.6208424206e-07    |    4.3037722465e+03    |    4.3037749255e+03    |
| 0.38600 |    3.6193773243e-07    |    4.3128595322e+03    |    4.3128622396e+03    |
| 0.38700 |    3.6179099672e-07    |    4.3219202894e+03    |    4.3219230250e+03    |
| 0.38800 |    3.6164403680e-07    |    4.3309543404e+03    |    4.3309571042e+03    |
| 0.38900 |    3.6149685455e-07    |    4.3399615069e+03    |    4.3399642990e+03    |
| 0.39000 |    3.6134945185e-07    |    4.3489416109e+03    |    4.3489444312e+03    |
| 0.39100 |    3.6120183060e-07    |    4.3578944736e+03    |    4.3578973222e+03    |
| 0.39200 |    3.6105399270e-07    |    4.3668199162e+03    |    4.3668227929e+03    |
| 0.39300 |    3.6090594008e-07    |    4.3757177594e+03    |    4.3757206644e+03    |
| 0.39400 |    3.6075767467e-07    |    4.3845878239e+03    |    4.3845907571e+03    |
| 0.39500 |    3.6060919840e-07    |    4.3934299299e+03    |    4.3934328913e+03    |
| 0.39600 |    3.6046051322e-07    |    4.4022438975e+03    |    4.4022468871e+03    |
| 0.39700 |    3.6031162111e-07    |    4.4110295466e+03    |    4.4110325643e+03    |
| 0.39800 |    3.6016252402e-07    |    4.4197866966e+03    |    4.4197897425e+03    |
| 0.39900 |    3.6001322396e-07    |    4.4285151670e+03    |    4.4285182410e+03    |
| 0.40000 |    3.5986372290e-07    |    4.4372147769e+03    |    4.4372178790e+03    |
| 0.40100 |    3.5971402285e-07    |    4.4458853452e+03    |    4.4458884755e+03    |
| 0.40200 |    3.5956412584e-07    |    4.4545266908e+03    |    4.4545298491e+03    |
| 0.40300 |    3.5941403389e-07    |    4.4631386320e+03    |    4.4631418184e+03    |
| 0.40400 |    3.5926374904e-07    |    4.4717209875e+03    |    4.4717242019e+03    |
| 0.40500 |    3.5911327333e-07    |    4.4802735753e+03    |    4.4802768177e+03    |
| 0.40600 |    3.5896260883e-07    |    4.4887962136e+03    |    4.4887994839e+03    |
| 0.40700 |    3.5881175760e-07    |    4.4972887202e+03    |    4.4972920184e+03    |
| 0.40800 |    3.5866072173e-07    |    4.5057509129e+03    |    4.5057542391e+03    |
| 0.40900 |    3.5850950331e-07    |    4.5141826095e+03    |    4.5141859635e+03    |
| 0.41000 |    3.5835810444e-07    |    4.5225836274e+03    |    4.5225870092e+03    |
| 0.41100 |    3.5820652723e-07    |    4.5309537840e+03    |    4.5309571937e+03    |
| 0.41200 |    3.5805477380e-07    |    4.5392928968e+03    |    4.5392963342e+03    |
| 0.41300 |    3.5790284630e-07    |    4.5476007830e+03    |    4.5476042481e+03    |
| 0.41400 |    3.5775074686e-07    |    4.5558772597e+03    |    4.5558807525e+03    |
| 0.41500 |    3.5759847764e-07    |    4.5641221441e+03    |    4.5641256645e+03    |
| 0.41600 |    3.5744604081e-07    |    4.5723352532e+03    |    4.5723388011e+03    |
| 0.41700 |    3.5729343854e-07    |    4.5805164040e+03    |    4.5805199795e+03    |
| 0.41800 |    3.5714067301e-07    |    4.5886654136e+03    |    4.5886690165e+03    |
| 0.41900 |    3.5698774643e-07    |    4.5967820989e+03    |    4.5967857292e+03    |
| 0.42000 |    3.5683466100e-07    |    4.6048662768e+03    |    4.6048699345e+03    |
| 0.42100 |    3.5668141894e-07    |    4.6129177644e+03    |    4.6129214494e+03    |
| 0.42200 |    3.5652802247e-07    |    4.6209363785e+03    |    4.6209400908e+03    |
| 0.42300 |    3.5637447384e-07    |    4.6289219362e+03    |    4.6289256757e+03    |
| 0.42400 |    3.5622077529e-07    |    4.6368742545e+03    |    4.6368780211e+03    |
| 0.42500 |    3.5606692908e-07    |    4.6447931506e+03    |    4.6447969442e+03    |
| 0.42600 |    3.5591293747e-07    |    4.6526784414e+03    |    4.6526822620e+03    |
| 0.42700 |    3.5575880276e-07    |    4.6605299443e+03    |    4.6605337918e+03    |
| 0.42800 |    3.5560452721e-07    |    4.6683474765e+03    |    4.6683513508e+03    |
| 0.42900 |    3.5545011314e-07    |    4.6761308554e+03    |    4.6761347565e+03    |
| 0.43000 |    3.5529556286e-07    |    4.6838798985e+03    |    4.6838838263e+03    |
| 0.43100 |    3.5514087867e-07    |    4.6915944234e+03    |    4.6915983778e+03    |
| 0.43200 |    3.5498606290e-07    |    4.6992742478e+03    |    4.6992782288e+03    |
| 0.43300 |    3.5483111791e-07    |    4.7069191897e+03    |    4.7069231971e+03    |
| 0.43400 |    3.5467604602e-07    |    4.7145290670e+03    |    4.7145331007e+03    |
| 0.43500 |    3.5452084961e-07    |    4.7221036980e+03    |    4.7221077580e+03    |
| 0.43600 |    3.5436553103e-07    |    4.7296429011e+03    |    4.7296469872e+03    |
| 0.43700 |    3.5421009266e-07    |    4.7371464947e+03    |    4.7371506070e+03    |
| 0.43800 |    3.5405453690e-07    |    4.7446142978e+03    |    4.7446184360e+03    |
| 0.43900 |    3.5389886613e-07    |    4.7520461293e+03    |    4.7520502934e+03    |
| 0.44000 |    3.5374308275e-07    |    4.7594418084e+03    |    4.7594459983e+03    |
| 0.44100 |    3.5358718919e-07    |    4.7668011547e+03    |    4.7668053703e+03    |
| 0.44200 |    3.5343118787e-07    |    4.7741239878e+03    |    4.7741282290e+03    |
| 0.44300 |    3.5327508122e-07    |    4.7814101278e+03    |    4.7814143945e+03    |
| 0.44400 |    3.5311887167e-07    |    4.7886593950e+03    |    4.7886636870e+03    |
| 0.44500 |    3.5296256170e-07    |    4.7958716099e+03    |    4.7958759272e+03    |
| 0.44600 |    3.5280615374e-07    |    4.8030465935e+03    |    4.8030509359e+03    |
| 0.44700 |    3.5264965027e-07    |    4.8101841669e+03    |    4.8101885344e+03    |
| 0.44800 |    3.5249305378e-07    |    4.8172841519e+03    |    4.8172885443e+03    |
| 0.44900 |    3.5233636674e-07    |    4.8243463702e+03    |    4.8243507874e+03    |
| 0.45000 |    3.5217959166e-07    |    4.8313706441e+03    |    4.8313750860e+03    |
| 0.45100 |    3.5202273103e-07    |    4.8383567964e+03    |    4.8383612628e+03    |
| 0.45200 |    3.5186578737e-07    |    4.8453046501e+03    |    4.8453091408e+03    |
| 0.45300 |    3.5170876320e-07    |    4.8522140286e+03    |    4.8522185436e+03    |
| 0.45400 |    3.5155166105e-07    |    4.8590847558e+03    |    4.8590892950e+03    |
| 0.45500 |    3.5139448347e-07    |    4.8659166561e+03    |    4.8659212193e+03    |
| 0.45600 |    3.5123723299e-07    |    4.8727095543e+03    |    4.8727141413e+03    |
| 0.45700 |    3.5107991217e-07    |    4.8794632755e+03    |    4.8794678863e+03    |
| 0.45800 |    3.5092252358e-07    |    4.8861776456e+03    |    4.8861822799e+03    |
| 0.45900 |    3.5076506978e-07    |    4.8928524907e+03    |    4.8928571484e+03    |
| 0.46000 |    3.5060755337e-07    |    4.8994876375e+03    |    4.8994923185e+03    |
| 0.46100 |    3.5044997691e-07    |    4.9060829134e+03    |    4.9060876175e+03    |
| 0.46200 |    3.5029234302e-07    |    4.9126381460e+03    |    4.9126428731e+03    |
| 0.46300 |    3.5013465429e-07    |    4.9191531638e+03    |    4.9191579137e+03    |
| 0.46400 |    3.4997691333e-07    |    4.9256277957e+03    |    4.9256325682e+03    |
| 0.46500 |    3.4981912277e-07    |    4.9320618712e+03    |    4.9320666661e+03    |
| 0.46600 |    3.4966128522e-07    |    4.9384552203e+03    |    4.9384600375e+03    |
| 0.46700 |    3.4950340333e-07    |    4.9448076738e+03    |    4.9448125132e+03    |
| 0.46800 |    3.4934547973e-07    |    4.9511190630e+03    |    4.9511239243e+03    |
| 0.46900 |    3.4918751707e-07    |    4.9573892199e+03    |    4.9573941030e+03    |
| 0.47000 |    3.4902951800e-07    |    4.9636179771e+03    |    4.9636228818e+03    |
| 0.47100 |    3.4887148520e-07    |    4.9698051681e+03    |    4.9698100942e+03    |
| 0.47200 |    3.4871342132e-07    |    4.9759506267e+03    |    4.9759555741e+03    |
| 0.47300 |    3.4855532905e-07    |    4.9820541878e+03    |    4.9820591562e+03    |
| 0.47400 |    3.4839721107e-07    |    4.9881156868e+03    |    4.9881206760e+03    |
| 0.47500 |    3.4823907007e-07    |    4.9941349598e+03    |    4.9941399696e+03    |
| 0.47600 |    3.4808090874e-07    |    5.0001118438e+03    |    5.0001168741e+03    |
| 0.47700 |    3.4792272979e-07    |    5.0060461765e+03    |    5.0060512270e+03    |
| 0.47800 |    3.4776453592e-07    |    5.0119377964e+03    |    5.0119428670e+03    |
| 0.47900 |    3.4760632986e-07    |    5.0177865429e+03    |    5.0177916333e+03    |
| 0.48000 |    3.4744811432e-07    |    5.0235922560e+03    |    5.0235973660e+03    |
| 0.48100 |    3.4728989204e-07    |    5.0293547767e+03    |    5.0293599061e+03    |
| 0.48200 |    3.4713166574e-07    |    5.0350739468e+03    |    5.0350790954e+03    |
| 0.48300 |    3.4697343818e-07    |    5.0407496090e+03    |    5.0407547766e+03    |
| 0.48400 |    3.4681521208e-07    |    5.0463816068e+03    |    5.0463867932e+03    |
| 0.48500 |    3.4665699021e-07    |    5.0519697848e+03    |    5.0519749897e+03    |
| 0.48600 |    3.4649877531e-07    |    5.0575139882e+03    |    5.0575192114e+03    |
| 0.48700 |    3.4634057017e-07    |    5.0630140635e+03    |    5.0630193047e+03    |
| 0.48800 |    3.4618237753e-07    |    5.0684698578e+03    |    5.0684751168e+03    |
| 0.48900 |    3.4602420018e-07    |    5.0738812194e+03    |    5.0738864960e+03    |
| 0.49000 |    3.4586604089e-07    |    5.0792479975e+03    |    5.0792532915e+03    |
| 0.49100 |    3.4570790244e-07    |    5.0845700424e+03    |    5.0845753534e+03    |
| 0.49200 |    3.4554978763e-07    |    5.0898472052e+03    |    5.0898525331e+03    |
| 0.49300 |    3.4539169924e-07    |    5.0950793383e+03    |    5.0950846827e+03    |
| 0.49400 |    3.4523364008e-07    |    5.1002662949e+03    |    5.1002716556e+03    |
| 0.49500 |    3.4507561294e-07    |    5.1054079294e+03    |    5.1054133062e+03    |
| 0.49600 |    3.4491762064e-07    |    5.1105040974e+03    |    5.1105094900e+03    |
| 0.49700 |    3.4475966597e-07    |    5.1155546553e+03    |    5.1155600634e+03    |
| 0.49800 |    3.4460175176e-07    |    5.1205594609e+03    |    5.1205648843e+03    |
| 0.49900 |    3.4444388083e-07    |    5.1255183730e+03    |    5.1255238114e+03    |
| 0.50000 |    3.4428605600e-07    |    5.1304312516e+03    |    5.1304367047e+03    |
| 0.50100 |    3.4412828009e-07    |    5.1352979578e+03    |    5.1353034253e+03    |
| 0.50200 |    3.4397055593e-07    |    5.1401183540e+03    |    5.1401238357e+03    |
| 0.50300 |    3.4381288636e-07    |    5.1448923038e+03    |    5.1448977992e+03    |
| 0.50400 |    3.4365527422e-07    |    5.1496196718e+03    |    5.1496251808e+03    |
| 0.50500 |    3.4349772234e-07    |    5.1543003241e+03    |    5.1543058464e+03    |
| 0.50600 |    3.4334023357e-07    |    5.1589341280e+03    |    5.1589396632e+03    |
| 0.50700 |    3.4318281076e-07    |    5.1635209520e+03    |    5.1635264998e+03    |
| 0.50800 |    3.4302545675e-07    |    5.1680606659e+03    |    5.1680662261e+03    |
| 0.50900 |    3.4286817439e-07    |    5.1725531408e+03    |    5.1725587131e+03    |
| 0.51000 |    3.4271096654e-07    |    5.1769982494e+03    |    5.1770038334e+03    |
| 0.51100 |    3.4255383606e-07    |    5.1813958652e+03    |    5.1814014606e+03    |
| 0.51200 |    3.4239678581e-07    |    5.1857458636e+03    |    5.1857514701e+03    |
| 0.51300 |    3.4223981864e-07    |    5.1900481210e+03    |    5.1900537383e+03    |
| 0.51400 |    3.4208293743e-07    |    5.1943025155e+03    |    5.1943081431e+03    |
| 0.51500 |    3.4192614503e-07    |    5.1985089263e+03    |    5.1985145640e+03    |
| 0.51600 |    3.4176944431e-07    |    5.2026672342e+03    |    5.2026728818e+03    |
| 0.51700 |    3.4161283815e-07    |    5.2067773216e+03    |    5.2067829785e+03    |
| 0.51800 |    3.4145632940e-07    |    5.2108390720e+03    |    5.2108447381e+03    |
| 0.51900 |    3.4129992095e-07    |    5.2148523708e+03    |    5.2148580456e+03    |
| 0.52000 |    3.4114361567e-07    |    5.2188171045e+03    |    5.2188227877e+03    |
| 0.52100 |    3.4098741642e-07    |    5.2227331614e+03    |    5.2227388526e+03    |
| 0.52200 |    3.4083132609e-07    |    5.2266004313e+03    |    5.2266061301e+03    |
| 0.52300 |    3.4067534754e-07    |    5.2304188054e+03    |    5.2304245115e+03    |
| 0.52400 |    3.4051948366e-07    |    5.2341881765e+03    |    5.2341938896e+03    |
| 0.52500 |    3.4036373732e-07    |    5.2379084393e+03    |    5.2379141589e+03    |
| 0.52600 |    3.4020811140e-07    |    5.2415794896e+03    |    5.2415852154e+03    |
| 0.52700 |    3.4005260877e-07    |    5.2452012253e+03    |    5.2452069569e+03    |
| 0.52800 |    3.3989723231e-07    |    5.2487735456e+03    |    5.2487792826e+03    |
| 0.52900 |    3.3974198489e-07    |    5.2522963515e+03    |    5.2523020936e+03    |
| 0.53000 |    3.3958686940e-07    |    5.2557695457e+03    |    5.2557752924e+03    |
| 0.53100 |    3.3943188870e-07    |    5.2591930326e+03    |    5.2591987835e+03    |
| 0.53200 |    3.3927704568e-07    |    5.2625667182e+03    |    5.2625724730e+03    |
| 0.53300 |    3.3912234319e-07    |    5.2658905102e+03    |    5.2658962685e+03    |
| 0.53400 |    3.3896778413e-07    |    5.2691643184e+03    |    5.2691700796e+03    |
| 0.53500 |    3.3881337136e-07    |    5.2723880538e+03    |    5.2723938177e+03    |
| 0.53600 |    3.3865910775e-07    |    5.2755616297e+03    |    5.2755673958e+03    |
| 0.53700 |    3.3850499617e-07    |    5.2786849609e+03    |    5.2786907288e+03    |
| 0.53800 |    3.3835103948e-07    |    5.2817579640e+03    |    5.2817637333e+03    |
| 0.53900 |    3.3819724056e-07    |    5.2847805577e+03    |    5.2847863280e+03    |
| 0.54000 |    3.3804360227e-07    |    5.2877526623e+03    |    5.2877584330e+03    |
| 0.54100 |    3.3789012746e-07    |    5.2906742000e+03    |    5.2906799708e+03    |
| 0.54200 |    3.3773681900e-07    |    5.2935450949e+03    |    5.2935508654e+03    |
| 0.54300 |    3.3758367974e-07    |    5.2963652731e+03    |    5.2963710428e+03    |
| 0.54400 |    3.3743071254e-07    |    5.2991346625e+03    |    5.2991404309e+03    |
| 0.54500 |    3.3727792025e-07    |    5.3018531929e+03    |    5.3018589596e+03    |
| 0.54600 |    3.3712530572e-07    |    5.3045207961e+03    |    5.3045265607e+03    |
| 0.54700 |    3.3697287180e-07    |    5.3071374060e+03    |    5.3071431680e+03    |
| 0.54800 |    3.3682062132e-07    |    5.3097029583e+03    |    5.3097087172e+03    |
| 0.54900 |    3.3666855712e-07    |    5.3122173908e+03    |    5.3122231461e+03    |
| 0.55000 |    3.3651668205e-07    |    5.3146806432e+03    |    5.3146863944e+03    |
| 0.55100 |    3.3636499892e-07    |    5.3170926573e+03    |    5.3170984040e+03    |
| 0.55200 |    3.3621351058e-07    |    5.3194533770e+03    |    5.3194591188e+03    |
| 0.55300 |    3.3606221983e-07    |    5.3217627482e+03    |    5.3217684845e+03    |
| 0.55400 |    3.3591112951e-07    |    5.3240207189e+03    |    5.3240264493e+03    |
| 0.55500 |    3.3576024243e-07    |    5.3262272392e+03    |    5.3262329631e+03    |
| 0.55600 |    3.3560956139e-07    |    5.3283822614e+03    |    5.3283879783e+03    |
| 0.55700 |    3.3545908920e-07    |    5.3304857396e+03    |    5.3304914491e+03    |
| 0.55800 |    3.3530882866e-07    |    5.3325376305e+03    |    5.3325433320e+03    |
| 0.55900 |    3.3515878257e-07    |    5.3345378926e+03    |    5.3345435857e+03    |
| 0.56000 |    3.3500895371e-07    |    5.3364864868e+03    |    5.3364921709e+03    |
| 0.56100 |    3.3485934488e-07    |    5.3383833761e+03    |    5.3383890507e+03    |
| 0.56200 |    3.3470995885e-07    |    5.3402285257e+03    |    5.3402341902e+03    |
| 0.56300 |    3.3456079838e-07    |    5.3420219029e+03    |    5.3420275569e+03    |
| 0.56400 |    3.3441186626e-07    |    5.3437634775e+03    |    5.3437691204e+03    |
| 0.56500 |    3.3426316524e-07    |    5.3454532214e+03    |    5.3454588527e+03    |
| 0.56600 |    3.3411469806e-07    |    5.3470911088e+03    |    5.3470967279e+03    |
| 0.56700 |    3.3396646750e-07    |    5.3486771161e+03    |    5.3486827224e+03    |
| 0.56800 |    3.3381847627e-07    |    5.3502112221e+03    |    5.3502168152e+03    |
| 0.56900 |    3.3367072712e-07    |    5.3516934078e+03    |    5.3516989871e+03    |
| 0.57000 |    3.3352322278e-07    |    5.3531236567e+03    |    5.3531292216e+03    |
| 0.57100 |    3.3337596595e-07    |    5.3545019545e+03    |    5.3545075044e+03    |
| 0.57200 |    3.3322895937e-07    |    5.3558282892e+03    |    5.3558338236e+03    |
| 0.57300 |    3.3308220573e-07    |    5.3571026513e+03    |    5.3571081696e+03    |
| 0.57400 |    3.3293570772e-07    |    5.3583250337e+03    |    5.3583305353e+03    |
| 0.57500 |    3.3278946804e-07    |    5.3594954315e+03    |    5.3595009159e+03    |
| 0.57600 |    3.3264348937e-07    |    5.3606138424e+03    |    5.3606193090e+03    |
| 0.57700 |    3.3249777439e-07    |    5.3616802665e+03    |    5.3616857146e+03    |
| 0.57800 |    3.3235232575e-07    |    5.3626947061e+03    |    5.3627001352e+03    |
| 0.57900 |    3.3220714611e-07    |    5.3636571663e+03    |    5.3636625758e+03    |
| 0.58000 |    3.3206223812e-07    |    5.3645676545e+03    |    5.3645730437e+03    |
| 0.58100 |    3.3191760442e-07    |    5.3654261804e+03    |    5.3654315488e+03    |
| 0.58200 |    3.3177324763e-07    |    5.3662327565e+03    |    5.3662381034e+03    |
| 0.58300 |    3.3162917038e-07    |    5.3669873976e+03    |    5.3669927224e+03    |
| 0.58400 |    3.3148537527e-07    |    5.3676901210e+03    |    5.3676954231e+03    |
| 0.58500 |    3.3134186491e-07    |    5.3683409466e+03    |    5.3683462254e+03    |
| 0.58600 |    3.3119864188e-07    |    5.3689398968e+03    |    5.3689451517e+03    |
| 0.58700 |    3.3105570877e-07    |    5.3694869967e+03    |    5.3694922270e+03    |
| 0.58800 |    3.3091306815e-07    |    5.3699822736e+03    |    5.3699874786e+03    |
| 0.58900 |    3.3077072258e-07    |    5.3704257576e+03    |    5.3704309368e+03    |
| 0.59000 |    3.3062867459e-07    |    5.3708174814e+03    |    5.3708226341e+03    |
| 0.59100 |    3.3048692675e-07    |    5.3711574803e+03    |    5.3711626058e+03    |
| 0.59200 |    3.3034548156e-07    |    5.3714457921e+03    |    5.3714508898e+03    |
| 0.59300 |    3.3020434156e-07    |    5.3716824572e+03    |    5.3716875264e+03    |
| 0.59400 |    3.3006350924e-07    |    5.3718675187e+03    |    5.3718725587e+03    |
| 0.59500 |    3.2992298709e-07    |    5.3720010224e+03    |    5.3720060325e+03    |
| 0.59600 |    3.2978277761e-07    |    5.3720830164e+03    |    5.3720879960e+03    |
| 0.59700 |    3.2964288326e-07    |    5.3721135519e+03    |    5.3721185003e+03    |
| 0.59800 |    3.2950330649e-07    |    5.3720926824e+03    |    5.3720975989e+03    |
| 0.59900 |    3.2936404977e-07    |    5.3720204643e+03    |    5.3720253482e+03    |
| 0.60000 |    3.2922511551e-07    |    5.3718969566e+03    |    5.3719018072e+03    |
| 0.60100 |    3.2908650615e-07    |    5.3717222210e+03    |    5.3717270376e+03    |
| 0.60200 |    3.2894822408e-07    |    5.3714963217e+03    |    5.3715011036e+03    |
| 0.60300 |    3.2881027172e-07    |    5.3712193259e+03    |    5.3712240724e+03    |
| 0.60400 |    3.2867265144e-07    |    5.3708913034e+03    |    5.3708960137e+03    |
| 0.60500 |    3.2853536561e-07    |    5.3705123266e+03    |    5.3705170001e+03    |
| 0.60600 |    3.2839841659e-07    |    5.3700824707e+03    |    5.3700871067e+03    |
| 0.60700 |    3.2826180672e-07    |    5.3696018138e+03    |    5.3696064114e+03    |
| 0.60800 |    3.2812553834e-07    |    5.3690704364e+03    |    5.3690749949e+03    |
| 0.60900 |    3.2798961375e-07    |    5.3684884220e+03    |    5.3684929408e+03    |
| 0.61000 |    3.2785403527e-07    |    5.3678558567e+03    |    5.3678603350e+03    |
| 0.61100 |    3.2771880518e-07    |    5.3671728296e+03    |    5.3671772666e+03    |
| 0.61200 |    3.2758392576e-07    |    5.3664394323e+03    |    5.3664438272e+03    |
| 0.61300 |    3.2744939926e-07    |    5.3656557592e+03    |    5.3656601113e+03    |
| 0.61400 |    3.2731522793e-07    |    5.3648219076e+03    |    5.3648262161e+03    |
| 0.61500 |    3.2718141400e-07    |    5.3639379774e+03    |    5.3639422417e+03    |
| 0.61600 |    3.2704795969e-07    |    5.3630040715e+03    |    5.3630082907e+03    |
| 0.61700 |    3.2691486719e-07    |    5.3620202955e+03    |    5.3620244687e+03    |
| 0.61800 |    3.2678213870e-07    |    5.3609867576e+03    |    5.3609908842e+03    |
| 0.61900 |    3.2664977638e-07    |    5.3599035691e+03    |    5.3599076482e+03    |
| 0.62000 |    3.2651778239e-07    |    5.3587708439e+03    |    5.3587748747e+03    |
| 0.62100 |    3.2638615886e-07    |    5.3575886987e+03    |    5.3575926805e+03    |
| 0.62200 |    3.2625490792e-07    |    5.3563572532e+03    |    5.3563611850e+03    |
| 0.62300 |    3.2612403168e-07    |    5.3550766295e+03    |    5.3550805107e+03    |
| 0.62400 |    3.2599353223e-07    |    5.3537469529e+03    |    5.3537507826e+03    |
| 0.62500 |    3.2586341164e-07    |    5.3523683514e+03    |    5.3523721287e+03    |
| 0.62600 |    3.2573367197e-07    |    5.3509409557e+03    |    5.3509446799e+03    |
| 0.62700 |    3.2560431527e-07    |    5.3494648994e+03    |    5.3494685696e+03    |
| 0.62800 |    3.2547534355e-07    |    5.3479403190e+03    |    5.3479439343e+03    |
| 0.62900 |    3.2534675883e-07    |    5.3463673535e+03    |    5.3463709132e+03    |
| 0.63000 |    3.2521856310e-07    |    5.3447461450e+03    |    5.3447496482e+03    |
| 0.63100 |    3.2509075833e-07    |    5.3430768383e+03    |    5.3430802841e+03    |
| 0.63200 |    3.2496334649e-07    |    5.3413595812e+03    |    5.3413629687e+03    |
| 0.63300 |    3.2483632950e-07    |    5.3395945239e+03    |    5.3395978524e+03    |
| 0.63400 |    3.2470970930e-07    |    5.3377818197e+03    |    5.3377850882e+03    |
| 0.63500 |    3.2458348778e-07    |    5.3359216248e+03    |    5.3359248325e+03    |
| 0.63600 |    3.2445766684e-07    |    5.3340140979e+03    |    5.3340172439e+03    |
| 0.63700 |    3.2433224834e-07    |    5.3320594007e+03    |    5.3320624841e+03    |
| 0.63800 |    3.2420723413e-07    |    5.3300576977e+03    |    5.3300607175e+03    |
| 0.63900 |    3.2408262605e-07    |    5.3280091561e+03    |    5.3280121115e+03    |
| 0.64000 |    3.2395842591e-07    |    5.3259139459e+03    |    5.3259168360e+03    |
| 0.64100 |    3.2383463551e-07    |    5.3237722399e+03    |    5.3237750638e+03    |
| 0.64200 |    3.2371125663e-07    |    5.3215842138e+03    |    5.3215869706e+03    |
| 0.64300 |    3.2358829101e-07    |    5.3193500460e+03    |    5.3193527347e+03    |
| 0.64400 |    3.2346574042e-07    |    5.3170699175e+03    |    5.3170725373e+03    |
| 0.64500 |    3.2334360655e-07    |    5.3147440123e+03    |    5.3147465622e+03    |
| 0.64600 |    3.2322189113e-07    |    5.3123725171e+03    |    5.3123749962e+03    |
| 0.64700 |    3.2310059582e-07    |    5.3099556214e+03    |    5.3099580286e+03    |
| 0.64800 |    3.2297972230e-07    |    5.3074935172e+03    |    5.3074958517e+03    |
| 0.64900 |    3.2285927220e-07    |    5.3049863995e+03    |    5.3049886603e+03    |
| 0.65000 |    3.2273924716e-07    |    5.3024344659e+03    |    5.3024366521e+03    |
| 0.65100 |    3.2261964878e-07    |    5.2998379169e+03    |    5.2998400274e+03    |
| 0.65200 |    3.2250047864e-07    |    5.2971969556e+03    |    5.2971989895e+03    |
| 0.65300 |    3.2238173832e-07    |    5.2945117876e+03    |    5.2945137439e+03    |
| 0.65400 |    3.2226342935e-07    |    5.2917826215e+03    |    5.2917844993e+03    |
| 0.65500 |    3.2214555326e-07    |    5.2890096685e+03    |    5.2890114667e+03    |
| 0.65600 |    3.2202811155e-07    |    5.2861931425e+03    |    5.2861948601e+03    |
| 0.65700 |    3.2191110573e-07    |    5.2833332599e+03    |    5.2833348960e+03    |
| 0.65800 |    3.2179453724e-07    |    5.2804302400e+03    |    5.2804317935e+03    |
| 0.65900 |    3.2167840753e-07    |    5.2774843046e+03    |    5.2774857744e+03    |
| 0.66000 |    3.2156271804e-07    |    5.2744956781e+03    |    5.2744970633e+03    |
| 0.66100 |    3.2144747015e-07    |    5.2714645876e+03    |    5.2714658872e+03    |
| 0.66200 |    3.2133266526e-07    |    5.2683912628e+03    |    5.2683924757e+03    |
| 0.66300 |    3.2121830473e-07    |    5.2652759360e+03    |    5.2652770612e+03    |
| 0.66400 |    3.2110438990e-07    |    5.2621188421e+03    |    5.2621198785e+03    |
| 0.66500 |    3.2099092209e-07    |    5.2589202185e+03    |    5.2589211650e+03    |
| 0.66600 |    3.2087790260e-07    |    5.2556803051e+03    |    5.2556811607e+03    |
| 0.66700 |    3.2076533271e-07    |    5.2523993446e+03    |    5.2524001081e+03    |
| 0.66800 |    3.2065321367e-07    |    5.2490775819e+03    |    5.2490782523e+03    |
| 0.66900 |    3.2054154673e-07    |    5.2457152645e+03    |    5.2457158408e+03    |
| 0.67000 |    3.2043033310e-07    |    5.2423126426e+03    |    5.2423131237e+03    |
| 0.67100 |    3.2031957397e-07    |    5.2388699687e+03    |    5.2388703534e+03    |
| 0.67200 |    3.2020927051e-07    |    5.2353874977e+03    |    5.2353877849e+03    |
| 0.67300 |    3.2009942388e-07    |    5.2318654870e+03    |    5.2318656756e+03    |
| 0.67400 |    3.1999003520e-07    |    5.2283041966e+03    |    5.2283042854e+03    |
| 0.67500 |    3.1988110559e-07    |    5.2247038885e+03    |    5.2247038764e+03    |
| 0.67600 |    3.1977263612e-07    |    5.2210648274e+03    |    5.2210647134e+03    |
| 0.67700 |    3.1966462786e-07    |    5.2173872804e+03    |    5.2173870632e+03    |
| 0.67800 |    3.1955708186e-07    |    5.2136715167e+03    |    5.2136711952e+03    |
| 0.67900 |    3.1944999914e-07    |    5.2099178080e+03    |    5.2099173810e+03    |
| 0.68000 |    3.1934338068e-07    |    5.2061264282e+03    |    5.2061258946e+03    |
| 0.68100 |    3.1923722748e-07    |    5.2022976537e+03    |    5.2022970122e+03    |
| 0.68200 |    3.1913154049e-07    |    5.1984317628e+03    |    5.1984310123e+03    |
| 0.68300 |    3.1902632063e-07    |    5.1945290363e+03    |    5.1945281756e+03    |
| 0.68400 |    3.1892156882e-07    |    5.1905897572e+03    |    5.1905887851e+03    |
| 0.68500 |    3.1881728595e-07    |    5.1866142107e+03    |    5.1866131259e+03    |
| 0.68600 |    3.1871347288e-07    |    5.1826026839e+03    |    5.1826014852e+03    |
| 0.68700 |    3.1861013046e-07    |    5.1785554664e+03    |    5.1785541526e+03    |
| 0.68800 |    3.1850725951e-07    |    5.1744728498e+03    |    5.1744714196e+03    |
| 0.68900 |    3.1840486083e-07    |    5.1703551277e+03    |    5.1703535799e+03    |
| 0.69000 |    3.1830293520e-07    |    5.1662025959e+03    |    5.1662009292e+03    |
| 0.69100 |    3.1820148337e-07    |    5.1620155521e+03    |    5.1620137653e+03    |
| 0.69200 |    3.1810050608e-07    |    5.1577942962e+03    |    5.1577923879e+03    |
| 0.69300 |    3.1800000403e-07    |    5.1535391299e+03    |    5.1535370988e+03    |
| 0.69400 |    3.1789997792e-07    |    5.1492503570e+03    |    5.1492482019e+03    |
| 0.69500 |    3.1780042841e-07    |    5.1449282831e+03    |    5.1449260027e+03    |
| 0.69600 |    3.1770135614e-07    |    5.1405732160e+03    |    5.1405708089e+03    |
| 0.69700 |    3.1760276174e-07    |    5.1361854650e+03    |    5.1361829299e+03    |
| 0.69800 |    3.1750464581e-07    |    5.1317653416e+03    |    5.1317626771e+03    |
| 0.69900 |    3.1740700891e-07    |    5.1273131587e+03    |    5.1273103635e+03    |
| 0.70000 |    3.1730985161e-07    |    5.1228292314e+03    |    5.1228263041e+03    |
| 0.70100 |    3.1721317443e-07    |    5.1183138764e+03    |    5.1183108156e+03    |
| 0.70200 |    3.1711697789e-07    |    5.1137674120e+03    |    5.1137642164e+03    |
| 0.70300 |    3.1702126247e-07    |    5.1091901585e+03    |    5.1091868266e+03    |
| 0.70400 |    3.1692602864e-07    |    5.1045824376e+03    |    5.1045789680e+03    |
| 0.70500 |    3.1683127683e-07    |    5.0999445726e+03    |    5.0999409639e+03    |
| 0.70600 |    3.1673700748e-07    |    5.0952768887e+03    |    5.0952731395e+03    |
| 0.70700 |    3.1664322096e-07    |    5.0905797124e+03    |    5.0905758212e+03    |
| 0.70800 |    3.1654991767e-07    |    5.0858533719e+03    |    5.0858493372e+03    |
| 0.70900 |    3.1645709795e-07    |    5.0810981967e+03    |    5.0810940171e+03    |
| 0.71000 |    3.1636476212e-07    |    5.0763145180e+03    |    5.0763101919e+03    |
| 0.71100 |    3.1627291051e-07    |    5.0715026682e+03    |    5.0714981942e+03    |
| 0.71200 |    3.1618154340e-07    |    5.0666629814e+03    |    5.0666583579e+03    |
| 0.71300 |    3.1609066104e-07    |    5.0617957926e+03    |    5.0617910181e+03    |
| 0.71400 |    3.1600026368e-07    |    5.0569014387e+03    |    5.0568965116e+03    |
| 0.71500 |    3.1591035153e-07    |    5.0519802573e+03    |    5.0519751762e+03    |
| 0.71600 |    3.1582092481e-07    |    5.0470325878e+03    |    5.0470273510e+03    |
| 0.71700 |    3.1573198367e-07    |    5.0420587703e+03    |    5.0420533762e+03    |
| 0.71800 |    3.1564352827e-07    |    5.0370591465e+03    |    5.0370535935e+03    |
| 0.71900 |    3.1555555874e-07    |    5.0320340590e+03    |    5.0320283455e+03    |
| 0.72000 |    3.1546807520e-07    |    5.0269838515e+03    |    5.0269779759e+03    |
| 0.72100 |    3.1538107772e-07    |    5.0219088689e+03    |    5.0219028295e+03    |
| 0.72200 |    3.1529456637e-07    |    5.0168094570e+03    |    5.0168032522e+03    |
| 0.72300 |    3.1520854119e-07    |    5.0116859627e+03    |    5.0116795907e+03    |
| 0.72400 |    3.1512300221e-07    |    5.0065387336e+03    |    5.0065321927e+03    |
| 0.72500 |    3.1503794942e-07    |    5.0013681184e+03    |    5.0013614070e+03    |
| 0.72600 |    3.1495338280e-07    |    4.9961744668e+03    |    4.9961675830e+03    |
| 0.72700 |    3.1486930231e-07    |    4.9909581289e+03    |    4.9909510711e+03    |
| 0.72800 |    3.1478570787e-07    |    4.9857194560e+03    |    4.9857122223e+03    |
| 0.72900 |    3.1470259941e-07    |    4.9804587998e+03    |    4.9804513885e+03    |
| 0.73000 |    3.1461997681e-07    |    4.9751765129e+03    |    4.9751689222e+03    |
| 0.73100 |    3.1453783994e-07    |    4.9698729486e+03    |    4.9698651765e+03    |
| 0.73200 |    3.1445618865e-07    |    4.9645484605e+03    |    4.9645405053e+03    |
| 0.73300 |    3.1437502277e-07    |    4.9592034032e+03    |    4.9591952630e+03    |
| 0.73400 |    3.1429434211e-07    |    4.9538381314e+03    |    4.9538298042e+03    |
| 0.73500 |    3.1421414644e-07    |    4.9484530005e+03    |    4.9484444845e+03    |
| 0.73600 |    3.1413443553e-07    |    4.9430483664e+03    |    4.9430396596e+03    |
| 0.73700 |    3.1405520912e-07    |    4.9376245851e+03    |    4.9376156857e+03    |
| 0.73800 |    3.1397646694e-07    |    4.9321820134e+03    |    4.9321729192e+03    |
| 0.73900 |    3.1389820868e-07    |    4.9267210079e+03    |    4.9267117171e+03    |
| 0.74000 |    3.1382043403e-07    |    4.9212419259e+03    |    4.9212324362e+03    |
| 0.74100 |    3.1374314265e-07    |    4.9157451245e+03    |    4.9157354341e+03    |
| 0.74200 |    3.1366633417e-07    |    4.9102309612e+03    |    4.9102210680e+03    |
| 0.74300 |    3.1359000820e-07    |    4.9046997937e+03    |    4.9046896955e+03    |
| 0.74400 |    3.1351416436e-07    |    4.8991519796e+03    |    4.8991416743e+03    |
| 0.74500 |    3.1343880222e-07    |    4.8935878765e+03    |    4.8935773620e+03    |
| 0.74600 |    3.1336392133e-07    |    4.8880078422e+03    |    4.8879971162e+03    |
| 0.74700 |    3.1328952123e-07    |    4.8824122342e+03    |    4.8824012946e+03    |
| 0.74800 |    3.1321560144e-07    |    4.8768014100e+03    |    4.8767902545e+03    |
| 0.74900 |    3.1314216145e-07    |    4.8711757269e+03    |    4.8711643533e+03    |
| 0.75000 |    3.1306920075e-07    |    4.8655355421e+03    |    4.8655239480e+03    |
| 0.75100 |    3.1299671879e-07    |    4.8598812123e+03    |    4.8598693955e+03    |
| 0.75200 |    3.1292471501e-07    |    4.8542130941e+03    |    4.8542010523e+03    |
| 0.75300 |    3.1285318882e-07    |    4.8485315438e+03    |    4.8485192745e+03    |
| 0.75400 |    3.1278213964e-07    |    4.8428369171e+03    |    4.8428244179e+03    |
| 0.75500 |    3.1271156682e-07    |    4.8371295694e+03    |    4.8371168379e+03    |
| 0.75600 |    3.1264146975e-07    |    4.8314098555e+03    |    4.8313968892e+03    |
| 0.75700 |    3.1257184775e-07    |    4.8256781298e+03    |    4.8256649261e+03    |
| 0.75800 |    3.1250270016e-07    |    4.8199347459e+03    |    4.8199213024e+03    |
| 0.75900 |    3.1243402626e-07    |    4.8141800570e+03    |    4.8141663711e+03    |
| 0.76000 |    3.1236582536e-07    |    4.8084144154e+03    |    4.8084004845e+03    |
| 0.76100 |    3.1229809672e-07    |    4.8026381729e+03    |    4.8026239943e+03    |
| 0.76200 |    3.1223083958e-07    |    4.7968516802e+03    |    4.7968372513e+03    |
| 0.76300 |    3.1216405317e-07    |    4.7910552875e+03    |    4.7910406055e+03    |
| 0.76400 |    3.1209773670e-07    |    4.7852493438e+03    |    4.7852344060e+03    |
| 0.76500 |    3.1203188937e-07    |    4.7794341974e+03    |    4.7794190010e+03    |
| 0.76600 |    3.1196651036e-07    |    4.7736101956e+03    |    4.7735947377e+03    |
| 0.76700 |    3.1190159881e-07    |    4.7677776845e+03    |    4.7677619622e+03    |
| 0.76800 |    3.1183715388e-07    |    4.7619370094e+03    |    4.7619210198e+03    |
| 0.76900 |    3.1177317467e-07    |    4.7560885141e+03    |    4.7560722544e+03    |
| 0.77000 |    3.1170966030e-07    |    4.7502325417e+03    |    4.7502160087e+03    |
| 0.77100 |    3.1164660984e-07    |    4.7443694336e+03    |    4.7443526243e+03    |
| 0.77200 |    3.1158402238e-07    |    4.7384995303e+03    |    4.7384824416e+03    |
| 0.77300 |    3.1152189696e-07    |    4.7326231708e+03    |    4.7326057996e+03    |
| 0.77400 |    3.1146023262e-07    |    4.7267406927e+03    |    4.7267230358e+03    |
| 0.77500 |    3.1139902837e-07    |    4.7208524323e+03    |    4.7208344865e+03    |
| 0.77600 |    3.1133828322e-07    |    4.7149587245e+03    |    4.7149404864e+03    |
| 0.77700 |    3.1127799615e-07    |    4.7090599024e+03    |    4.7090413688e+03    |
| 0.77800 |    3.1121816613e-07    |    4.7031562979e+03    |    4.7031374653e+03    |
| 0.77900 |    3.1115879212e-07    |    4.6972482410e+03    |    4.6972291060e+03    |
| 0.78000 |    3.1109987304e-07    |    4.6913360603e+03    |    4.6913166194e+03    |
| 0.78100 |    3.1104140782e-07    |    4.6854200825e+03    |    4.6854003321e+03    |
| 0.78200 |    3.1098339537e-07    |    4.6795006326e+03    |    4.6794805692e+03    |
| 0.78300 |    3.1092583456e-07    |    4.6735780339e+03    |    4.6735576538e+03    |
| 0.78400 |    3.1086872428e-07    |    4.6676526079e+03    |    4.6676319073e+03    |
| 0.78500 |    3.1081206337e-07    |    4.6617246740e+03    |    4.6617036492e+03    |
| 0.78600 |    3.1075585069e-07    |    4.6557945498e+03    |    4.6557731970e+03    |
| 0.78700 |    3.1070008505e-07    |    4.6498625511e+03    |    4.6498408663e+03    |
| 0.78800 |    3.1064476527e-07    |    4.6439289913e+03    |    4.6439069706e+03    |
| 0.78900 |    3.1058989014e-07    |    4.6379941821e+03    |    4.6379718215e+03    |
| 0.79000 |    3.1053545844e-07    |    4.6320584329e+03    |    4.6320357282e+03    |
| 0.79100 |    3.1048146895e-07    |    4.6261220511e+03    |    4.6260989982e+03    |
| 0.79200 |    3.1042792041e-07    |    4.6201853416e+03    |    4.6201619363e+03    |
| 0.79300 |    3.1037481155e-07    |    4.6142486075e+03    |    4.6142248453e+03    |
| 0.79400 |    3.1032214111e-07    |    4.6083121493e+03    |    4.6082880260e+03    |
| 0.79500 |    3.1026990780e-07    |    4.6023762652e+03    |    4.6023517763e+03    |
| 0.79600 |    3.1021811029e-07    |    4.5964412512e+03    |    4.5964163922e+03    |
| 0.79700 |    3.1016674729e-07    |    4.5905074009e+03    |    4.5904821671e+03    |
| 0.79800 |    3.1011581745e-07    |    4.5845750053e+03    |    4.5845493921e+03    |
| 0.79900 |    3.1006531943e-07    |    4.5786443529e+03    |    4.5786183555e+03    |
| 0.80000 |    3.1001525186e-07    |    4.5727157299e+03    |    4.5726893435e+03    |
| 0.80100 |    3.0996561338e-07    |    4.5667894198e+03    |    4.5667626393e+03    |
| 0.80200 |    3.0991640261e-07    |    4.5608657034e+03    |    4.5608385240e+03    |
| 0.80300 |    3.0986761813e-07    |    4.5549448591e+03    |    4.5549172755e+03    |
| 0.80400 |    3.0981925854e-07    |    4.5490271624e+03    |    4.5489991696e+03    |
| 0.80500 |    3.0977132241e-07    |    4.5431128863e+03    |    4.5430844788e+03    |
| 0.80600 |    3.0972380830e-07    |    4.5372023008e+03    |    4.5371734733e+03    |
| 0.80700 |    3.0967671478e-07    |    4.5312956734e+03    |    4.5312664204e+03    |
| 0.80800 |    3.0963004036e-07    |    4.5253932685e+03    |    4.5253635844e+03    |
| 0.80900 |    3.0958378359e-07    |    4.5194953479e+03    |    4.5194652271e+03    |
| 0.81000 |    3.0953794296e-07    |    4.5136021703e+03    |    4.5135716069e+03    |
| 0.81100 |    3.0949251699e-07    |    4.5077139917e+03    |    4.5076829798e+03    |
| 0.81200 |    3.0944750416e-07    |    4.5018310649e+03    |    4.5017995986e+03    |
| 0.81300 |    3.0940290296e-07    |    4.4959536399e+03    |    4.4959217131e+03    |
| 0.81400 |    3.0935871184e-07    |    4.4900819637e+03    |    4.4900495701e+03    |
| 0.81500 |    3.0931492927e-07    |    4.4842162802e+03    |    4.4841834135e+03    |
| 0.81600 |    3.0927155368e-07    |    4.4783568302e+03    |    4.4783234838e+03    |
| 0.81700 |    3.0922858351e-07    |    4.4725038513e+03    |    4.4724700188e+03    |
| 0.81800 |    3.0918601719e-07    |    4.4666575783e+03    |    4.4666232529e+03    |
| 0.81900 |    3.0914385312e-07    |    4.4608182426e+03    |    4.4607834175e+03    |
| 0.82000 |    3.0910208970e-07    |    4.4549860724e+03    |    4.4549507406e+03    |
| 0.82100 |    3.0906072533e-07    |    4.4491612928e+03    |    4.4491254472e+03    |
| 0.82200 |    3.0901975838e-07    |    4.4433441256e+03    |    4.4433077591e+03    |
| 0.82300 |    3.0897918722e-07    |    4.4375347895e+03    |    4.4374978946e+03    |
| 0.82400 |    3.0893901022e-07    |    4.4317334998e+03    |    4.4316960690e+03    |
| 0.82500 |    3.0889922572e-07    |    4.4259404685e+03    |    4.4259024941e+03    |
| 0.82600 |    3.0885983205e-07    |    4.4201559042e+03    |    4.4201173785e+03    |
| 0.82700 |    3.0882082756e-07    |    4.4143800124e+03    |    4.4143409275e+03    |
| 0.82800 |    3.0878221056e-07    |    4.4086129951e+03    |    4.4085733427e+03    |
| 0.82900 |    3.0874397936e-07    |    4.4028550510e+03    |    4.4028148229e+03    |
| 0.83000 |    3.0870613226e-07    |    4.3971063752e+03    |    4.3970655631e+03    |
| 0.83100 |    3.0866866755e-07    |    4.3913671598e+03    |    4.3913257549e+03    |
| 0.83200 |    3.0863158352e-07    |    4.3856375931e+03    |    4.3855955866e+03    |
| 0.83300 |    3.0859487844e-07    |    4.3799178601e+03    |    4.3798752432e+03    |
| 0.83400 |    3.0855855057e-07    |    4.3742081424e+03    |    4.3741649059e+03    |
| 0.83500 |    3.0852259817e-07    |    4.3685086182e+03    |    4.3684647528e+03    |
| 0.83600 |    3.0848701949e-07    |    4.3628194620e+03    |    4.3627749583e+03    |
| 0.83700 |    3.0845181277e-07    |    4.3571408452e+03    |    4.3570956933e+03    |
| 0.83800 |    3.0841697623e-07    |    4.3514729353e+03    |    4.3514271254e+03    |
| 0.83900 |    3.0838250811e-07    |    4.3458158965e+03    |    4.3457694185e+03    |
| 0.84000 |    3.0834840661e-07    |    4.3401698897e+03    |    4.3401227332e+03    |
| 0.84100 |    3.0831466994e-07    |    4.3345350719e+03    |    4.3344872265e+03    |
| 0.84200 |    3.0828129630e-07    |    4.3289115969e+03    |    4.3288630518e+03    |
| 0.84300 |    3.0824828388e-07    |    4.3232996148e+03    |    4.3232503592e+03    |
| 0.84400 |    3.0821563086e-07    |    4.3176992724e+03    |    4.3176492950e+03    |
| 0.84500 |    3.0818333542e-07    |    4.3121107128e+03    |    4.3120600021e+03    |
| 0.84600 |    3.0815139573e-07    |    4.3065340756e+03    |    4.3064826201e+03    |
| 0.84700 |    3.0811980994e-07    |    4.3009694970e+03    |    4.3009172847e+03    |
| 0.84800 |    3.0808857621e-07    |    4.2954171097e+03    |    4.2953641284e+03    |
| 0.84900 |    3.0805769269e-07    |    4.2898770427e+03    |    4.2898232801e+03    |
| 0.85000 |    3.0802715752e-07    |    4.2843494217e+03    |    4.2842948650e+03    |
| 0.85100 |    3.0799696883e-07    |    4.2788343688e+03    |    4.2787790051e+03    |
| 0.85200 |    3.0796712474e-07    |    4.2733320026e+03    |    4.2732758187e+03    |
| 0.85300 |    3.0793762338e-07    |    4.2678424383e+03    |    4.2677854206e+03    |
| 0.85400 |    3.0790846285e-07    |    4.2623657876e+03    |    4.2623079224e+03    |
| 0.85500 |    3.0787964127e-07    |    4.2569021587e+03    |    4.2568434318e+03    |
| 0.85600 |    3.0785115674e-07    |    4.2514516564e+03    |    4.2513920534e+03    |
| 0.85700 |    3.0782300734e-07    |    4.2460143820e+03    |    4.2459538882e+03    |
| 0.85800 |    3.0779519117e-07    |    4.2405904335e+03    |    4.2405290338e+03    |
| 0.85900 |    3.0776770630e-07    |    4.2351799053e+03    |    4.2351175844e+03    |
| 0.86000 |    3.0774055082e-07    |    4.2297828886e+03    |    4.2297196306e+03    |
| 0.86100 |    3.0771372280e-07    |    4.2243994711e+03    |    4.2243352600e+03    |
| 0.86200 |    3.0768722029e-07    |    4.2190297372e+03    |    4.2189645565e+03    |
| 0.86300 |    3.0766104136e-07    |    4.2136737679e+03    |    4.2136076008e+03    |
| 0.86400 |    3.0763518406e-07    |    4.2083316409e+03    |    4.2082644703e+03    |
| 0.86500 |    3.0760964644e-07    |    4.2030034307e+03    |    4.2029352388e+03    |
| 0.86600 |    3.0758442655e-07    |    4.1976892083e+03    |    4.1976199773e+03    |
| 0.86700 |    3.0755952241e-07    |    4.1923890417e+03    |    4.1923187532e+03    |
| 0.86800 |    3.0753493207e-07    |    4.1871029955e+03    |    4.1870316306e+03    |
| 0.86900 |    3.0751065355e-07    |    4.1818311313e+03    |    4.1817586707e+03    |
| 0.87000 |    3.0748668487e-07    |    4.1765735071e+03    |    4.1764999312e+03    |
| 0.87100 |    3.0746302406e-07    |    4.1713301783e+03    |    4.1712554668e+03    |
| 0.87200 |    3.0743966912e-07    |    4.1661011967e+03    |    4.1660253291e+03    |
| 0.87300 |    3.0741661806e-07    |    4.1608866113e+03    |    4.1608095665e+03    |
| 0.87400 |    3.0739386889e-07    |    4.1556864680e+03    |    4.1556082242e+03    |
| 0.87500 |    3.0737141961e-07    |    4.1505008095e+03    |    4.1504213447e+03    |
| 0.87600 |    3.0734926822e-07    |    4.1453296757e+03    |    4.1452489672e+03    |
| 0.87700 |    3.0732741270e-07    |    4.1401731033e+03    |    4.1400911279e+03    |
| 0.87800 |    3.0730585105e-07    |    4.1350311264e+03    |    4.1349478604e+03    |
| 0.87900 |    3.0728458124e-07    |    4.1299037759e+03    |    4.1298191949e+03    |
| 0.88000 |    3.0726360126e-07    |    4.1247910800e+03    |    4.1247051591e+03    |
| 0.88100 |    3.0724290908e-07    |    4.1196930640e+03    |    4.1196057776e+03    |
| 0.88200 |    3.0722250268e-07    |    4.1146097504e+03    |    4.1145210725e+03    |
| 0.88300 |    3.0720238002e-07    |    4.1095411591e+03    |    4.1094510628e+03    |
| 0.88400 |    3.0718253907e-07    |    4.1044873070e+03    |    4.1043957648e+03    |
| 0.88500 |    3.0716297779e-07    |    4.0994482086e+03    |    4.0993551925e+03    |
| 0.88600 |    3.0714369413e-07    |    4.0944238757e+03    |    4.0943293567e+03    |
| 0.88700 |    3.0712468606e-07    |    4.0894143174e+03    |    4.0893182660e+03    |
| 0.88800 |    3.0710595152e-07    |    4.0844195403e+03    |    4.0843219261e+03    |
| 0.88900 |    3.0708748847e-07    |    4.0794395485e+03    |    4.0793403405e+03    |
| 0.89000 |    3.0706929485e-07    |    4.0744743437e+03    |    4.0743735100e+03    |
| 0.89100 |    3.0705136859e-07    |    4.0695239251e+03    |    4.0694214330e+03    |
| 0.89200 |    3.0703370765e-07    |    4.0645882894e+03    |    4.0644841055e+03    |
| 0.89300 |    3.0701630996e-07    |    4.0596674313e+03    |    4.0595615211e+03    |
| 0.89400 |    3.0699917346e-07    |    4.0547613430e+03    |    4.0546536711e+03    |
| 0.89500 |    3.0698229607e-07    |    4.0498700143e+03    |    4.0497605446e+03    |
| 0.89600 |    3.0696567573e-07    |    4.0449934331e+03    |    4.0448821283e+03    |
| 0.89700 |    3.0694931036e-07    |    4.0401315849e+03    |    4.0400184070e+03    |
| 0.89800 |    3.0693319789e-07    |    4.0352844533e+03    |    4.0351693630e+03    |
| 0.89900 |    3.0691733625e-07    |    4.0304520196e+03    |    4.0303349768e+03    |
| 0.90000 |    3.0690172335e-07    |    4.0256342634e+03    |    4.0255152267e+03    |
| 0.90100 |    3.0688635711e-07    |    4.0208311621e+03    |    4.0207100890e+03    |
| 0.90200 |    3.0687123546e-07    |    4.0160426912e+03    |    4.0159195382e+03    |
| 0.90300 |    3.0685635630e-07    |    4.0112688243e+03    |    4.0111435467e+03    |
| 0.90400 |    3.0684171755e-07    |    4.0065095334e+03    |    4.0063820851e+03    |
| 0.90500 |    3.0682731713e-07    |    4.0017647885e+03    |    4.0016351223e+03    |
| 0.90600 |    3.0681315295e-07    |    3.9970345579e+03    |    3.9969026251e+03    |
| 0.90700 |    3.0679922290e-07    |    3.9923188082e+03    |    3.9921845590e+03    |
| 0.90800 |    3.0678552492e-07    |    3.9876175046e+03    |    3.9874808876e+03    |
| 0.90900 |    3.0677205689e-07    |    3.9829306105e+03    |    3.9827915728e+03    |
| 0.91000 |    3.0675881673e-07    |    3.9782580877e+03    |    3.9781165751e+03    |
| 0.91100 |    3.0674580235e-07    |    3.9735998968e+03    |    3.9734558533e+03    |
| 0.91200 |    3.0673301165e-07    |    3.9689559967e+03    |    3.9688093648e+03    |
| 0.91300 |    3.0672044252e-07    |    3.9643263449e+03    |    3.9641770656e+03    |
| 0.91400 |    3.0670809288e-07    |    3.9597108979e+03    |    3.9595589101e+03    |
| 0.91500 |    3.0669596064e-07    |    3.9551096105e+03    |    3.9549548516e+03    |
| 0.91600 |    3.0668404368e-07    |    3.9505224365e+03    |    3.9503648419e+03    |
| 0.91700 |    3.0667233991e-07    |    3.9459493284e+03    |    3.9457888316e+03    |
| 0.91800 |    3.0666084724e-07    |    3.9413902375e+03    |    3.9412267701e+03    |
| 0.91900 |    3.0664956357e-07    |    3.9368451142e+03    |    3.9366786056e+03    |
| 0.92000 |    3.0663848680e-07    |    3.9323139077e+03    |    3.9321442851e+03    |
| 0.92100 |    3.0662761483e-07    |    3.9277965662e+03    |    3.9276237547e+03    |
| 0.92200 |    3.0661694556e-07    |    3.9232930368e+03    |    3.9231169593e+03    |
| 0.92300 |    3.0660647690e-07    |    3.9188032660e+03    |    3.9186238427e+03    |
| 0.92400 |    3.0659620675e-07    |    3.9143271992e+03    |    3.9141443480e+03    |
| 0.92500 |    3.0658613302e-07    |    3.9098647810e+03    |    3.9096784172e+03    |
| 0.92600 |    3.0657625360e-07    |    3.9054159553e+03    |    3.9052259914e+03    |
| 0.92700 |    3.0656656641e-07    |    3.9009806651e+03    |    3.9007870110e+03    |
| 0.92800 |    3.0655706934e-07    |    3.8965588530e+03    |    3.8963614154e+03    |
| 0.92900 |    3.0654776032e-07    |    3.8921504605e+03    |    3.8919491434e+03    |
| 0.93000 |    3.0653863724e-07    |    3.8877554290e+03    |    3.8875501330e+03    |
| 0.93100 |    3.0652969802e-07    |    3.8833736990e+03    |    3.8831643215e+03    |
| 0.93200 |    3.0652094057e-07    |    3.8790052104e+03    |    3.8787916456e+03    |
| 0.93300 |    3.0651236281e-07    |    3.8746499031e+03    |    3.8744320414e+03    |
| 0.93400 |    3.0650396264e-07    |    3.8703077161e+03    |    3.8700854442e+03    |
| 0.93500 |    3.0649573798e-07    |    3.8659785881e+03    |    3.8657517891e+03    |
| 0.93600 |    3.0648768676e-07    |    3.8616624575e+03    |    3.8614310103e+03    |
| 0.93700 |    3.0647980689e-07    |    3.8573592626e+03    |    3.8571230419e+03    |
| 0.93800 |    3.0647209631e-07    |    3.8530689409e+03    |    3.8528278172e+03    |
| 0.93900 |    3.0646455292e-07    |    3.8487914303e+03    |    3.8485452693e+03    |
| 0.94000 |    3.0645717467e-07    |    3.8445266680e+03    |    3.8442753309e+03    |
| 0.94100 |    3.0644995949e-07    |    3.8402745912e+03    |    3.8400179342e+03    |
| 0.94200 |    3.0644290530e-07    |    3.8360351371e+03    |    3.8357730111e+03    |
| 0.94300 |    3.0643601004e-07    |    3.8318082427e+03    |    3.8315404934e+03    |
| 0.94400 |    3.0642927167e-07    |    3.8275938450e+03    |    3.8273203123e+03    |
| 0.94500 |    3.0642268811e-07    |    3.8233918810e+03    |    3.8231123989e+03    |
| 0.94600 |    3.0641625732e-07    |    3.8192022879e+03    |    3.8189166842e+03    |
| 0.94700 |    3.0640997724e-07    |    3.8150250026e+03    |    3.8147330988e+03    |
| 0.94800 |    3.0640384584e-07    |    3.8108599624e+03    |    3.8105615732e+03    |
| 0.94900 |    3.0639786107e-07    |    3.8067071048e+03    |    3.8064020377e+03    |
| 0.95000 |    3.0639202089e-07    |    3.8025663673e+03    |    3.8022544225e+03    |
| 0.95100 |    3.0638632327e-07    |    3.7984376879e+03    |    3.7981186576e+03    |
| 0.95200 |    3.0638076619e-07    |    3.7943210046e+03    |    3.7939946732e+03    |
| 0.95300 |    3.0637534761e-07    |    3.7902162558e+03    |    3.7898823990e+03    |
| 0.95400 |    3.0637006552e-07    |    3.7861233804e+03    |    3.7857817649e+03    |
| 0.95500 |    3.0636491791e-07    |    3.7820423177e+03    |    3.7816927007e+03    |
| 0.95600 |    3.0635990276e-07    |    3.7779730074e+03    |    3.7776151362e+03    |
| 0.95700 |    3.0635501807e-07    |    3.7739153894e+03    |    3.7735490012e+03    |
| 0.95800 |    3.0635026185e-07    |    3.7698694047e+03    |    3.7694942255e+03    |
| 0.95900 |    3.0634563210e-07    |    3.7658349943e+03    |    3.7654507388e+03    |
| 0.96000 |    3.0634112683e-07    |    3.7618121005e+03    |    3.7614184712e+03    |
| 0.96100 |    3.0633674407e-07    |    3.7578006658e+03    |    3.7573973524e+03    |
| 0.96200 |    3.0633248184e-07    |    3.7538006336e+03    |    3.7533873124e+03    |
| 0.96300 |    3.0632833817e-07    |    3.7498119482e+03    |    3.7493882814e+03    |
| 0.96400 |    3.0632431110e-07    |    3.7458345546e+03    |    3.7454001895e+03    |
| 0.96500 |    3.0632039868e-07    |    3.7418683988e+03    |    3.7414229670e+03    |
| 0.96600 |    3.0631659897e-07    |    3.7379134279e+03    |    3.7374565442e+03    |
| 0.96700 |    3.0631291001e-07    |    3.7339695899e+03    |    3.7335008517e+03    |
| 0.96800 |    3.0630932988e-07    |    3.7300368340e+03    |    3.7295558201e+03    |
| 0.96900 |    3.0630585665e-07    |    3.7261151107e+03    |    3.7256213803e+03    |
| 0.97000 |    3.0630248841e-07    |    3.7222043717e+03    |    3.7216974632e+03    |
| 0.97100 |    3.0629922325e-07    |    3.7183045702e+03    |    3.7177840001e+03    |
| 0.97200 |    3.0629605926e-07    |    3.7144156609e+03    |    3.7138809221e+03    |
| 0.97300 |    3.0629299456e-07    |    3.7105375999e+03    |    3.7099881609e+03    |
| 0.97400 |    3.0629002726e-07    |    3.7066703453e+03    |    3.7061056482e+03    |
| 0.97500 |    3.0628715549e-07    |    3.7028138568e+03    |    3.7022333158e+03    |
| 0.97600 |    3.0628437738e-07    |    3.6989680960e+03    |    3.6983710960e+03    |
| 0.97700 |    3.0628169108e-07    |    3.6951330270e+03    |    3.6945189211e+03    |
| 0.97800 |    3.0627909474e-07    |    3.6913086159e+03    |    3.6906767237e+03    |
| 0.97900 |    3.0627658653e-07    |    3.6874948310e+03    |    3.6868444366e+03    |
| 0.98000 |    3.0627416462e-07    |    3.6836916434e+03    |    3.6830219930e+03    |
| 0.98100 |    3.0627182719e-07    |    3.6798990272e+03    |    3.6792093262e+03    |
| 0.98200 |    3.0626957245e-07    |    3.6761169594e+03    |    3.6754063697e+03    |
| 0.98300 |    3.0626739859e-07    |    3.6723454199e+03    |    3.6716130576e+03    |
| 0.98400 |    3.0626530383e-07    |    3.6685843923e+03    |    3.6678293239e+03    |
| 0.98500 |    3.0626328640e-07    |    3.6648338640e+03    |    3.6640551030e+03    |
| 0.98600 |    3.0626134455e-07    |    3.6610938269e+03    |    3.6602903299e+03    |
| 0.98700 |    3.0625947652e-07    |    3.6573642763e+03    |    3.6565349393e+03    |
| 0.98800 |    3.0625768058e-07    |    3.6536452130e+03    |    3.6527888669e+03    |
| 0.98900 |    3.0625595501e-07    |    3.6499366432e+03    |    3.6490520481e+03    |
| 0.99000 |    3.0625429809e-07    |    3.6462385783e+03    |    3.6453244190e+03    |
| 0.99100 |    3.0625270813e-07    |    3.6425510357e+03    |    3.6416059159e+03    |
| 0.99200 |    3.0625118345e-07    |    3.6388740395e+03    |    3.6378964755e+03    |
| 0.99300 |    3.0624972237e-07    |    3.6352076214e+03    |    3.6341960348e+03    |
| 0.99400 |    3.0624832323e-07    |    3.6315518208e+03    |    3.6305045312e+03    |
| 0.99500 |    3.0624698440e-07    |    3.6279066858e+03    |    3.6268219024e+03    |
| 0.99600 |    3.0624570424e-07    |    3.6242722743e+03    |    3.6231480865e+03    |
| 0.99700 |    3.0624448114e-07    |    3.6206486542e+03    |    3.6194830219e+03    |
| 0.99800 |    3.0624331350e-07    |    3.6170359054e+03    |    3.6158266476e+03    |
| 0.99900 |    3.0624219975e-07    |    3.6134341199e+03    |    3.6121789028e+03    |
| 1.00000 |    3.0624113830e-07    |    3.6071393296e+03    |    3.6085397272e+03    |
--------------------------------------------------------------------------------------