Число узлов n = 181
--------------------------------------------------------------------------------------
|    x    |          u(z)          |          f(z)          |     f(z) integral      |
--------------------------------------------------------------------------------------
| 0.00000 |    3.9589872442e-07    |    0.0000000000e+00    |    0.0000000000e+00    |
| 0.00556 |    3.9589109295e-07    |    6.8692190133e+01    |    6.4747149915e+01    |
| 0.01111 |    3.9587134355e-07    |    1.3107277820e+02    |    1.2949488379e+02    |
| 0.01667 |    3.9583884703e-07    |    1.9525798229e+02    |    1.9424375582e+02    |
| 0.02222 |    3.9579351325e-07    |    2.5974541347e+02    |    2.5899428222e+02    |
| 0.02778 |    3.9573531193e-07    |    3.2434425800e+02    |    3.2374693005e+02    |
| 0.03333 |    3.9566422902e-07    |    3.8899815954e+02    |    3.8850209836e+02    |
| 0.03889 |    3.9558025677e-07    |    4.5368430741e+02    |    4.5326010047e+02    |
| 0.04444 |    3.9548339034e-07    |    5.1839165773e+02    |    5.1802114664e+02    |
| 0.05000 |    3.9537362652e-07    |    5.8311414816e+02    |    5.8278532669e+02    |
| 0.05556 |    3.9525096310e-07    |    6.4784807763e+02    |    6.4755259281e+02    |
| 0.06111 |    3.9511539860e-07    |    7.1259093468e+02    |    7.1232274223e+02    |
| 0.06667 |    3.9496693212e-07    |    7.7734081250e+02    |    7.7709540004e+02    |
| 0.07222 |    3.9480556334e-07    |    8.4209608965e+02    |    8.4187000193e+02    |
| 0.07778 |    3.9463129248e-07    |    9.0685524164e+02    |    9.0664577695e+02    |
| 0.08333 |    3.9444412037e-07    |    9.7161672177e+02    |    9.7142173037e+02    |
| 0.08889 |    3.9424404850e-07    |    1.0363788804e+03    |    1.0361966264e+03    |
| 0.09444 |    3.9403107911e-07    |    1.1011399072e+03    |    1.1009689711e+03    |
| 0.10000 |    3.9380521525e-07    |    1.1658977862e+03    |    1.1657369953e+03    |
| 0.10556 |    3.9356646092e-07    |    1.2306502611e+03    |    1.2304986371e+03    |
| 0.11111 |    3.9331482118e-07    |    1.2953948045e+03    |    1.2952515256e+03    |
| 0.11667 |    3.9305030224e-07    |    1.3601285918e+03    |    1.3599929631e+03    |
| 0.12222 |    3.9277291162e-07    |    1.4248484782e+03    |    1.4247199087e+03    |
| 0.12778 |    3.9248265827e-07    |    1.4895509760e+03    |    1.4894289612e+03    |
| 0.13333 |    3.9217955274e-07    |    1.5542322349e+03    |    1.5541163427e+03    |
| 0.13889 |    3.9186360730e-07    |    1.6188880222e+03    |    1.6187778815e+03    |
| 0.14444 |    3.9153483612e-07    |    1.6835137043e+03    |    1.6834089960e+03    |
| 0.15000 |    3.9119325545e-07    |    1.7481042287e+03    |    1.7480046783e+03    |
| 0.15556 |    3.9083888376e-07    |    1.8126541065e+03    |    1.8125594781e+03    |
| 0.16111 |    3.9047174194e-07    |    1.8771573954e+03    |    1.8770674865e+03    |
| 0.16667 |    3.9009185348e-07    |    1.9416076834e+03    |    1.9415223206e+03    |
| 0.17222 |    3.8969924467e-07    |    2.0059980722e+03    |    2.0059171079e+03    |
| 0.17778 |    3.8929394479e-07    |    2.0703211619e+03    |    2.0702444713e+03    |
| 0.18333 |    3.8887598631e-07    |    2.1345690358e+03    |    2.1344965140e+03    |
| 0.18889 |    3.8844540513e-07    |    2.1987332449e+03    |    2.1986648052e+03    |
| 0.19444 |    3.8800224073e-07    |    2.2628047943e+03    |    2.2627403658e+03    |
| 0.20000 |    3.8754653646e-07    |    2.3267741288e+03    |    2.3267136551e+03    |
| 0.20556 |    3.8707833971e-07    |    2.3906311196e+03    |    2.3905745570e+03    |
| 0.21111 |    3.8659770218e-07    |    2.4543650514e+03    |    2.4543123680e+03    |
| 0.21667 |    3.8610468008e-07    |    2.5179646101e+03    |    2.5179157846e+03    |
| 0.22222 |    3.8559933438e-07    |    2.5814178713e+03    |    2.5813728917e+03    |
| 0.22778 |    3.8508173104e-07    |    2.6447122893e+03    |    2.6446711523e+03    |
| 0.23333 |    3.8455194129e-07    |    2.7078346866e+03    |    2.7077973965e+03    |
| 0.23889 |    3.8401004180e-07    |    2.7707712446e+03    |    2.7707378130e+03    |
| 0.24444 |    3.8345611499e-07    |    2.8335074952e+03    |    2.8334779396e+03    |
| 0.25000 |    3.8289024928e-07    |    2.8960283125e+03    |    2.8960026562e+03    |
| 0.25556 |    3.8231253927e-07    |    2.9583179064e+03    |    2.9582961779e+03    |
| 0.26111 |    3.8172308607e-07    |    3.0203598166e+03    |    3.0203420487e+03    |
| 0.26667 |    3.8112199749e-07    |    3.0821369080e+03    |    3.0821231375e+03    |
| 0.27222 |    3.8050938835e-07    |    3.1436313671e+03    |    3.1436216343e+03    |
| 0.27778 |    3.7988538063e-07    |    3.2048246996e+03    |    3.2048190475e+03    |
| 0.28333 |    3.7925010382e-07    |    3.2656977291e+03    |    3.2656962034e+03    |
| 0.28889 |    3.7860369509e-07    |    3.3262305978e+03    |    3.3262332459e+03    |
| 0.29444 |    3.7794629954e-07    |    3.3864027676e+03    |    3.3864096386e+03    |
| 0.30000 |    3.7727807047e-07    |    3.4461930238e+03    |    3.4462041677e+03    |
| 0.30556 |    3.7659916954e-07    |    3.5055794796e+03    |    3.5055949471e+03    |
| 0.31111 |    3.7590976705e-07    |    3.5645395826e+03    |    3.5645594245e+03    |
| 0.31667 |    3.7521004213e-07    |    3.6230501226e+03    |    3.6230743894e+03    |
| 0.32222 |    3.7450018293e-07    |    3.6810872422e+03    |    3.6811159834e+03    |
| 0.32778 |    3.7378038685e-07    |    3.7386264478e+03    |    3.7386597121e+03    |
| 0.33333 |    3.7305086067e-07    |    3.7956426242e+03    |    3.7956804582e+03    |
| 0.33889 |    3.7231182078e-07    |    3.8521100498e+03    |    3.8521524981e+03    |
| 0.34444 |    3.7156349332e-07    |    3.9080024149e+03    |    3.9080495193e+03    |
| 0.35000 |    3.7080611431e-07    |    3.9632928415e+03    |    3.9633446410e+03    |
| 0.35556 |    3.7003992980e-07    |    4.0179539062e+03    |    4.0180104359e+03    |
| 0.36111 |    3.6926519599e-07    |    4.0719576643e+03    |    4.0720189553e+03    |
| 0.36667 |    3.6848217930e-07    |    4.1252756775e+03    |    4.1253417563e+03    |
| 0.37222 |    3.6769115651e-07    |    4.1778790431e+03    |    4.1779499310e+03    |
| 0.37778 |    3.6689241474e-07    |    4.2297384263e+03    |    4.2298141391e+03    |
| 0.38333 |    3.6608625156e-07    |    4.2808240950e+03    |    4.2809046421e+03    |
| 0.38889 |    3.6527297499e-07    |    4.3311059568e+03    |    4.3311913412e+03    |
| 0.39444 |    3.6445290347e-07    |    4.3805535996e+03    |    4.3806438167e+03    |
| 0.40000 |    3.6362636587e-07    |    4.4291363338e+03    |    4.4292313714e+03    |
| 0.40556 |    3.6279370141e-07    |    4.4768232381e+03    |    4.4769230757e+03    |
| 0.41111 |    3.6195525958e-07    |    4.5235832081e+03    |    4.5236878160e+03    |
| 0.41667 |    3.6111140007e-07    |    4.5693850068e+03    |    4.5694943461e+03    |
| 0.42222 |    3.6026249259e-07    |    4.6141973191e+03    |    4.6143113408e+03    |
| 0.42778 |    3.5940891672e-07    |    4.6579888085e+03    |    4.6581074529e+03    |
| 0.43333 |    3.5855106172e-07    |    4.7007281766e+03    |    4.7008513727e+03    |
| 0.43889 |    3.5768932633e-07    |    4.7423842255e+03    |    4.7425118905e+03    |
| 0.44444 |    3.5682411843e-07    |    4.7829259229e+03    |    4.7830579618e+03    |
| 0.45000 |    3.5595585486e-07    |    4.8223224704e+03    |    4.8224587751e+03    |
| 0.45556 |    3.5508496099e-07    |    4.8605433736e+03    |    4.8606838225e+03    |
| 0.46111 |    3.5421187045e-07    |    4.8975585153e+03    |    4.8977029727e+03    |
| 0.46667 |    3.5333702467e-07    |    4.9333382315e+03    |    4.9334865470e+03    |
| 0.47222 |    3.5246087250e-07    |    4.9678533893e+03    |    4.9680053972e+03    |
| 0.47778 |    3.5158386972e-07    |    5.0010754669e+03    |    5.0012309859e+03    |
| 0.48333 |    3.5070647855e-07    |    5.0329766368e+03    |    5.0331354690e+03    |
| 0.48889 |    3.4982916713e-07    |    5.0635298496e+03    |    5.0636917803e+03    |
| 0.49444 |    3.4895240896e-07    |    5.0927089208e+03    |    5.0928737180e+03    |
| 0.50000 |    3.4807668227e-07    |    5.1204886185e+03    |    5.1206560321e+03    |
| 0.50556 |    3.4720246941e-07    |    5.1468447529e+03    |    5.1470145144e+03    |
| 0.51111 |    3.4633025620e-07    |    5.1717542666e+03    |    5.1719260886e+03    |
| 0.51667 |    3.4546053119e-07    |    5.1951953263e+03    |    5.1953689021e+03    |
| 0.52222 |    3.4459378498e-07    |    5.2171474149e+03    |    5.2173224178e+03    |
| 0.52778 |    3.4373050944e-07    |    5.2375914236e+03    |    5.2377675068e+03    |
| 0.53333 |    3.4287119693e-07    |    5.2565097448e+03    |    5.2566865407e+03    |
| 0.53889 |    3.4201633950e-07    |    5.2738863640e+03    |    5.2740634839e+03    |
| 0.54444 |    3.4116642804e-07    |    5.2897069511e+03    |    5.2898839850e+03    |
| 0.55000 |    3.4032195145e-07    |    5.3039589511e+03    |    5.3041354669e+03    |
| 0.55556 |    3.3948339576e-07    |    5.3166316725e+03    |    5.3168072162e+03    |
| 0.56111 |    3.3865124323e-07    |    5.3277163747e+03    |    5.3278904695e+03    |
| 0.56667 |    3.3782597143e-07    |    5.3372063520e+03    |    5.3373784984e+03    |
| 0.57222 |    3.3700805240e-07    |    5.3450970154e+03    |    5.3452666907e+03    |
| 0.57778 |    3.3619795162e-07    |    5.3513859709e+03    |    5.3515526291e+03    |
| 0.58333 |    3.3539612720e-07    |    5.3560730939e+03    |    5.3562361650e+03    |
| 0.58889 |    3.3460302884e-07    |    5.3591605989e+03    |    5.3593194889e+03    |
| 0.59444 |    3.3381909700e-07    |    5.3606531044e+03    |    5.3608071950e+03    |
| 0.60000 |    3.3304476191e-07    |    5.3605576925e+03    |    5.3607063407e+03    |
| 0.60556 |    3.3228044273e-07    |    5.3588839620e+03    |    5.3590264995e+03    |
| 0.61111 |    3.3152654659e-07    |    5.3556440748e+03    |    5.3557798081e+03    |
| 0.61667 |    3.3078346775e-07    |    5.3508527956e+03    |    5.3509810051e+03    |
| 0.62222 |    3.3005158675e-07    |    5.3445275228e+03    |    5.3446474624e+03    |
| 0.62778 |    3.2933126957e-07    |    5.3366883113e+03    |    5.3367992082e+03    |
| 0.63333 |    3.2862286684e-07    |    5.3273578868e+03    |    5.3274589403e+03    |
| 0.63889 |    3.2792671308e-07    |    5.3165616497e+03    |    5.3166520307e+03    |
| 0.64444 |    3.2724312596e-07    |    5.3043276691e+03    |    5.3044065191e+03    |
| 0.65000 |    3.2657240565e-07    |    5.2906866661e+03    |    5.2907530961e+03    |
| 0.65556 |    3.2591483415e-07    |    5.2756719856e+03    |    5.2757250752e+03    |
| 0.66111 |    3.2527067475e-07    |    5.2593195571e+03    |    5.2593583526e+03    |
| 0.66667 |    3.2464017143e-07    |    5.2416678425e+03    |    5.2416913552e+03    |
| 0.67222 |    3.2402354846e-07    |    5.2227577718e+03    |    5.2227649763e+03    |
| 0.67778 |    3.2342100994e-07    |    5.2026326660e+03    |    5.2026224975e+03    |
| 0.68333 |    3.2283273942e-07    |    5.1813381462e+03    |    5.1813094981e+03    |
| 0.68889 |    3.2225889969e-07    |    5.1589220307e+03    |    5.1588737513e+03    |
| 0.69444 |    3.2169963245e-07    |    5.1354342170e+03    |    5.1353651057e+03    |
| 0.70000 |    3.2115505823e-07    |    5.1109265513e+03    |    5.1108353547e+03    |
| 0.70556 |    3.2062527628e-07    |    5.0854526846e+03    |    5.0853380915e+03    |
| 0.71111 |    3.2011036449e-07    |    5.0590679147e+03    |    5.0589285507e+03    |
| 0.71667 |    3.1961037953e-07    |    5.0318290165e+03    |    5.0316634373e+03    |
| 0.72222 |    3.1912535688e-07    |    5.0037940581e+03    |    5.0036007426e+03    |
| 0.72778 |    3.1865531103e-07    |    4.9750222063e+03    |    4.9747995482e+03    |
| 0.73333 |    3.1820023574e-07    |    4.9455735201e+03    |    4.9453198183e+03    |
| 0.73889 |    3.1776010434e-07    |    4.9155087336e+03    |    4.9152221818e+03    |
| 0.74444 |    3.1733487007e-07    |    4.8848890296e+03    |    4.8845677037e+03    |
| 0.75000 |    3.1692446655e-07    |    4.8537758049e+03    |    4.8534176496e+03    |
| 0.75556 |    3.1652880821e-07    |    4.8222304283e+03    |    4.8218332409e+03    |
| 0.76111 |    3.1614779083e-07    |    4.7903139931e+03    |    4.7898754062e+03    |
| 0.76667 |    3.1578129212e-07    |    4.7580870662e+03    |    4.7576045272e+03    |
| 0.77222 |    3.1542917234e-07    |    4.7256094344e+03    |    4.7250801829e+03    |
| 0.77778 |    3.1509127492e-07    |    4.6929398514e+03    |    4.6923608931e+03    |
| 0.78333 |    3.1476742715e-07    |    4.6601357864e+03    |    4.6595038640e+03    |
| 0.78889 |    3.1445744090e-07    |    4.6272531778e+03    |    4.6265647377e+03    |
| 0.79444 |    3.1416111331e-07    |    4.5943461933e+03    |    4.5935973478e+03    |
| 0.80000 |    3.1387822753e-07    |    4.5614669998e+03    |    4.5606534843e+03    |
| 0.80556 |    3.1360855349e-07    |    4.5286655457e+03    |    4.5277826700e+03    |
| 0.81111 |    3.1335184860e-07    |    4.4959893580e+03    |    4.4950319507e+03    |
| 0.81667 |    3.1310785856e-07    |    4.4634833575e+03    |    4.4624457025e+03    |
| 0.82222 |    3.1287631799e-07    |    4.4311896943e+03    |    4.4300654584e+03    |
| 0.82778 |    3.1265695127e-07    |    4.3991476075e+03    |    4.3979297566e+03    |
| 0.83333 |    3.1244947316e-07    |    4.3673933100e+03    |    4.3660740138e+03    |
| 0.83889 |    3.1225358953e-07    |    4.3359599033e+03    |    4.3345304243e+03    |
| 0.84444 |    3.1206899801e-07    |    4.3048773228e+03    |    4.3033278882e+03    |
| 0.85000 |    3.1189538866e-07    |    4.2741723167e+03    |    4.2724919696e+03    |
| 0.85556 |    3.1173244456e-07    |    4.2438684611e+03    |    4.2420448861e+03    |
| 0.86111 |    3.1157984243e-07    |    4.2139862113e+03    |    4.2120055310e+03    |
| 0.86667 |    3.1143725318e-07    |    4.1845429922e+03    |    4.1823895272e+03    |
| 0.87222 |    3.1130434248e-07    |    4.1555533293e+03    |    4.1532093134e+03    |
| 0.87778 |    3.1118077129e-07    |    4.1270290188e+03    |    4.1244742616e+03    |
| 0.88333 |    3.1106619637e-07    |    4.0989793412e+03    |    4.0961908232e+03    |
| 0.88889 |    3.1096027078e-07    |    4.0714113158e+03    |    4.0683627019e+03    |
| 0.89444 |    3.1086264439e-07    |    4.0443300001e+03    |    4.0409910503e+03    |
| 0.90000 |    3.1077296436e-07    |    4.0177388338e+03    |    4.0140746858e+03    |
| 0.90556 |    3.1069087563e-07    |    3.9916400327e+03    |    3.9876103209e+03    |
| 0.91111 |    3.1061602144e-07    |    3.9660350367e+03    |    3.9615928038e+03    |
| 0.91667 |    3.1054804386e-07    |    3.9409250215e+03    |    3.9360153633e+03    |
| 0.92222 |    3.1048658428e-07    |    3.9163114887e+03    |    3.9108698519e+03    |
| 0.92778 |    3.1043128404e-07    |    3.8921969563e+03    |    3.8861469821e+03    |
| 0.93333 |    3.1038178503e-07    |    3.8685857850e+03    |    3.8618365513e+03    |
| 0.93889 |    3.1033773027e-07    |    3.8454851918e+03    |    3.8379276488e+03    |
| 0.94444 |    3.1029876467e-07    |    3.8229065310e+03    |    3.8144088439e+03    |
| 0.95000 |    3.1026453576e-07    |    3.8008669620e+03    |    3.7912683504e+03    |
| 0.95556 |    3.1023469445e-07    |    3.7793916897e+03    |    3.7684941678e+03    |
| 0.96111 |    3.1020889594e-07    |    3.7585170598e+03    |    3.7460741991e+03    |
| 0.96667 |    3.1018680059e-07    |    3.7382949589e+03    |    3.7239963469e+03    |
| 0.97222 |    3.1016807496e-07    |    3.7187992398e+03    |    3.7022485908e+03    |
| 0.97778 |    3.1015239286e-07    |    3.7001353617e+03    |    3.6808190499e+03    |
| 0.98333 |    3.1013943650e-07    |    3.6824552695e+03    |    3.6596960347e+03    |
| 0.98889 |    3.1012889769e-07    |    3.6659810720e+03    |    3.6388680914e+03    |
| 0.99444 |    3.1012047917e-07    |    3.6510440333e+03    |    3.6183240438e+03    |
| 1.00000 |    3.1011389600e-07    |    3.5531271221e+03    |    3.5980530341e+03    |
--------------------------------------------------------------------------------------