Число узлов n = 501
--------------------------------------------------------------------------------------
|    x    |          u(z)          |          f(z)          |     f(z) integral      |
--------------------------------------------------------------------------------------
| 0.00000 |    3.9258289192e-07    |    0.0000000000e+00    |    0.0000000000e+00    |
| 0.00200 |    3.9258205445e-07    |    2.3344585367e+01    |    2.3344586874e+01    |
| 0.00400 |    3.9257954205e-07    |    4.6689194717e+01    |    4.6689200749e+01    |
| 0.00600 |    3.9257535470e-07    |    7.0033858791e+01    |    7.0033868519e+01    |
| 0.00800 |    3.9256949241e-07    |    9.3378603546e+01    |    9.3378616874e+01    |
| 0.01000 |    3.9256195516e-07    |    1.1672345525e+02    |    1.1672347219e+02    |
| 0.01200 |    3.9255274296e-07    |    1.4006843983e+02    |    1.4006846042e+02    |
| 0.01400 |    3.9254185578e-07    |    1.6341358268e+02    |    1.6341360701e+02    |
| 0.01600 |    3.9252929362e-07    |    1.8675890861e+02    |    1.8675893676e+02    |
| 0.01800 |    3.9251505646e-07    |    2.1010444168e+02    |    2.1010447378e+02    |
| 0.02000 |    3.9249914429e-07    |    2.3345020512e+02    |    2.3345024129e+02    |
| 0.02200 |    3.9248155710e-07    |    2.5679622123e+02    |    2.5679626163e+02    |
| 0.02400 |    3.9246229486e-07    |    2.8014251128e+02    |    2.8014255606e+02    |
| 0.02600 |    3.9244135755e-07    |    3.0348909537e+02    |    3.0348914471e+02    |
| 0.02800 |    3.9241874517e-07    |    3.2683599236e+02    |    3.2683604646e+02    |
| 0.03000 |    3.9239445768e-07    |    3.5018321976e+02    |    3.5018327883e+02    |
| 0.03200 |    3.9236849507e-07    |    3.7353079363e+02    |    3.7353085789e+02    |
| 0.03400 |    3.9234085731e-07    |    3.9687872844e+02    |    3.9687879813e+02    |
| 0.03600 |    3.9231154439e-07    |    4.2022703703e+02    |    4.2022711241e+02    |
| 0.03800 |    3.9228055628e-07    |    4.4357573045e+02    |    4.4357581178e+02    |
| 0.04000 |    3.9224789297e-07    |    4.6692481786e+02    |    4.6692490543e+02    |
| 0.04200 |    3.9221355444e-07    |    4.9027430647e+02    |    4.9027440058e+02    |
| 0.04400 |    3.9217754067e-07    |    5.1362420140e+02    |    5.1362430236e+02    |
| 0.04600 |    3.9213985163e-07    |    5.3697450556e+02    |    5.3697461371e+02    |
| 0.04800 |    3.9210048733e-07    |    5.6032521960e+02    |    5.6032533528e+02    |
| 0.05000 |    3.9205944774e-07    |    5.8367634175e+02    |    5.8367646531e+02    |
| 0.05200 |    3.9201673285e-07    |    6.0702786775e+02    |    6.0702799958e+02    |
| 0.05400 |    3.9197234266e-07    |    6.3037979074e+02    |    6.3037993122e+02    |
| 0.05600 |    3.9192627716e-07    |    6.5373210113e+02    |    6.5373225068e+02    |
| 0.05800 |    3.9187853636e-07    |    6.7708478656e+02    |    6.7708494559e+02    |
| 0.06000 |    3.9182912025e-07    |    7.0043783170e+02    |    7.0043800065e+02    |
| 0.06200 |    3.9177802884e-07    |    7.2379121824e+02    |    7.2379139755e+02    |
| 0.06400 |    3.9172526215e-07    |    7.4714492473e+02    |    7.4714511487e+02    |
| 0.06600 |    3.9167082019e-07    |    7.7049892648e+02    |    7.7049912793e+02    |
| 0.06800 |    3.9161470299e-07    |    7.9385319548e+02    |    7.9385340874e+02    |
| 0.07000 |    3.9155691058e-07    |    8.1720770029e+02    |    8.1720792586e+02    |
| 0.07200 |    3.9149744299e-07    |    8.4056240589e+02    |    8.4056264431e+02    |
| 0.07400 |    3.9143630028e-07    |    8.6391727367e+02    |    8.6391752546e+02    |
| 0.07600 |    3.9137348248e-07    |    8.8727226121e+02    |    8.8727252694e+02    |
| 0.07800 |    3.9130898967e-07    |    9.1062732229e+02    |    9.1062760253e+02    |
| 0.08000 |    3.9124282191e-07    |    9.3398240670e+02    |    9.3398270203e+02    |
| 0.08200 |    3.9117497928e-07    |    9.5733746017e+02    |    9.5733777119e+02    |
| 0.08400 |    3.9110546188e-07    |    9.8069242427e+02    |    9.8069275160e+02    |
| 0.08600 |    3.9103426979e-07    |    1.0040472363e+03    |    1.0040475806e+03    |
| 0.08800 |    3.9096140315e-07    |    1.0274018292e+03    |    1.0274021911e+03    |
| 0.09000 |    3.9088686205e-07    |    1.0507561314e+03    |    1.0507565115e+03    |
| 0.09200 |    3.9081064666e-07    |    1.0741100668e+03    |    1.0741104658e+03    |
| 0.09400 |    3.9073275711e-07    |    1.0974635545e+03    |    1.0974639731e+03    |
| 0.09600 |    3.9065319357e-07    |    1.1208165090e+03    |    1.1208169479e+03    |
| 0.09800 |    3.9057195622e-07    |    1.1441688398e+03    |    1.1441692997e+03    |
| 0.10000 |    3.9048904525e-07    |    1.1675204513e+03    |    1.1675209330e+03    |
| 0.10200 |    3.9040446088e-07    |    1.1908712430e+03    |    1.1908717472e+03    |
| 0.10400 |    3.9031820333e-07    |    1.2142211091e+03    |    1.2142216366e+03    |
| 0.10600 |    3.9023027286e-07    |    1.2375699384e+03    |    1.2375704900e+03    |
| 0.10800 |    3.9014066971e-07    |    1.2609176146e+03    |    1.2609181910e+03    |
| 0.11000 |    3.9004939418e-07    |    1.2842640156e+03    |    1.2842646177e+03    |
| 0.11200 |    3.8995644658e-07    |    1.3076090137e+03    |    1.3076096423e+03    |
| 0.11400 |    3.8986182722e-07    |    1.3309524757e+03    |    1.3309531316e+03    |
| 0.11600 |    3.8976553646e-07    |    1.3542942624e+03    |    1.3542949464e+03    |
| 0.11800 |    3.8966757466e-07    |    1.3776342287e+03    |    1.3776349417e+03    |
| 0.12000 |    3.8956794221e-07    |    1.4009722235e+03    |    1.4009729664e+03    |
| 0.12200 |    3.8946663954e-07    |    1.4243080896e+03    |    1.4243088634e+03    |
| 0.12400 |    3.8936366709e-07    |    1.4476416637e+03    |    1.4476424691e+03    |
| 0.12600 |    3.8925902533e-07    |    1.4709727758e+03    |    1.4709736140e+03    |
| 0.12800 |    3.8915271475e-07    |    1.4943012500e+03    |    1.4943021217e+03    |
| 0.13000 |    3.8904473587e-07    |    1.5176269034e+03    |    1.5176278096e+03    |
| 0.13200 |    3.8893508926e-07    |    1.5409495467e+03    |    1.5409504884e+03    |
| 0.13400 |    3.8882377549e-07    |    1.5642689839e+03    |    1.5642699621e+03    |
| 0.13600 |    3.8871079519e-07    |    1.5875850121e+03    |    1.5875860278e+03    |
| 0.13800 |    3.8859614899e-07    |    1.6108974215e+03    |    1.6108984757e+03    |
| 0.14000 |    3.8847983758e-07    |    1.6342059952e+03    |    1.6342070889e+03    |
| 0.14200 |    3.8836186167e-07    |    1.6575105094e+03    |    1.6575116437e+03    |
| 0.14400 |    3.8824222201e-07    |    1.6808107329e+03    |    1.6808119087e+03    |
| 0.14600 |    3.8812091938e-07    |    1.7041064271e+03    |    1.7041076456e+03    |
| 0.14800 |    3.8799795461e-07    |    1.7273973462e+03    |    1.7273986085e+03    |
| 0.15000 |    3.8787332856e-07    |    1.7506832368e+03    |    1.7506845439e+03    |
| 0.15200 |    3.8774704213e-07    |    1.7739638378e+03    |    1.7739651908e+03    |
| 0.15400 |    3.8761909626e-07    |    1.7972388806e+03    |    1.7972402806e+03    |
| 0.15600 |    3.8748949193e-07    |    1.8205080885e+03    |    1.8205095368e+03    |
| 0.15800 |    3.8735823017e-07    |    1.8437711773e+03    |    1.8437726749e+03    |
| 0.16000 |    3.8722531204e-07    |    1.8670278544e+03    |    1.8670294025e+03    |
| 0.16200 |    3.8709073866e-07    |    1.8902778194e+03    |    1.8902794192e+03    |
| 0.16400 |    3.8695451119e-07    |    1.9135207637e+03    |    1.9135224163e+03    |
| 0.16600 |    3.8681663083e-07    |    1.9367563702e+03    |    1.9367580768e+03    |
| 0.16800 |    3.8667709886e-07    |    1.9599843137e+03    |    1.9599860756e+03    |
| 0.17000 |    3.8653591656e-07    |    1.9832042604e+03    |    1.9832060788e+03    |
| 0.17200 |    3.8639308529e-07    |    2.0064158681e+03    |    2.0064177442e+03    |
| 0.17400 |    3.8624860647e-07    |    2.0296187858e+03    |    2.0296207209e+03    |
| 0.17600 |    3.8610248157e-07    |    2.0528126539e+03    |    2.0528146492e+03    |
| 0.17800 |    3.8595471208e-07    |    2.0759971038e+03    |    2.0759991606e+03    |
| 0.18000 |    3.8580529960e-07    |    2.0991717583e+03    |    2.0991738779e+03    |
| 0.18200 |    3.8565424575e-07    |    2.1223362310e+03    |    2.1223384147e+03    |
| 0.18400 |    3.8550155222e-07    |    2.1454901264e+03    |    2.1454923755e+03    |
| 0.18600 |    3.8534722076e-07    |    2.1686330400e+03    |    2.1686353558e+03    |
| 0.18800 |    3.8519125318e-07    |    2.1917645580e+03    |    2.1917669419e+03    |
| 0.19000 |    3.8503365136e-07    |    2.2148842572e+03    |    2.2148867105e+03    |
| 0.19200 |    3.8487441723e-07    |    2.2379917051e+03    |    2.2379942291e+03    |
| 0.19400 |    3.8471355279e-07    |    2.2610864596e+03    |    2.2610890557e+03    |
| 0.19600 |    3.8455106012e-07    |    2.2841680691e+03    |    2.2841707387e+03    |
| 0.19800 |    3.8438694135e-07    |    2.3072360724e+03    |    2.3072388168e+03    |
| 0.20000 |    3.8422119868e-07    |    2.3302899984e+03    |    2.3302928191e+03    |
| 0.20200 |    3.8405383440e-07    |    2.3533293664e+03    |    2.3533322648e+03    |
| 0.20400 |    3.8388485085e-07    |    2.3763536858e+03    |    2.3763566632e+03    |
| 0.20600 |    3.8371425045e-07    |    2.3993624558e+03    |    2.3993655138e+03    |
| 0.20800 |    3.8354203571e-07    |    2.4223551659e+03    |    2.4223583058e+03    |
| 0.21000 |    3.8336820920e-07    |    2.4453312953e+03    |    2.4453345186e+03    |
| 0.21200 |    3.8319277356e-07    |    2.4682903130e+03    |    2.4682936211e+03    |
| 0.21400 |    3.8301573153e-07    |    2.4912316779e+03    |    2.4912350724e+03    |
| 0.21600 |    3.8283708593e-07    |    2.5141548386e+03    |    2.5141583209e+03    |
| 0.21800 |    3.8265683964e-07    |    2.5370592332e+03    |    2.5370628047e+03    |
| 0.22000 |    3.8247499563e-07    |    2.5599442895e+03    |    2.5599479517e+03    |
| 0.22200 |    3.8229155698e-07    |    2.5828094245e+03    |    2.5828131790e+03    |
| 0.22400 |    3.8210652683e-07    |    2.6056540451e+03    |    2.6056578933e+03    |
| 0.22600 |    3.8191990842e-07    |    2.6284775472e+03    |    2.6284814906e+03    |
| 0.22800 |    3.8173170507e-07    |    2.6512793161e+03    |    2.6512833563e+03    |
| 0.23000 |    3.8154192020e-07    |    2.6740587266e+03    |    2.6740628650e+03    |
| 0.23200 |    3.8135055732e-07    |    2.6968151423e+03    |    2.6968193805e+03    |
| 0.23400 |    3.8115762002e-07    |    2.7195479162e+03    |    2.7195522558e+03    |
| 0.23600 |    3.8096311202e-07    |    2.7422563904e+03    |    2.7422608329e+03    |
| 0.23800 |    3.8076703709e-07    |    2.7649398960e+03    |    2.7649444430e+03    |
| 0.24000 |    3.8056939915e-07    |    2.7875977531e+03    |    2.7876024061e+03    |
| 0.24200 |    3.8037020217e-07    |    2.8102292708e+03    |    2.8102340313e+03    |
| 0.24400 |    3.8016945025e-07    |    2.8328337470e+03    |    2.8328386166e+03    |
| 0.24600 |    3.7996714759e-07    |    2.8554104686e+03    |    2.8554154488e+03    |
| 0.24800 |    3.7976329850e-07    |    2.8779587112e+03    |    2.8779638037e+03    |
| 0.25000 |    3.7955790737e-07    |    2.9004777394e+03    |    2.9004829457e+03    |
| 0.25200 |    3.7935097873e-07    |    2.9229668063e+03    |    2.9229721279e+03    |
| 0.25400 |    3.7914251719e-07    |    2.9454251538e+03    |    2.9454305924e+03    |
| 0.25600 |    3.7893252749e-07    |    2.9678520127e+03    |    2.9678575698e+03    |
| 0.25800 |    3.7872101447e-07    |    2.9902466022e+03    |    2.9902522795e+03    |
| 0.26000 |    3.7850798310e-07    |    3.0126081303e+03    |    3.0126139292e+03    |
| 0.26200 |    3.7829343845e-07    |    3.0349357936e+03    |    3.0349417157e+03    |
| 0.26400 |    3.7807738570e-07    |    3.0572287771e+03    |    3.0572348241e+03    |
| 0.26600 |    3.7785983017e-07    |    3.0794862546e+03    |    3.0794924280e+03    |
| 0.26800 |    3.7764077729e-07    |    3.1017073885e+03    |    3.1017136899e+03    |
| 0.27000 |    3.7742023259e-07    |    3.1238913295e+03    |    3.1238977605e+03    |
| 0.27200 |    3.7719820176e-07    |    3.1460372170e+03    |    3.1460437792e+03    |
| 0.27400 |    3.7697469058e-07    |    3.1681441790e+03    |    3.1681508739e+03    |
| 0.27600 |    3.7674970499e-07    |    3.1902113319e+03    |    3.1902181611e+03    |
| 0.27800 |    3.7652325101e-07    |    3.2122377806e+03    |    3.2122447457e+03    |
| 0.28000 |    3.7629533483e-07    |    3.2342226187e+03    |    3.2342297212e+03    |
| 0.28200 |    3.7606596275e-07    |    3.2561649282e+03    |    3.2561721697e+03    |
| 0.28400 |    3.7583514121e-07    |    3.2780637795e+03    |    3.2780711616e+03    |
| 0.28600 |    3.7560287678e-07    |    3.2999182319e+03    |    3.2999257561e+03    |
| 0.28800 |    3.7536917615e-07    |    3.3217273330e+03    |    3.3217350008e+03    |
| 0.29000 |    3.7513404617e-07    |    3.3434901190e+03    |    3.3434979320e+03    |
| 0.29200 |    3.7489749380e-07    |    3.3652056148e+03    |    3.3652135745e+03    |
| 0.29400 |    3.7465952616e-07    |    3.3868728339e+03    |    3.3868809418e+03    |
| 0.29600 |    3.7442015051e-07    |    3.4084907784e+03    |    3.4084990361e+03    |
| 0.29800 |    3.7417937423e-07    |    3.4300584390e+03    |    3.4300668480e+03    |
| 0.30000 |    3.7393720486e-07    |    3.4515747955e+03    |    3.4515833572e+03    |
| 0.30200 |    3.7369365008e-07    |    3.4730388159e+03    |    3.4730475319e+03    |
| 0.30400 |    3.7344871771e-07    |    3.4944494575e+03    |    3.4944583292e+03    |
| 0.30600 |    3.7320241571e-07    |    3.5158056661e+03    |    3.5158146950e+03    |
| 0.30800 |    3.7295475222e-07    |    3.5371063765e+03    |    3.5371155641e+03    |
| 0.31000 |    3.7270573549e-07    |    3.5583505126e+03    |    3.5583598603e+03    |
| 0.31200 |    3.7245537394e-07    |    3.5795369871e+03    |    3.5795464962e+03    |
| 0.31400 |    3.7220367613e-07    |    3.6006647017e+03    |    3.6006743738e+03    |
| 0.31600 |    3.7195065079e-07    |    3.6217325476e+03    |    3.6217423840e+03    |
| 0.31800 |    3.7169630678e-07    |    3.6427394047e+03    |    3.6427494068e+03    |
| 0.32000 |    3.7144065314e-07    |    3.6636841427e+03    |    3.6636943119e+03    |
| 0.32200 |    3.7118369905e-07    |    3.6845656202e+03    |    3.6845759578e+03    |
| 0.32400 |    3.7092545386e-07    |    3.7053826855e+03    |    3.7053931928e+03    |
| 0.32600 |    3.7066592705e-07    |    3.7261341763e+03    |    3.7261448547e+03    |
| 0.32800 |    3.7040512829e-07    |    3.7468189200e+03    |    3.7468297707e+03    |
| 0.33000 |    3.7014306739e-07    |    3.7674357335e+03    |    3.7674467579e+03    |
| 0.33200 |    3.6987975435e-07    |    3.7879834239e+03    |    3.7879946231e+03    |
| 0.33400 |    3.6961519929e-07    |    3.8084607878e+03    |    3.8084721632e+03    |
| 0.33600 |    3.6934941252e-07    |    3.8288666121e+03    |    3.8288781647e+03    |
| 0.33800 |    3.6908240452e-07    |    3.8491996736e+03    |    3.8492114048e+03    |
| 0.34000 |    3.6881418592e-07    |    3.8694587396e+03    |    3.8694706504e+03    |
| 0.34200 |    3.6854476752e-07    |    3.8896425676e+03    |    3.8896546592e+03    |
| 0.34400 |    3.6827416029e-07    |    3.9097499057e+03    |    3.9097621792e+03    |
| 0.34600 |    3.6800237536e-07    |    3.9297794926e+03    |    3.9297919490e+03    |
| 0.34800 |    3.6772942403e-07    |    3.9497300577e+03    |    3.9497426981e+03    |
| 0.35000 |    3.6745531779e-07    |    3.9696003214e+03    |    3.9696131469e+03    |
| 0.35200 |    3.6718006827e-07    |    3.9893889953e+03    |    3.9894020068e+03    |
| 0.35400 |    3.6690368729e-07    |    4.0090947820e+03    |    4.0091079805e+03    |
| 0.35600 |    3.6662618682e-07    |    4.0287163756e+03    |    4.0287297620e+03    |
| 0.35800 |    3.6634757904e-07    |    4.0482524617e+03    |    4.0482660369e+03    |
| 0.36000 |    3.6606787626e-07    |    4.0677017176e+03    |    4.0677154826e+03    |
| 0.36200 |    3.6578709100e-07    |    4.0870628127e+03    |    4.0870767682e+03    |
| 0.36400 |    3.6550523591e-07    |    4.1063344081e+03    |    4.1063485549e+03    |
| 0.36600 |    3.6522232386e-07    |    4.1255151575e+03    |    4.1255294965e+03    |
| 0.36800 |    3.6493836787e-07    |    4.1446037070e+03    |    4.1446182387e+03    |
| 0.37000 |    3.6465338113e-07    |    4.1635986950e+03    |    4.1636134202e+03    |
| 0.37200 |    3.6436737702e-07    |    4.1824987533e+03    |    4.1825136726e+03    |
| 0.37400 |    3.6408036909e-07    |    4.2013025062e+03    |    4.2013176203e+03    |
| 0.37600 |    3.6379237105e-07    |    4.2200085718e+03    |    4.2200238812e+03    |
| 0.37800 |    3.6350339681e-07    |    4.2386155613e+03    |    4.2386310665e+03    |
| 0.38000 |    3.6321346044e-07    |    4.2571220799e+03    |    4.2571377813e+03    |
| 0.38200 |    3.6292257619e-07    |    4.2755267264e+03    |    4.2755426246e+03    |
| 0.38400 |    3.6263075849e-07    |    4.2938280942e+03    |    4.2938441895e+03    |
| 0.38600 |    3.6233802194e-07    |    4.3120247708e+03    |    4.3120410636e+03    |
| 0.38800 |    3.6204438131e-07    |    4.3301153386e+03    |    4.3301318291e+03    |
| 0.39000 |    3.6174985156e-07    |    4.3480983748e+03    |    4.3481150633e+03    |
| 0.39200 |    3.6145444782e-07    |    4.3659724519e+03    |    4.3659893385e+03    |
| 0.39400 |    3.6115818538e-07    |    4.3837361377e+03    |    4.3837532227e+03    |
| 0.39600 |    3.6086107973e-07    |    4.4013879960e+03    |    4.4014052794e+03    |
| 0.39800 |    3.6056314652e-07    |    4.4189265864e+03    |    4.4189440683e+03    |
| 0.40000 |    3.6026440157e-07    |    4.4363504649e+03    |    4.4363681452e+03    |
| 0.40200 |    3.5996486088e-07    |    4.4536581840e+03    |    4.4536760627e+03    |
| 0.40400 |    3.5966454062e-07    |    4.4708482933e+03    |    4.4708663701e+03    |
| 0.40600 |    3.5936345714e-07    |    4.4879193393e+03    |    4.4879376141e+03    |
| 0.40800 |    3.5906162696e-07    |    4.5048698661e+03    |    4.5048883388e+03    |
| 0.41000 |    3.5875906676e-07    |    4.5216984159e+03    |    4.5217170860e+03    |
| 0.41200 |    3.5845579340e-07    |    4.5384035287e+03    |    4.5384223959e+03    |
| 0.41400 |    3.5815182391e-07    |    4.5549837431e+03    |    4.5550028070e+03    |
| 0.41600 |    3.5784717548e-07    |    4.5714375965e+03    |    4.5714568565e+03    |
| 0.41800 |    3.5754186547e-07    |    4.5877636255e+03    |    4.5877830811e+03    |
| 0.42000 |    3.5723591142e-07    |    4.6039603660e+03    |    4.6039800166e+03    |
| 0.42200 |    3.5692933101e-07    |    4.6200263541e+03    |    4.6200461989e+03    |
| 0.42400 |    3.5662214212e-07    |    4.6359601257e+03    |    4.6359801641e+03    |
| 0.42600 |    3.5631436275e-07    |    4.6517602176e+03    |    4.6517804487e+03    |
| 0.42800 |    3.5600601109e-07    |    4.6674251673e+03    |    4.6674455902e+03    |
| 0.43000 |    3.5569710550e-07    |    4.6829535139e+03    |    4.6829741275e+03    |
| 0.43200 |    3.5538766446e-07    |    4.6983437978e+03    |    4.6983646012e+03    |
| 0.43400 |    3.5507770664e-07    |    4.7135945619e+03    |    4.7136155539e+03    |
| 0.43600 |    3.5476725086e-07    |    4.7287043514e+03    |    4.7287255308e+03    |
| 0.43800 |    3.5445631609e-07    |    4.7436717143e+03    |    4.7436930799e+03    |
| 0.44000 |    3.5414492144e-07    |    4.7584952022e+03    |    4.7585167525e+03    |
| 0.44200 |    3.5383308620e-07    |    4.7731733700e+03    |    4.7731951037e+03    |
| 0.44400 |    3.5352082978e-07    |    4.7877047770e+03    |    4.7877266925e+03    |
| 0.44600 |    3.5320817176e-07    |    4.8020879871e+03    |    4.8021100828e+03    |
| 0.44800 |    3.5289513185e-07    |    4.8163215690e+03    |    4.8163438432e+03    |
| 0.45000 |    3.5258172990e-07    |    4.8304040969e+03    |    4.8304265479e+03    |
| 0.45200 |    3.5226798591e-07    |    4.8443341508e+03    |    4.8443567768e+03    |
| 0.45400 |    3.5195392001e-07    |    4.8581103173e+03    |    4.8581331163e+03    |
| 0.45600 |    3.5163955249e-07    |    4.8717311894e+03    |    4.8717541593e+03    |
| 0.45800 |    3.5132490374e-07    |    4.8851953674e+03    |    4.8852185062e+03    |
| 0.46000 |    3.5100999431e-07    |    4.8985014595e+03    |    4.8985247649e+03    |
| 0.46200 |    3.5069484485e-07    |    4.9116480818e+03    |    4.9116715516e+03    |
| 0.46400 |    3.5037947615e-07    |    4.9246338593e+03    |    4.9246574910e+03    |
| 0.46600 |    3.5006390914e-07    |    4.9374574257e+03    |    4.9374812169e+03    |
| 0.46800 |    3.4974816485e-07    |    4.9501174247e+03    |    4.9501413727e+03    |
| 0.47000 |    3.4943226443e-07    |    4.9626125099e+03    |    4.9626366121e+03    |
| 0.47200 |    3.4911622915e-07    |    4.9749413454e+03    |    4.9749655991e+03    |
| 0.47400 |    3.4880008040e-07    |    4.9871026066e+03    |    4.9871270089e+03    |
| 0.47600 |    3.4848383965e-07    |    4.9990949803e+03    |    4.9991195282e+03    |
| 0.47800 |    3.4816752850e-07    |    5.0109171654e+03    |    5.0109418558e+03    |
| 0.48000 |    3.4785116866e-07    |    5.0225678735e+03    |    5.0225927031e+03    |
| 0.48200 |    3.4753478191e-07    |    5.0340458291e+03    |    5.0340707948e+03    |
| 0.48400 |    3.4721839016e-07    |    5.0453497705e+03    |    5.0453748689e+03    |
| 0.48600 |    3.4690201538e-07    |    5.0564784501e+03    |    5.0565036777e+03    |
| 0.48800 |    3.4658567966e-07    |    5.0674306351e+03    |    5.0674559882e+03    |
| 0.49000 |    3.4626940514e-07    |    5.0782051076e+03    |    5.0782305827e+03    |
| 0.49200 |    3.4595321407e-07    |    5.0888006658e+03    |    5.0888262590e+03    |
| 0.49400 |    3.4563712877e-07    |    5.0992161240e+03    |    5.0992418313e+03    |
| 0.49600 |    3.4532117164e-07    |    5.1094503133e+03    |    5.1094761307e+03    |
| 0.49800 |    3.4500536513e-07    |    5.1195020823e+03    |    5.1195280056e+03    |
| 0.50000 |    3.4468973178e-07    |    5.1293702972e+03    |    5.1293963223e+03    |
| 0.50200 |    3.4437429417e-07    |    5.1390538431e+03    |    5.1390799655e+03    |
| 0.50400 |    3.4405907496e-07    |    5.1485516237e+03    |    5.1485778390e+03    |
| 0.50600 |    3.4374409686e-07    |    5.1578625626e+03    |    5.1578888661e+03    |
| 0.50800 |    3.4342938261e-07    |    5.1669856032e+03    |    5.1670119902e+03    |
| 0.51000 |    3.4311495503e-07    |    5.1759197097e+03    |    5.1759461754e+03    |
| 0.51200 |    3.4280083694e-07    |    5.1846638676e+03    |    5.1846904071e+03    |
| 0.51400 |    3.4248705123e-07    |    5.1932170842e+03    |    5.1932436922e+03    |
| 0.51600 |    3.4217362080e-07    |    5.2015783888e+03    |    5.2016050604e+03    |
| 0.51800 |    3.4186056860e-07    |    5.2097468342e+03    |    5.2097735638e+03    |
| 0.52000 |    3.4154791759e-07    |    5.2177214960e+03    |    5.2177482783e+03    |
| 0.52200 |    3.4123569075e-07    |    5.2255014743e+03    |    5.2255283037e+03    |
| 0.52400 |    3.4092391107e-07    |    5.2330858936e+03    |    5.2331127644e+03    |
| 0.52600 |    3.4061260156e-07    |    5.2404739035e+03    |    5.2405008099e+03    |
| 0.52800 |    3.4030178521e-07    |    5.2476646794e+03    |    5.2476916154e+03    |
| 0.53000 |    3.3999148505e-07    |    5.2546574229e+03    |    5.2546843825e+03    |
| 0.53200 |    3.3968172406e-07    |    5.2614513624e+03    |    5.2614783393e+03    |
| 0.53400 |    3.3937252525e-07    |    5.2680457537e+03    |    5.2680727417e+03    |
| 0.53600 |    3.3906391158e-07    |    5.2744398805e+03    |    5.2744668731e+03    |
| 0.53800 |    3.3875590600e-07    |    5.2806330551e+03    |    5.2806600456e+03    |
| 0.54000 |    3.3844853145e-07    |    5.2866246185e+03    |    5.2866516003e+03    |
| 0.54200 |    3.3814181083e-07    |    5.2924139416e+03    |    5.2924409078e+03    |
| 0.54400 |    3.3783576699e-07    |    5.2980004253e+03    |    5.2980273689e+03    |
| 0.54600 |    3.3753042274e-07    |    5.3033835011e+03    |    5.3034104149e+03    |
| 0.54800 |    3.3722580088e-07    |    5.3085626316e+03    |    5.3085895085e+03    |
| 0.55000 |    3.3692192410e-07    |    5.3135373114e+03    |    5.3135641439e+03    |
| 0.55200 |    3.3661881509e-07    |    5.3183070671e+03    |    5.3183338476e+03    |
| 0.55400 |    3.3631649642e-07    |    5.3228714582e+03    |    5.3228981791e+03    |
| 0.55600 |    3.3601499064e-07    |    5.3272300773e+03    |    5.3272567308e+03    |
| 0.55800 |    3.3571432020e-07    |    5.3313825509e+03    |    5.3314091291e+03    |
| 0.56000 |    3.3541450748e-07    |    5.3353285400e+03    |    5.3353550348e+03    |
| 0.56200 |    3.3511557478e-07    |    5.3390677401e+03    |    5.3390941432e+03    |
| 0.56400 |    3.3481754428e-07    |    5.3425998820e+03    |    5.3426261851e+03    |
| 0.56600 |    3.3452043810e-07    |    5.3459247326e+03    |    5.3459509272e+03    |
| 0.56800 |    3.3422427824e-07    |    5.3490420946e+03    |    5.3490681720e+03    |
| 0.57000 |    3.3392908660e-07    |    5.3519518078e+03    |    5.3519777593e+03    |
| 0.57200 |    3.3363488496e-07    |    5.3546537490e+03    |    5.3546795656e+03    |
| 0.57400 |    3.3334169498e-07    |    5.3571478326e+03    |    5.3571735052e+03    |
| 0.57600 |    3.3304953822e-07    |    5.3594340112e+03    |    5.3594595307e+03    |
| 0.57800 |    3.3275843607e-07    |    5.3615122759e+03    |    5.3615376328e+03    |
| 0.58000 |    3.3246840982e-07    |    5.3633826567e+03    |    5.3634078416e+03    |
| 0.58200 |    3.3217948060e-07    |    5.3650452229e+03    |    5.3650702260e+03    |
| 0.58400 |    3.3189166940e-07    |    5.3665000836e+03    |    5.3665248952e+03    |
| 0.58600 |    3.3160499706e-07    |    5.3677473880e+03    |    5.3677719982e+03    |
| 0.58800 |    3.3131948425e-07    |    5.3687873260e+03    |    5.3688117246e+03    |
| 0.59000 |    3.3103515150e-07    |    5.3696201282e+03    |    5.3696443050e+03    |
| 0.59200 |    3.3075201914e-07    |    5.3702460665e+03    |    5.3702700110e+03    |
| 0.59400 |    3.3047010735e-07    |    5.3706654544e+03    |    5.3706891562e+03    |
| 0.59600 |    3.3018943612e-07    |    5.3708786472e+03    |    5.3709020956e+03    |
| 0.59800 |    3.2991002527e-07    |    5.3708860428e+03    |    5.3709092268e+03    |
| 0.60000 |    3.2963189440e-07    |    5.3706880811e+03    |    5.3707109897e+03    |
| 0.60200 |    3.2935506294e-07    |    5.3702852451e+03    |    5.3703078673e+03    |
| 0.60400 |    3.2907955011e-07    |    5.3696780610e+03    |    5.3697003854e+03    |
| 0.60600 |    3.2880537492e-07    |    5.3688670980e+03    |    5.3688891132e+03    |
| 0.60800 |    3.2853255616e-07    |    5.3678529692e+03    |    5.3678746635e+03    |
| 0.61000 |    3.2826111242e-07    |    5.3666363313e+03    |    5.3666576929e+03    |
| 0.61200 |    3.2799106207e-07    |    5.3652178850e+03    |    5.3652389019e+03    |
| 0.61400 |    3.2772242322e-07    |    5.3635983752e+03    |    5.3636190354e+03    |
| 0.61600 |    3.2745521379e-07    |    5.3617785911e+03    |    5.3617988824e+03    |
| 0.61800 |    3.2718945142e-07    |    5.3597593666e+03    |    5.3597792764e+03    |
| 0.62000 |    3.2692515355e-07    |    5.3575415798e+03    |    5.3575610957e+03    |
| 0.62200 |    3.2666233733e-07    |    5.3551261540e+03    |    5.3551452631e+03    |
| 0.62400 |    3.2640101969e-07    |    5.3525140570e+03    |    5.3525327465e+03    |
| 0.62600 |    3.2614121728e-07    |    5.3497063016e+03    |    5.3497245583e+03    |
| 0.62800 |    3.2588294651e-07    |    5.3467039455e+03    |    5.3467217562e+03    |
| 0.63000 |    3.2562622350e-07    |    5.3435080913e+03    |    5.3435254427e+03    |
| 0.63200 |    3.2537106411e-07    |    5.3401198868e+03    |    5.3401367651e+03    |
| 0.63400 |    3.2511748393e-07    |    5.3365405244e+03    |    5.3365569159e+03    |
| 0.63600 |    3.2486549826e-07    |    5.3327712416e+03    |    5.3327871324e+03    |
| 0.63800 |    3.2461512213e-07    |    5.3288133207e+03    |    5.3288286968e+03    |
| 0.64000 |    3.2436637025e-07    |    5.3246680889e+03    |    5.3246829358e+03    |
| 0.64200 |    3.2411925707e-07    |    5.3203369177e+03    |    5.3203512210e+03    |
| 0.64400 |    3.2387379673e-07    |    5.3158212235e+03    |    5.3158349685e+03    |
| 0.64600 |    3.2363000307e-07    |    5.3111224667e+03    |    5.3111356385e+03    |
| 0.64800 |    3.2338788963e-07    |    5.3062421520e+03    |    5.3062547357e+03    |
| 0.65000 |    3.2314746964e-07    |    5.3011818281e+03    |    5.3011938084e+03    |
| 0.65200 |    3.2290875600e-07    |    5.2959430874e+03    |    5.2959544488e+03    |
| 0.65400 |    3.2267176134e-07    |    5.2905275656e+03    |    5.2905382926e+03    |
| 0.65600 |    3.2243649792e-07    |    5.2849369417e+03    |    5.2849470184e+03    |
| 0.65800 |    3.2220297770e-07    |    5.2791729375e+03    |    5.2791823479e+03    |
| 0.66000 |    3.2197121234e-07    |    5.2732373173e+03    |    5.2732460451e+03    |
| 0.66200 |    3.2174121313e-07    |    5.2671318875e+03    |    5.2671399162e+03    |
| 0.66400 |    3.2151299106e-07    |    5.2608584963e+03    |    5.2608658093e+03    |
| 0.66600 |    3.2128655677e-07    |    5.2544190330e+03    |    5.2544256133e+03    |
| 0.66800 |    3.2106192057e-07    |    5.2478154279e+03    |    5.2478212585e+03    |
| 0.67000 |    3.2083909244e-07    |    5.2410496517e+03    |    5.2410547152e+03    |
| 0.67200 |    3.2061808200e-07    |    5.2341237149e+03    |    5.2341279937e+03    |
| 0.67400 |    3.2039889855e-07    |    5.2270396672e+03    |    5.2270431435e+03    |
| 0.67600 |    3.2018155102e-07    |    5.2197995972e+03    |    5.2198022529e+03    |
| 0.67800 |    3.1996604802e-07    |    5.2124056315e+03    |    5.2124074482e+03    |
| 0.68000 |    3.1975239779e-07    |    5.2048599343e+03    |    5.2048608934e+03    |
| 0.68200 |    3.1954060823e-07    |    5.1971647065e+03    |    5.1971647891e+03    |
| 0.68400 |    3.1933068689e-07    |    5.1893221854e+03    |    5.1893213724e+03    |
| 0.68600 |    3.1912264097e-07    |    5.1813346435e+03    |    5.1813329155e+03    |
| 0.68800 |    3.1891647729e-07    |    5.1732043882e+03    |    5.1732017254e+03    |
| 0.69000 |    3.1871220235e-07    |    5.1649337606e+03    |    5.1649301430e+03    |
| 0.69200 |    3.1850982227e-07    |    5.1565251350e+03    |    5.1565205424e+03    |
| 0.69400 |    3.1830934283e-07    |    5.1479809182e+03    |    5.1479753297e+03    |
| 0.69600 |    3.1811076943e-07    |    5.1393035480e+03    |    5.1392969428e+03    |
| 0.69800 |    3.1791410714e-07    |    5.1304954931e+03    |    5.1304878499e+03    |
| 0.70000 |    3.1771936064e-07    |    5.1215592515e+03    |    5.1215505485e+03    |
| 0.70200 |    3.1752653429e-07    |    5.1124973500e+03    |    5.1124875653e+03    |
| 0.70400 |    3.1733563205e-07    |    5.1033123430e+03    |    5.1033014542e+03    |
| 0.70600 |    3.1714665755e-07    |    5.0940068117e+03    |    5.0939947959e+03    |
| 0.70800 |    3.1695961406e-07    |    5.0845833626e+03    |    5.0845701966e+03    |
| 0.71000 |    3.1677450447e-07    |    5.0750446269e+03    |    5.0750302873e+03    |
| 0.71200 |    3.1659133134e-07    |    5.0653932595e+03    |    5.0653777221e+03    |
| 0.71400 |    3.1641009686e-07    |    5.0556319372e+03    |    5.0556151776e+03    |
| 0.71600 |    3.1623080287e-07    |    5.0457633583e+03    |    5.0457453515e+03    |
| 0.71800 |    3.1605345084e-07    |    5.0357902409e+03    |    5.0357709616e+03    |
| 0.72000 |    3.1587804191e-07    |    5.0257153221e+03    |    5.0256947443e+03    |
| 0.72200 |    3.1570457685e-07    |    5.0155413564e+03    |    5.0155194537e+03    |
| 0.72400 |    3.1553305608e-07    |    5.0052711147e+03    |    5.0052478602e+03    |
| 0.72600 |    3.1536347969e-07    |    4.9949073831e+03    |    4.9948827493e+03    |
| 0.72800 |    3.1519584740e-07    |    4.9844529612e+03    |    4.9844269201e+03    |
| 0.73000 |    3.1503015859e-07    |    4.9739106613e+03    |    4.9738831841e+03    |
| 0.73200 |    3.1486641230e-07    |    4.9632833066e+03    |    4.9632543641e+03    |
| 0.73400 |    3.1470460724e-07    |    4.9525737302e+03    |    4.9525432924e+03    |
| 0.73600 |    3.1454474175e-07    |    4.9417847734e+03    |    4.9417528097e+03    |
| 0.73800 |    3.1438681387e-07    |    4.9309192846e+03    |    4.9308857638e+03    |
| 0.74000 |    3.1423082127e-07    |    4.9199801176e+03    |    4.9199450076e+03    |
| 0.74200 |    3.1407676131e-07    |    4.9089701304e+03    |    4.9089333984e+03    |
| 0.74400 |    3.1392463102e-07    |    4.8978921836e+03    |    4.8978537961e+03    |
| 0.74600 |    3.1377442710e-07    |    4.8867491391e+03    |    4.8867090616e+03    |
| 0.74800 |    3.1362614593e-07    |    4.8755438582e+03    |    4.8755020556e+03    |
| 0.75000 |    3.1347978355e-07    |    4.8642792006e+03    |    4.8642356367e+03    |
| 0.75200 |    3.1333533571e-07    |    4.8529580226e+03    |    4.8529126604e+03    |
| 0.75400 |    3.1319279784e-07    |    4.8415831759e+03    |    4.8415359773e+03    |
| 0.75600 |    3.1305216504e-07    |    4.8301575055e+03    |    4.8301084316e+03    |
| 0.75800 |    3.1291343213e-07    |    4.8186838487e+03    |    4.8186328594e+03    |
| 0.76000 |    3.1277659360e-07    |    4.8071650333e+03    |    4.8071120874e+03    |
| 0.76200 |    3.1264164367e-07    |    4.7956038762e+03    |    4.7955489314e+03    |
| 0.76400 |    3.1250857624e-07    |    4.7840031817e+03    |    4.7839461945e+03    |
| 0.76600 |    3.1237738492e-07    |    4.7723657399e+03    |    4.7723066657e+03    |
| 0.76800 |    3.1224806305e-07    |    4.7606943256e+03    |    4.7606331183e+03    |
| 0.77000 |    3.1212060366e-07    |    4.7489916960e+03    |    4.7489283083e+03    |
| 0.77200 |    3.1199499952e-07    |    4.7372605900e+03    |    4.7371949731e+03    |
| 0.77400 |    3.1187124311e-07    |    4.7255037258e+03    |    4.7254358296e+03    |
| 0.77600 |    3.1174932664e-07    |    4.7137238001e+03    |    4.7136535728e+03    |
| 0.77800 |    3.1162924207e-07    |    4.7019234862e+03    |    4.7018508744e+03    |
| 0.78000 |    3.1151098107e-07    |    4.6901054325e+03    |    4.6900303813e+03    |
| 0.78200 |    3.1139453507e-07    |    4.6782722612e+03    |    4.6781947137e+03    |
| 0.78400 |    3.1127989522e-07    |    4.6664265663e+03    |    4.6663464642e+03    |
| 0.78600 |    3.1116705246e-07    |    4.6545709129e+03    |    4.6544881956e+03    |
| 0.78800 |    3.1105599744e-07    |    4.6427078351e+03    |    4.6426224403e+03    |
| 0.79000 |    3.1094672059e-07    |    4.6308398350e+03    |    4.6307516981e+03    |
| 0.79200 |    3.1083921210e-07    |    4.6189693808e+03    |    4.6188784353e+03    |
| 0.79400 |    3.1073346194e-07    |    4.6070989059e+03    |    4.6070050829e+03    |
| 0.79600 |    3.1062945982e-07    |    4.5952308074e+03    |    4.5951340356e+03    |
| 0.79800 |    3.1052719526e-07    |    4.5833674445e+03    |    4.5832676503e+03    |
| 0.80000 |    3.1042665753e-07    |    4.5715111376e+03    |    4.5714082447e+03    |
| 0.80200 |    3.1032783571e-07    |    4.5596641666e+03    |    4.5595580961e+03    |
| 0.80400 |    3.1023071865e-07    |    4.5478287702e+03    |    4.5477194404e+03    |
| 0.80600 |    3.1013529500e-07    |    4.5360071442e+03    |    4.5358944704e+03    |
| 0.80800 |    3.1004155323e-07    |    4.5242014406e+03    |    4.5240853351e+03    |
| 0.81000 |    3.0994948157e-07    |    4.5124137665e+03    |    4.5122941383e+03    |
| 0.81200 |    3.0985906810e-07    |    4.5006461827e+03    |    4.5005229377e+03    |
| 0.81400 |    3.0977030068e-07    |    4.4889007031e+03    |    4.4887737435e+03    |
| 0.81600 |    3.0968316700e-07    |    4.4771792937e+03    |    4.4770485180e+03    |
| 0.81800 |    3.0959765458e-07    |    4.4654838711e+03    |    4.4653491742e+03    |
| 0.82000 |    3.0951375074e-07    |    4.4538163025e+03    |    4.4536775750e+03    |
| 0.82200 |    3.0943144266e-07    |    4.4421784039e+03    |    4.4420355324e+03    |
| 0.82400 |    3.0935071732e-07    |    4.4305719402e+03    |    4.4304248068e+03    |
| 0.82600 |    3.0927156156e-07    |    4.4189986239e+03    |    4.4188471062e+03    |
| 0.82800 |    3.0919396206e-07    |    4.4074601147e+03    |    4.4073040853e+03    |
| 0.83000 |    3.0911790534e-07    |    4.3959580188e+03    |    4.3957973455e+03    |
| 0.83200 |    3.0904337778e-07    |    4.3844938884e+03    |    4.3843284336e+03    |
| 0.83400 |    3.0897036560e-07    |    4.3730692214e+03    |    4.3728988418e+03    |
| 0.83600 |    3.0889885489e-07    |    4.3616854605e+03    |    4.3615100073e+03    |
| 0.83800 |    3.0882883159e-07    |    4.3503439935e+03    |    4.3501633115e+03    |
| 0.84000 |    3.0876028153e-07    |    4.3390461524e+03    |    4.3388600801e+03    |
| 0.84200 |    3.0869319038e-07    |    4.3277932138e+03    |    4.3276015830e+03    |
| 0.84400 |    3.0862754371e-07    |    4.3165863982e+03    |    4.3163890337e+03    |
| 0.84600 |    3.0856332695e-07    |    4.3054268702e+03    |    4.3052235893e+03    |
| 0.84800 |    3.0850052541e-07    |    4.2943157386e+03    |    4.2941063510e+03    |
| 0.85000 |    3.0843912431e-07    |    4.2832540563e+03    |    4.2830383633e+03    |
| 0.85200 |    3.0837910873e-07    |    4.2722428207e+03    |    4.2720206151e+03    |
| 0.85400 |    3.0832046366e-07    |    4.2612829733e+03    |    4.2610540389e+03    |
| 0.85600 |    3.0826317398e-07    |    4.2503754008e+03    |    4.2501395119e+03    |
| 0.85800 |    3.0820722447e-07    |    4.2395209349e+03    |    4.2392778558e+03    |
| 0.86000 |    3.0815259980e-07    |    4.2287203530e+03    |    4.2284698374e+03    |
| 0.86200 |    3.0809928458e-07    |    4.2179743786e+03    |    4.2177161691e+03    |
| 0.86400 |    3.0804726329e-07    |    4.2072836819e+03    |    4.2070175096e+03    |
| 0.86600 |    3.0799652034e-07    |    4.1966488804e+03    |    4.1963744639e+03    |
| 0.86800 |    3.0794704007e-07    |    4.1860705399e+03    |    4.1857875848e+03    |
| 0.87000 |    3.0789880672e-07    |    4.1755491748e+03    |    4.1752573731e+03    |
| 0.87200 |    3.0785180445e-07    |    4.1650852495e+03    |    4.1647842785e+03    |
| 0.87400 |    3.0780601736e-07    |    4.1546791787e+03    |    4.1543687007e+03    |
| 0.87600 |    3.0776142947e-07    |    4.1443313292e+03    |    4.1440109902e+03    |
| 0.87800 |    3.0771802473e-07    |    4.1340420202e+03    |    4.1337114489e+03    |
| 0.88000 |    3.0767578703e-07    |    4.1238115247e+03    |    4.1234703321e+03    |
| 0.88200 |    3.0763470020e-07    |    4.1136400709e+03    |    4.1132878485e+03    |
| 0.88400 |    3.0759474801e-07    |    4.1035278431e+03    |    4.1031641622e+03    |
| 0.88600 |    3.0755591416e-07    |    4.0934749831e+03    |    4.0930993935e+03    |
| 0.88800 |    3.0751818231e-07    |    4.0834815915e+03    |    4.0830936203e+03    |
| 0.89000 |    3.0748153606e-07    |    4.0735477292e+03    |    4.0731468790e+03    |
| 0.89200 |    3.0744595898e-07    |    4.0636734188e+03    |    4.0632591667e+03    |
| 0.89400 |    3.0741143459e-07    |    4.0538586460e+03    |    4.0534304415e+03    |
| 0.89600 |    3.0737794634e-07    |    4.0441033610e+03    |    4.0436606248e+03    |
| 0.89800 |    3.0734547768e-07    |    4.0344074804e+03    |    4.0339496020e+03    |
| 0.90000 |    3.0731401201e-07    |    4.0247708886e+03    |    4.0242972245e+03    |
| 0.90200 |    3.0728353270e-07    |    4.0151934393e+03    |    4.0147033108e+03    |
| 0.90400 |    3.0725402308e-07    |    4.0056749572e+03    |    4.0051676483e+03    |
| 0.90600 |    3.0722546646e-07    |    3.9962152399e+03    |    3.9956899942e+03    |
| 0.90800 |    3.0719784614e-07    |    3.9868140594e+03    |    3.9862700778e+03    |
| 0.91000 |    3.0717114538e-07    |    3.9774711637e+03    |    3.9769076012e+03    |
| 0.91200 |    3.0714534744e-07    |    3.9681862790e+03    |    3.9676022415e+03    |
| 0.91400 |    3.0712043556e-07    |    3.9589591107e+03    |    3.9583536516e+03    |
| 0.91600 |    3.0709639297e-07    |    3.9497893460e+03    |    3.9491614622e+03    |
| 0.91800 |    3.0707320288e-07    |    3.9406766551e+03    |    3.9400252829e+03    |
| 0.92000 |    3.0705084853e-07    |    3.9316206931e+03    |    3.9309447038e+03    |
| 0.92200 |    3.0702931314e-07    |    3.9226211022e+03    |    3.9219192969e+03    |
| 0.92400 |    3.0700857992e-07    |    3.9136775129e+03    |    3.9129486173e+03    |
| 0.92600 |    3.0698863212e-07    |    3.9047895462e+03    |    3.9040322049e+03    |
| 0.92800 |    3.0696945298e-07    |    3.8959568158e+03    |    3.8951695851e+03    |
| 0.93000 |    3.0695102576e-07    |    3.8871789291e+03    |    3.8863602708e+03    |
| 0.93200 |    3.0693333374e-07    |    3.8784554899e+03    |    3.8776037629e+03    |
| 0.93400 |    3.0691636024e-07    |    3.8697860999e+03    |    3.8688995521e+03    |
| 0.93600 |    3.0690008857e-07    |    3.8611703610e+03    |    3.8602471195e+03    |
| 0.93800 |    3.0688450212e-07    |    3.8526078772e+03    |    3.8516459382e+03    |
| 0.94000 |    3.0686958428e-07    |    3.8440982566e+03    |    3.8430954737e+03    |
| 0.94200 |    3.0685531850e-07    |    3.8356411137e+03    |    3.8345951854e+03    |
| 0.94400 |    3.0684168826e-07    |    3.8272360717e+03    |    3.8261445274e+03    |
| 0.94600 |    3.0682867712e-07    |    3.8188827649e+03    |    3.8177429492e+03    |
| 0.94800 |    3.0681626866e-07    |    3.8105808414e+03    |    3.8093898965e+03    |
| 0.95000 |    3.0680444655e-07    |    3.8023299657e+03    |    3.8010848124e+03    |
| 0.95200 |    3.0679319450e-07    |    3.7941298213e+03    |    3.7928271376e+03    |
| 0.95400 |    3.0678249632e-07    |    3.7859801149e+03    |    3.7846163112e+03    |
| 0.95600 |    3.0677233588e-07    |    3.7778805788e+03    |    3.7764517716e+03    |
| 0.95800 |    3.0676269714e-07    |    3.7698309757e+03    |    3.7683329565e+03    |
| 0.96000 |    3.0675356413e-07    |    3.7618311026e+03    |    3.7602593041e+03    |
| 0.96200 |    3.0674492099e-07    |    3.7538807956e+03    |    3.7522302532e+03    |
| 0.96400 |    3.0673675197e-07    |    3.7459799359e+03    |    3.7442452436e+03    |
| 0.96600 |    3.0672904140e-07    |    3.7381284555e+03    |    3.7363037167e+03    |
| 0.96800 |    3.0672177375e-07    |    3.7303263448e+03    |    3.7284051158e+03    |
| 0.97000 |    3.0671493359e-07    |    3.7225736606e+03    |    3.7205488863e+03    |
| 0.97200 |    3.0670850563e-07    |    3.7148705358e+03    |    3.7127344765e+03    |
| 0.97400 |    3.0670247470e-07    |    3.7072171904e+03    |    3.7049613374e+03    |
| 0.97600 |    3.0669682577e-07    |    3.6996139447e+03    |    3.6972289232e+03    |
| 0.97800 |    3.0669154397e-07    |    3.6920612343e+03    |    3.6895366916e+03    |
| 0.98000 |    3.0668661459e-07    |    3.6845596280e+03    |    3.6818841039e+03    |
| 0.98200 |    3.0668202305e-07    |    3.6771098497e+03    |    3.6742706255e+03    |
| 0.98400 |    3.0667775498e-07    |    3.6697128030e+03    |    3.6666957261e+03    |
| 0.98600 |    3.0667379616e-07    |    3.6623696027e+03    |    3.6591588798e+03    |
| 0.98800 |    3.0667013256e-07    |    3.6550816104e+03    |    3.6516595652e+03    |
| 0.99000 |    3.0666675037e-07    |    3.6478504797e+03    |    3.6441972662e+03    |
| 0.99200 |    3.0666363594e-07    |    3.6406782101e+03    |    3.6367714716e+03    |
| 0.99400 |    3.0666077587e-07    |    3.6335672132e+03    |    3.6293816759e+03    |
| 0.99600 |    3.0665815696e-07    |    3.6265203942e+03    |    3.6220273790e+03    |
| 0.99800 |    3.0665576625e-07    |    3.6195412529e+03    |    3.6147080871e+03    |
| 1.00000 |    3.0665359101e-07    |    3.6017669773e+03    |    3.6074233122e+03    |
--------------------------------------------------------------------------------------