| z | u | f |
| 0.0000000000e+00 | 3.9206824659e-07 | 0.0000000000e+00 |
| 1.0010010010e-03 | 3.9206803674e-07 | 1.1686999713e+01 |
| 2.0020020020e-03 | 3.9206740721e-07 | 2.3374002816e+01 |
| 3.0030030030e-03 | 3.9206635798e-07 | 3.5061012696e+01 |
| 4.0040040040e-03 | 3.9206488906e-07 | 4.6748032734e+01 |
| 5.0050050050e-03 | 3.9206300045e-07 | 5.8435066300e+01 |
| 6.0060060060e-03 | 3.9206069215e-07 | 7.0122116752e+01 |
| 7.0070070070e-03 | 3.9205796415e-07 | 8.1809187432e+01 |
| 8.0080080080e-03 | 3.9205481646e-07 | 9.3496281660e+01 |
| 9.0090090090e-03 | 3.9205124908e-07 | 1.0518340274e+02 |
| 1.0010010010e-02 | 3.9204726200e-07 | 1.1687055393e+02 |
| 1.1011011011e-02 | 3.9204285522e-07 | 1.2855773849e+02 |
| 1.2012012012e-02 | 3.9203802875e-07 | 1.4024495962e+02 |
| 1.3013013013e-02 | 3.9203278258e-07 | 1.5193222050e+02 |
| 1.4014014014e-02 | 3.9202711670e-07 | 1.6361952426e+02 |
| 1.5015015015e-02 | 3.9202103112e-07 | 1.7530687400e+02 |
| 1.6016016016e-02 | 3.9201452584e-07 | 1.8699427276e+02 |
| 1.7017017017e-02 | 3.9200760086e-07 | 1.9868172354e+02 |
| 1.8018018018e-02 | 3.9200025616e-07 | 2.1036922929e+02 |
| 1.9019019019e-02 | 3.9199249176e-07 | 2.2205679289e+02 |
| 2.0020020020e-02 | 3.9198430764e-07 | 2.3374441717e+02 |
| 2.1021021021e-02 | 3.9197570381e-07 | 2.4543210492e+02 |
| 2.2022022022e-02 | 3.9196668027e-07 | 2.5711985882e+02 |
| 2.3023023023e-02 | 3.9195723701e-07 | 2.6880768151e+02 |
| 2.4024024024e-02 | 3.9194737402e-07 | 2.8049557556e+02 |
| 2.5025025025e-02 | 3.9193709132e-07 | 2.9218354345e+02 |
| 2.6026026026e-02 | 3.9192638889e-07 | 3.0387158760e+02 |
| 2.7027027027e-02 | 3.9191526673e-07 | 3.1555971033e+02 |
| 2.8028028028e-02 | 3.9190372484e-07 | 3.2724791387e+02 |
| 2.9029029029e-02 | 3.9189176322e-07 | 3.3893620039e+02 |
| 3.0030030030e-02 | 3.9187938187e-07 | 3.5062457195e+02 |
| 3.1031031031e-02 | 3.9186658078e-07 | 3.6231303052e+02 |
| 3.2032032032e-02 | 3.9185335994e-07 | 3.7400157796e+02 |
| 3.3033033033e-02 | 3.9183971937e-07 | 3.8569021604e+02 |
| 3.4034034034e-02 | 3.9182565905e-07 | 3.9737894642e+02 |
| 3.5035035035e-02 | 3.9181117898e-07 | 4.0906777067e+02 |
| 3.6036036036e-02 | 3.9179627916e-07 | 4.2075669022e+02 |
| 3.7037037037e-02 | 3.9178095959e-07 | 4.3244570640e+02 |
| 3.8038038038e-02 | 3.9176522026e-07 | 4.4413482043e+02 |
| 3.9039039039e-02 | 3.9174906118e-07 | 4.5582403340e+02 |
| 4.0040040040e-02 | 3.9173248233e-07 | 4.6751334626e+02 |
| 4.1041041041e-02 | 3.9171548372e-07 | 4.7920275987e+02 |
| 4.2042042042e-02 | 3.9169806535e-07 | 4.9089227492e+02 |
| 4.3043043043e-02 | 3.9168022721e-07 | 5.0258189200e+02 |
| 4.4044044044e-02 | 3.9166196930e-07 | 5.1427161153e+02 |
| 4.5045045045e-02 | 3.9164329162e-07 | 5.2596143382e+02 |
| 4.6046046046e-02 | 3.9162419416e-07 | 5.3765135901e+02 |
| 4.7047047047e-02 | 3.9160467693e-07 | 5.4934138711e+02 |
| 4.8048048048e-02 | 3.9158473993e-07 | 5.6103151798e+02 |
| 4.9049049049e-02 | 3.9156438314e-07 | 5.7272175130e+02 |
| 5.0050050050e-02 | 3.9154360658e-07 | 5.8441208663e+02 |
| 5.1051051051e-02 | 3.9152241023e-07 | 5.9610252335e+02 |
| 5.2052052052e-02 | 3.9150079411e-07 | 6.0779306068e+02 |
| 5.3053053053e-02 | 3.9147875820e-07 | 6.1948369767e+02 |
| 5.4054054054e-02 | 3.9145630251e-07 | 6.3117443319e+02 |
| 5.5055055055e-02 | 3.9143342703e-07 | 6.4286526597e+02 |
| 5.6056056056e-02 | 3.9141013177e-07 | 6.5455619453e+02 |
| 5.7057057057e-02 | 3.9138641673e-07 | 6.6624721722e+02 |
| 5.8058058058e-02 | 3.9136228190e-07 | 6.7793833221e+02 |
| 5.9059059059e-02 | 3.9133772729e-07 | 6.8962953748e+02 |
| 6.0060060060e-02 | 3.9131275289e-07 | 7.0132083083e+02 |
| 6.1061061061e-02 | 3.9128735872e-07 | 7.1301220986e+02 |
| 6.2062062062e-02 | 3.9126154477e-07 | 7.2470367196e+02 |
| 6.3063063063e-02 | 3.9123531104e-07 | 7.3639521434e+02 |
| 6.4064064064e-02 | 3.9120865753e-07 | 7.4808683400e+02 |
| 6.5065065065e-02 | 3.9118158425e-07 | 7.5977852774e+02 |
| 6.6066066066e-02 | 3.9115409120e-07 | 7.7147029213e+02 |
| 6.7067067067e-02 | 3.9112617838e-07 | 7.8316212356e+02 |
| 6.8068068068e-02 | 3.9109784580e-07 | 7.9485401818e+02 |
| 6.9069069069e-02 | 3.9106909346e-07 | 8.0654597191e+02 |
| 7.0070070070e-02 | 3.9103992137e-07 | 8.1823798049e+02 |
| 7.1071071071e-02 | 3.9101032952e-07 | 8.2993003939e+02 |
| 7.2072072072e-02 | 3.9098031793e-07 | 8.4162214388e+02 |
| 7.3073073073e-02 | 3.9094988660e-07 | 8.5331428898e+02 |
| 7.4074074074e-02 | 3.9091903554e-07 | 8.6500646948e+02 |
| 7.5075075075e-02 | 3.9088776475e-07 | 8.7669867994e+02 |
| 7.6076076076e-02 | 3.9085607425e-07 | 8.8839091467e+02 |
| 7.7077077077e-02 | 3.9082396403e-07 | 9.0008316773e+02 |
| 7.8078078078e-02 | 3.9079143412e-07 | 9.1177543294e+02 |
| 7.9079079079e-02 | 3.9075848451e-07 | 9.2346770386e+02 |
| 8.0080080080e-02 | 3.9072511521e-07 | 9.3515997380e+02 |
| 8.1081081081e-02 | 3.9069132625e-07 | 9.4685223581e+02 |
| 8.2082082082e-02 | 3.9065711762e-07 | 9.5854448269e+02 |
| 8.3083083083e-02 | 3.9062248934e-07 | 9.7023670695e+02 |
| 8.4084084084e-02 | 3.9058744142e-07 | 9.8192890086e+02 |
| 8.5085085085e-02 | 3.9055197388e-07 | 9.9362105638e+02 |
| 8.6086086086e-02 | 3.9051608673e-07 | 1.0053131652e+03 |
| 8.7087087087e-02 | 3.9047977998e-07 | 1.0170052189e+03 |
| 8.8088088088e-02 | 3.9044305365e-07 | 1.0286972084e+03 |
| 8.9089089089e-02 | 3.9040590776e-07 | 1.0403891248e+03 |
| 9.0090090090e-02 | 3.9036834231e-07 | 1.0520809585e+03 |
| 9.1091091091e-02 | 3.9033035734e-07 | 1.0637726998e+03 |
| 9.2092092092e-02 | 3.9029195285e-07 | 1.0754643388e+03 |
| 9.3093093093e-02 | 3.9025312887e-07 | 1.0871558651e+03 |
| 9.4094094094e-02 | 3.9021388542e-07 | 1.0988472681e+03 |
| 9.5095095095e-02 | 3.9017422251e-07 | 1.1105385370e+03 |
| 9.6096096096e-02 | 3.9013414018e-07 | 1.1222296605e+03 |
| 9.7097097097e-02 | 3.9009363844e-07 | 1.1339206270e+03 |
| 9.8098098098e-02 | 3.9005271732e-07 | 1.1456114248e+03 |
| 9.9099099099e-02 | 3.9001137684e-07 | 1.1573020417e+03 |
| 1.0010010010e-01 | 3.8996961702e-07 | 1.1689924651e+03 |
| 1.0110110110e-01 | 3.8992743791e-07 | 1.1806826824e+03 |
| 1.0210210210e-01 | 3.8988483952e-07 | 1.1923726803e+03 |
| 1.0310310310e-01 | 3.8984182188e-07 | 1.2040624454e+03 |
| 1.0410410410e-01 | 3.8979838502e-07 | 1.2157519640e+03 |
| 1.0510510511e-01 | 3.8975452898e-07 | 1.2274412218e+03 |
| 1.0610610611e-01 | 3.8971025379e-07 | 1.2391302044e+03 |
| 1.0710710711e-01 | 3.8966555948e-07 | 1.2508188971e+03 |
| 1.0810810811e-01 | 3.8962044608e-07 | 1.2625072846e+03 |
| 1.0910910911e-01 | 3.8957491364e-07 | 1.2741953514e+03 |
| 1.1011011011e-01 | 3.8952896219e-07 | 1.2858830818e+03 |
| 1.1111111111e-01 | 3.8948259177e-07 | 1.2975704594e+03 |
| 1.1211211211e-01 | 3.8943580242e-07 | 1.3092574677e+03 |
| 1.1311311311e-01 | 3.8938859418e-07 | 1.3209440897e+03 |
| 1.1411411411e-01 | 3.8934096710e-07 | 1.3326303083e+03 |
| 1.1511511512e-01 | 3.8929292121e-07 | 1.3443161056e+03 |
| 1.1611611612e-01 | 3.8924445657e-07 | 1.3560014637e+03 |
| 1.1711711712e-01 | 3.8919557322e-07 | 1.3676863641e+03 |
| 1.1811811812e-01 | 3.8914627121e-07 | 1.3793707880e+03 |
| 1.1911911912e-01 | 3.8909655060e-07 | 1.3910547163e+03 |
| 1.2012012012e-01 | 3.8904641142e-07 | 1.4027381294e+03 |
| 1.2112112112e-01 | 3.8899585374e-07 | 1.4144210074e+03 |
| 1.2212212212e-01 | 3.8894487761e-07 | 1.4261033299e+03 |
| 1.2312312312e-01 | 3.8889348309e-07 | 1.4377850761e+03 |
| 1.2412412412e-01 | 3.8884167024e-07 | 1.4494662250e+03 |
| 1.2512512513e-01 | 3.8878943911e-07 | 1.4611467551e+03 |
| 1.2612612613e-01 | 3.8873678977e-07 | 1.4728266443e+03 |
| 1.2712712713e-01 | 3.8868372228e-07 | 1.4845058704e+03 |
| 1.2812812813e-01 | 3.8863023670e-07 | 1.4961844105e+03 |
| 1.2912912913e-01 | 3.8857633311e-07 | 1.5078622416e+03 |
| 1.3013013013e-01 | 3.8852201157e-07 | 1.5195393401e+03 |
| 1.3113113113e-01 | 3.8846727215e-07 | 1.5312156818e+03 |
| 1.3213213213e-01 | 3.8841211492e-07 | 1.5428912426e+03 |
| 1.3313313313e-01 | 3.8835653997e-07 | 1.5545659974e+03 |
| 1.3413413413e-01 | 3.8830054736e-07 | 1.5662399210e+03 |
| 1.3513513514e-01 | 3.8824413717e-07 | 1.5779129877e+03 |
| 1.3613613614e-01 | 3.8818730949e-07 | 1.5895851713e+03 |
| 1.3713713714e-01 | 3.8813006439e-07 | 1.6012564453e+03 |
| 1.3813813814e-01 | 3.8807240197e-07 | 1.6129267827e+03 |
| 1.3913913914e-01 | 3.8801432230e-07 | 1.6245961560e+03 |
| 1.4014014014e-01 | 3.8795582548e-07 | 1.6362645372e+03 |
| 1.4114114114e-01 | 3.8789691159e-07 | 1.6479318980e+03 |
| 1.4214214214e-01 | 3.8783758074e-07 | 1.6595982096e+03 |
| 1.4314314314e-01 | 3.8777783301e-07 | 1.6712634427e+03 |
| 1.4414414414e-01 | 3.8771766851e-07 | 1.6829275676e+03 |
| 1.4514514515e-01 | 3.8765708733e-07 | 1.6945905541e+03 |
| 1.4614614615e-01 | 3.8759608957e-07 | 1.7062523714e+03 |
| 1.4714714715e-01 | 3.8753467534e-07 | 1.7179129886e+03 |
| 1.4814814815e-01 | 3.8747284475e-07 | 1.7295723739e+03 |
| 1.4914914915e-01 | 3.8741059791e-07 | 1.7412304954e+03 |
| 1.5015015015e-01 | 3.8734793493e-07 | 1.7528873204e+03 |
| 1.5115115115e-01 | 3.8728485592e-07 | 1.7645428159e+03 |
| 1.5215215215e-01 | 3.8722136100e-07 | 1.7761969483e+03 |
| 1.5315315315e-01 | 3.8715745029e-07 | 1.7878496838e+03 |
| 1.5415415415e-01 | 3.8709312392e-07 | 1.7995009877e+03 |
| 1.5515515516e-01 | 3.8702838200e-07 | 1.8111508251e+03 |
| 1.5615615616e-01 | 3.8696322466e-07 | 1.8227991605e+03 |
| 1.5715715716e-01 | 3.8689765205e-07 | 1.8344459579e+03 |
| 1.5815815816e-01 | 3.8683166427e-07 | 1.8460911809e+03 |
| 1.5915915916e-01 | 3.8676526149e-07 | 1.8577347923e+03 |
| 1.6016016016e-01 | 3.8669844382e-07 | 1.8693767548e+03 |
| 1.6116116116e-01 | 3.8663121142e-07 | 1.8810170303e+03 |
| 1.6216216216e-01 | 3.8656356443e-07 | 1.8926555803e+03 |
| 1.6316316316e-01 | 3.8649550300e-07 | 1.9042923658e+03 |
| 1.6416416416e-01 | 3.8642702727e-07 | 1.9159273471e+03 |
| 1.6516516517e-01 | 3.8635813741e-07 | 1.9275604842e+03 |
| 1.6616616617e-01 | 3.8628883356e-07 | 1.9391917366e+03 |
| 1.6716716717e-01 | 3.8621911588e-07 | 1.9508210629e+03 |
| 1.6816816817e-01 | 3.8614898455e-07 | 1.9624484217e+03 |
| 1.6916916917e-01 | 3.8607843972e-07 | 1.9740737707e+03 |
| 1.7017017017e-01 | 3.8600748157e-07 | 1.9856970671e+03 |
| 1.7117117117e-01 | 3.8593611026e-07 | 1.9973182676e+03 |
| 1.7217217217e-01 | 3.8586432597e-07 | 2.0089373286e+03 |
| 1.7317317317e-01 | 3.8579212889e-07 | 2.0205542055e+03 |
| 1.7417417417e-01 | 3.8571951918e-07 | 2.0321688534e+03 |
| 1.7517517518e-01 | 3.8564649705e-07 | 2.0437812270e+03 |
| 1.7617617618e-01 | 3.8557306268e-07 | 2.0553912801e+03 |
| 1.7717717718e-01 | 3.8549921625e-07 | 2.0669989663e+03 |
| 1.7817817818e-01 | 3.8542495798e-07 | 2.0786042384e+03 |
| 1.7917917918e-01 | 3.8535028805e-07 | 2.0902070486e+03 |
| 1.8018018018e-01 | 3.8527520667e-07 | 2.1018073487e+03 |
| 1.8118118118e-01 | 3.8519971405e-07 | 2.1134050900e+03 |
| 1.8218218218e-01 | 3.8512381040e-07 | 2.1250002229e+03 |
| 1.8318318318e-01 | 3.8504749593e-07 | 2.1365926976e+03 |
| 1.8418418418e-01 | 3.8497077086e-07 | 2.1481824635e+03 |
| 1.8518518519e-01 | 3.8489363541e-07 | 2.1597694694e+03 |
| 1.8618618619e-01 | 3.8481608982e-07 | 2.1713536637e+03 |
| 1.8718718719e-01 | 3.8473813430e-07 | 2.1829349940e+03 |
| 1.8818818819e-01 | 3.8465976909e-07 | 2.1945134076e+03 |
| 1.8918918919e-01 | 3.8458099444e-07 | 2.2060888509e+03 |
| 1.9019019019e-01 | 3.8450181057e-07 | 2.2176612699e+03 |
| 1.9119119119e-01 | 3.8442221774e-07 | 2.2292306099e+03 |
| 1.9219219219e-01 | 3.8434221620e-07 | 2.2407968158e+03 |
| 1.9319319319e-01 | 3.8426180620e-07 | 2.2523598316e+03 |
| 1.9419419419e-01 | 3.8418098800e-07 | 2.2639196009e+03 |
| 1.9519519520e-01 | 3.8409976186e-07 | 2.2754760668e+03 |
| 1.9619619620e-01 | 3.8401812805e-07 | 2.2870291714e+03 |
| 1.9719719720e-01 | 3.8393608684e-07 | 2.2985788567e+03 |
| 1.9819819820e-01 | 3.8385363850e-07 | 2.3101250636e+03 |
| 1.9919919920e-01 | 3.8377078332e-07 | 2.3216677328e+03 |
| 2.0020020020e-01 | 3.8368752158e-07 | 2.3332068041e+03 |
| 2.0120120120e-01 | 3.8360385356e-07 | 2.3447422168e+03 |
| 2.0220220220e-01 | 3.8351977957e-07 | 2.3562739096e+03 |
| 2.0320320320e-01 | 3.8343529989e-07 | 2.3678018205e+03 |
| 2.0420420420e-01 | 3.8335041484e-07 | 2.3793258869e+03 |
| 2.0520520521e-01 | 3.8326512471e-07 | 2.3908460456e+03 |
| 2.0620620621e-01 | 3.8317942982e-07 | 2.4023622328e+03 |
| 2.0720720721e-01 | 3.8309333049e-07 | 2.4138743840e+03 |
| 2.0820820821e-01 | 3.8300682703e-07 | 2.4253824341e+03 |
| 2.0920920921e-01 | 3.8291991978e-07 | 2.4368863174e+03 |
| 2.1021021021e-01 | 3.8283260907e-07 | 2.4483859674e+03 |
| 2.1121121121e-01 | 3.8274489522e-07 | 2.4598813171e+03 |
| 2.1221221221e-01 | 3.8265677859e-07 | 2.4713722989e+03 |
| 2.1321321321e-01 | 3.8256825951e-07 | 2.4828588444e+03 |
| 2.1421421421e-01 | 3.8247933835e-07 | 2.4943408848e+03 |
| 2.1521521522e-01 | 3.8239001545e-07 | 2.5058183503e+03 |
| 2.1621621622e-01 | 3.8230029118e-07 | 2.5172911707e+03 |
| 2.1721721722e-01 | 3.8221016590e-07 | 2.5287592752e+03 |
| 2.1821821822e-01 | 3.8211963998e-07 | 2.5402225921e+03 |
| 2.1921921922e-01 | 3.8202871381e-07 | 2.5516810491e+03 |
| 2.2022022022e-01 | 3.8193738776e-07 | 2.5631345735e+03 |
| 2.2122122122e-01 | 3.8184566222e-07 | 2.5745830917e+03 |
| 2.2222222222e-01 | 3.8175353759e-07 | 2.5860265294e+03 |
| 2.2322322322e-01 | 3.8166101427e-07 | 2.5974648118e+03 |
| 2.2422422422e-01 | 3.8156809265e-07 | 2.6088978633e+03 |
| 2.2522522523e-01 | 3.8147477315e-07 | 2.6203256077e+03 |
| 2.2622622623e-01 | 3.8138105619e-07 | 2.6317479682e+03 |
| 2.2722722723e-01 | 3.8128694218e-07 | 2.6431648671e+03 |
| 2.2822822823e-01 | 3.8119243156e-07 | 2.6545762262e+03 |
| 2.2922922923e-01 | 3.8109752475e-07 | 2.6659819667e+03 |
| 2.3023023023e-01 | 3.8100222219e-07 | 2.6773820089e+03 |
| 2.3123123123e-01 | 3.8090652433e-07 | 2.6887762726e+03 |
| 2.3223223223e-01 | 3.8081043162e-07 | 2.7001646768e+03 |
| 2.3323323323e-01 | 3.8071394451e-07 | 2.7115471398e+03 |
| 2.3423423423e-01 | 3.8061706347e-07 | 2.7229235795e+03 |
| 2.3523523524e-01 | 3.8051978896e-07 | 2.7342939127e+03 |
| 2.3623623624e-01 | 3.8042212147e-07 | 2.7456580558e+03 |
| 2.3723723724e-01 | 3.8032406146e-07 | 2.7570159243e+03 |
| 2.3823823824e-01 | 3.8022560942e-07 | 2.7683674334e+03 |
| 2.3923923924e-01 | 3.8012676586e-07 | 2.7797124970e+03 |
| 2.4024024024e-01 | 3.8002753126e-07 | 2.7910510289e+03 |
| 2.4124124124e-01 | 3.7992790613e-07 | 2.8023829418e+03 |
| 2.4224224224e-01 | 3.7982789099e-07 | 2.8137081480e+03 |
| 2.4324324324e-01 | 3.7972748636e-07 | 2.8250265588e+03 |
| 2.4424424424e-01 | 3.7962669275e-07 | 2.8363380850e+03 |
| 2.4524524525e-01 | 3.7952551069e-07 | 2.8476426368e+03 |
| 2.4624624625e-01 | 3.7942394074e-07 | 2.8589401233e+03 |
| 2.4724724725e-01 | 3.7932198342e-07 | 2.8702304533e+03 |
| 2.4824824825e-01 | 3.7921963930e-07 | 2.8815135348e+03 |
| 2.4924924925e-01 | 3.7911690893e-07 | 2.8927892750e+03 |
| 2.5025025025e-01 | 3.7901379287e-07 | 2.9040575803e+03 |
| 2.5125125125e-01 | 3.7891029170e-07 | 2.9153183567e+03 |
| 2.5225225225e-01 | 3.7880640599e-07 | 2.9265715093e+03 |
| 2.5325325325e-01 | 3.7870213632e-07 | 2.9378169425e+03 |
| 2.5425425425e-01 | 3.7859748330e-07 | 2.9490545599e+03 |
| 2.5525525526e-01 | 3.7849244752e-07 | 2.9602842646e+03 |
| 2.5625625626e-01 | 3.7838702958e-07 | 2.9715059589e+03 |
| 2.5725725726e-01 | 3.7828123010e-07 | 2.9827195443e+03 |
| 2.5825825826e-01 | 3.7817504970e-07 | 2.9939249217e+03 |
| 2.5925925926e-01 | 3.7806848901e-07 | 3.0051219913e+03 |
| 2.6026026026e-01 | 3.7796154865e-07 | 3.0163106524e+03 |
| 2.6126126126e-01 | 3.7785422928e-07 | 3.0274908037e+03 |
| 2.6226226226e-01 | 3.7774653153e-07 | 3.0386623434e+03 |
| 2.6326326326e-01 | 3.7763845608e-07 | 3.0498251685e+03 |
| 2.6426426426e-01 | 3.7753000357e-07 | 3.0609791758e+03 |
| 2.6526526527e-01 | 3.7742117469e-07 | 3.0721242610e+03 |
| 2.6626626627e-01 | 3.7731197012e-07 | 3.0832603193e+03 |
| 2.6726726727e-01 | 3.7720239052e-07 | 3.0943872451e+03 |
| 2.6826826827e-01 | 3.7709243662e-07 | 3.1055049321e+03 |
| 2.6926926927e-01 | 3.7698210909e-07 | 3.1166132732e+03 |
| 2.7027027027e-01 | 3.7687140866e-07 | 3.1277121607e+03 |
| 2.7127127127e-01 | 3.7676033604e-07 | 3.1388014861e+03 |
| 2.7227227227e-01 | 3.7664889195e-07 | 3.1498811402e+03 |
| 2.7327327327e-01 | 3.7653707714e-07 | 3.1609510132e+03 |
| 2.7427427427e-01 | 3.7642489233e-07 | 3.1720109944e+03 |
| 2.7527527528e-01 | 3.7631233827e-07 | 3.1830609724e+03 |
| 2.7627627628e-01 | 3.7619941574e-07 | 3.1941008352e+03 |
| 2.7727727728e-01 | 3.7608612547e-07 | 3.2051304700e+03 |
| 2.7827827828e-01 | 3.7597246826e-07 | 3.2161497633e+03 |
| 2.7927927928e-01 | 3.7585844489e-07 | 3.2271586008e+03 |
| 2.8028028028e-01 | 3.7574405613e-07 | 3.2381568676e+03 |
| 2.8128128128e-01 | 3.7562930279e-07 | 3.2491444480e+03 |
| 2.8228228228e-01 | 3.7551418567e-07 | 3.2601212257e+03 |
| 2.8328328328e-01 | 3.7539870558e-07 | 3.2710870834e+03 |
| 2.8428428428e-01 | 3.7528286336e-07 | 3.2820419035e+03 |
| 2.8528528529e-01 | 3.7516665982e-07 | 3.2929855674e+03 |
| 2.8628628629e-01 | 3.7505009581e-07 | 3.3039179557e+03 |
| 2.8728728729e-01 | 3.7493317217e-07 | 3.3148389486e+03 |
| 2.8828828829e-01 | 3.7481588976e-07 | 3.3257484252e+03 |
| 2.8928928929e-01 | 3.7469824945e-07 | 3.3366462643e+03 |
| 2.9029029029e-01 | 3.7458025210e-07 | 3.3475323437e+03 |
| 2.9129129129e-01 | 3.7446189860e-07 | 3.3584065405e+03 |
| 2.9229229229e-01 | 3.7434318983e-07 | 3.3692687311e+03 |
| 2.9329329329e-01 | 3.7422412671e-07 | 3.3801187914e+03 |
| 2.9429429429e-01 | 3.7410471013e-07 | 3.3909565963e+03 |
| 2.9529529530e-01 | 3.7398494100e-07 | 3.4017820202e+03 |
| 2.9629629630e-01 | 3.7386482027e-07 | 3.4125949365e+03 |
| 2.9729729730e-01 | 3.7374434885e-07 | 3.4233952183e+03 |
| 2.9829829830e-01 | 3.7362352770e-07 | 3.4341827377e+03 |
| 2.9929929930e-01 | 3.7350235777e-07 | 3.4449573662e+03 |
| 3.0030030030e-01 | 3.7338084001e-07 | 3.4557189745e+03 |
| 3.0130130130e-01 | 3.7325897539e-07 | 3.4664674328e+03 |
| 3.0230230230e-01 | 3.7313676491e-07 | 3.4772026103e+03 |
| 3.0330330330e-01 | 3.7301420953e-07 | 3.4879243757e+03 |
| 3.0430430430e-01 | 3.7289131027e-07 | 3.4986325971e+03 |
| 3.0530530531e-01 | 3.7276806813e-07 | 3.5093271416e+03 |
| 3.0630630631e-01 | 3.7264448413e-07 | 3.5200078758e+03 |
| 3.0730730731e-01 | 3.7252055928e-07 | 3.5306746656e+03 |
| 3.0830830831e-01 | 3.7239629463e-07 | 3.5413273762e+03 |
| 3.0930930931e-01 | 3.7227169122e-07 | 3.5519658721e+03 |
| 3.1031031031e-01 | 3.7214675010e-07 | 3.5625900170e+03 |
| 3.1131131131e-01 | 3.7202147234e-07 | 3.5731996741e+03 |
| 3.1231231231e-01 | 3.7189585901e-07 | 3.5837947057e+03 |
| 3.1331331331e-01 | 3.7176991119e-07 | 3.5943749737e+03 |
| 3.1431431431e-01 | 3.7164362997e-07 | 3.6049403391e+03 |
| 3.1531531532e-01 | 3.7151701645e-07 | 3.6154906623e+03 |
| 3.1631631632e-01 | 3.7139007175e-07 | 3.6260258029e+03 |
| 3.1731731732e-01 | 3.7126279699e-07 | 3.6365456200e+03 |
| 3.1831831832e-01 | 3.7113519329e-07 | 3.6470499719e+03 |
| 3.1931931932e-01 | 3.7100726180e-07 | 3.6575387164e+03 |
| 3.2032032032e-01 | 3.7087900366e-07 | 3.6680117104e+03 |
| 3.2132132132e-01 | 3.7075042004e-07 | 3.6784688103e+03 |
| 3.2232232232e-01 | 3.7062151211e-07 | 3.6889098717e+03 |
| 3.2332332332e-01 | 3.7049228104e-07 | 3.6993347498e+03 |
| 3.2432432432e-01 | 3.7036272802e-07 | 3.7097432989e+03 |
| 3.2532532533e-01 | 3.7023285426e-07 | 3.7201353726e+03 |
| 3.2632632633e-01 | 3.7010266096e-07 | 3.7305108242e+03 |
| 3.2732732733e-01 | 3.6997214935e-07 | 3.7408695059e+03 |
| 3.2832832833e-01 | 3.6984132065e-07 | 3.7512112695e+03 |
| 3.2932932933e-01 | 3.6971017610e-07 | 3.7615359662e+03 |
| 3.3033033033e-01 | 3.6957871695e-07 | 3.7718434466e+03 |
| 3.3133133133e-01 | 3.6944694447e-07 | 3.7821335603e+03 |
| 3.3233233233e-01 | 3.6931485992e-07 | 3.7924061567e+03 |
| 3.3333333333e-01 | 3.6918246458e-07 | 3.8026610843e+03 |
| 3.3433433433e-01 | 3.6904975975e-07 | 3.8128981912e+03 |
| 3.3533533534e-01 | 3.6891674672e-07 | 3.8231173246e+03 |
| 3.3633633634e-01 | 3.6878342681e-07 | 3.8333183314e+03 |
| 3.3733733734e-01 | 3.6864980133e-07 | 3.8435010575e+03 |
| 3.3833833834e-01 | 3.6851587162e-07 | 3.8536653486e+03 |
| 3.3933933934e-01 | 3.6838163903e-07 | 3.8638110494e+03 |
| 3.4034034034e-01 | 3.6824710490e-07 | 3.8739380044e+03 |
| 3.4134134134e-01 | 3.6811227060e-07 | 3.8840460572e+03 |
| 3.4234234234e-01 | 3.6797713751e-07 | 3.8941350509e+03 |
| 3.4334334334e-01 | 3.6784170700e-07 | 3.9042048281e+03 |
| 3.4434434434e-01 | 3.6770598047e-07 | 3.9142552306e+03 |
| 3.4534534535e-01 | 3.6756995932e-07 | 3.9242860998e+03 |
| 3.4634634635e-01 | 3.6743364498e-07 | 3.9342972764e+03 |
| 3.4734734735e-01 | 3.6729703887e-07 | 3.9442886007e+03 |
| 3.4834834835e-01 | 3.6716014243e-07 | 3.9542599123e+03 |
| 3.4934934935e-01 | 3.6702295710e-07 | 3.9642110502e+03 |
| 3.5035035035e-01 | 3.6688548435e-07 | 3.9741418530e+03 |
| 3.5135135135e-01 | 3.6674772563e-07 | 3.9840521586e+03 |
| 3.5235235235e-01 | 3.6660968244e-07 | 3.9939418043e+03 |
| 3.5335335335e-01 | 3.6647135626e-07 | 4.0038106272e+03 |
| 3.5435435435e-01 | 3.6633274860e-07 | 4.0136584633e+03 |
| 3.5535535536e-01 | 3.6619386096e-07 | 4.0234851487e+03 |
| 3.5635635636e-01 | 3.6605469487e-07 | 4.0332905184e+03 |
| 3.5735735736e-01 | 3.6591525187e-07 | 4.0430744072e+03 |
| 3.5835835836e-01 | 3.6577553349e-07 | 4.0528366494e+03 |
| 3.5935935936e-01 | 3.6563554130e-07 | 4.0625770787e+03 |
| 3.6036036036e-01 | 3.6549527686e-07 | 4.0722955282e+03 |
| 3.6136136136e-01 | 3.6535474174e-07 | 4.0819918306e+03 |
| 3.6236236236e-01 | 3.6521393754e-07 | 4.0916658181e+03 |
| 3.6336336336e-01 | 3.6507286585e-07 | 4.1013173225e+03 |
| 3.6436436436e-01 | 3.6493152829e-07 | 4.1109461749e+03 |
| 3.6536536537e-01 | 3.6478992647e-07 | 4.1205522061e+03 |
| 3.6636636637e-01 | 3.6464806203e-07 | 4.1301352463e+03 |
| 3.6736736737e-01 | 3.6450593661e-07 | 4.1396951255e+03 |
| 3.6836836837e-01 | 3.6436355186e-07 | 4.1492316728e+03 |
| 3.6936936937e-01 | 3.6422090945e-07 | 4.1587447173e+03 |
| 3.7037037037e-01 | 3.6407801106e-07 | 4.1682340874e+03 |
| 3.7137137137e-01 | 3.6393485836e-07 | 4.1776996110e+03 |
| 3.7237237237e-01 | 3.6379145306e-07 | 4.1871411157e+03 |
| 3.7337337337e-01 | 3.6364779687e-07 | 4.1965584288e+03 |
| 3.7437437437e-01 | 3.6350389150e-07 | 4.2059513769e+03 |
| 3.7537537538e-01 | 3.6335973870e-07 | 4.2153197863e+03 |
| 3.7637637638e-01 | 3.6321534018e-07 | 4.2246634830e+03 |
| 3.7737737738e-01 | 3.6307069772e-07 | 4.2339822925e+03 |
| 3.7837837838e-01 | 3.6292581308e-07 | 4.2432760398e+03 |
| 3.7937937938e-01 | 3.6278068802e-07 | 4.2525445498e+03 |
| 3.8038038038e-01 | 3.6263532434e-07 | 4.2617876467e+03 |
| 3.8138138138e-01 | 3.6248972384e-07 | 4.2710051546e+03 |
| 3.8238238238e-01 | 3.6234388831e-07 | 4.2801968971e+03 |
| 3.8338338338e-01 | 3.6219781958e-07 | 4.2893626975e+03 |
| 3.8438438438e-01 | 3.6205151948e-07 | 4.2985023787e+03 |
| 3.8538538539e-01 | 3.6190498985e-07 | 4.3076157632e+03 |
| 3.8638638639e-01 | 3.6175823254e-07 | 4.3167026734e+03 |
| 3.8738738739e-01 | 3.6161124941e-07 | 4.3257629312e+03 |
| 3.8838838839e-01 | 3.6146404234e-07 | 4.3347963581e+03 |
| 3.8938938939e-01 | 3.6131661322e-07 | 4.3438027755e+03 |
| 3.9039039039e-01 | 3.6116896393e-07 | 4.3527820045e+03 |
| 3.9139139139e-01 | 3.6102109640e-07 | 4.3617338657e+03 |
| 3.9239239239e-01 | 3.6087301252e-07 | 4.3706581795e+03 |
| 3.9339339339e-01 | 3.6072471424e-07 | 4.3795547662e+03 |
| 3.9439439439e-01 | 3.6057620349e-07 | 4.3884234457e+03 |
| 3.9539539540e-01 | 3.6042748223e-07 | 4.3972640376e+03 |
| 3.9639639640e-01 | 3.6027855241e-07 | 4.4060763612e+03 |
| 3.9739739740e-01 | 3.6012941601e-07 | 4.4148602359e+03 |
| 3.9839839840e-01 | 3.5998007501e-07 | 4.4236154804e+03 |
| 3.9939939940e-01 | 3.5983053141e-07 | 4.4323419136e+03 |
| 4.0040040040e-01 | 3.5968078721e-07 | 4.4410393539e+03 |
| 4.0140140140e-01 | 3.5953084443e-07 | 4.4497076196e+03 |
| 4.0240240240e-01 | 3.5938070509e-07 | 4.4583465289e+03 |
| 4.0340340340e-01 | 3.5923037124e-07 | 4.4669558996e+03 |
| 4.0440440440e-01 | 3.5907984491e-07 | 4.4755355496e+03 |
| 4.0540540541e-01 | 3.5892912818e-07 | 4.4840852964e+03 |
| 4.0640640641e-01 | 3.5877822311e-07 | 4.4926049575e+03 |
| 4.0740740741e-01 | 3.5862713179e-07 | 4.5010943502e+03 |
| 4.0840840841e-01 | 3.5847585629e-07 | 4.5095532917e+03 |
| 4.0940940941e-01 | 3.5832439874e-07 | 4.5179815989e+03 |
| 4.1041041041e-01 | 3.5817276123e-07 | 4.5263790889e+03 |
| 4.1141141141e-01 | 3.5802094590e-07 | 4.5347455785e+03 |
| 4.1241241241e-01 | 3.5786895488e-07 | 4.5430808843e+03 |
| 4.1341341341e-01 | 3.5771679031e-07 | 4.5513848231e+03 |
| 4.1441441441e-01 | 3.5756445434e-07 | 4.5596572115e+03 |
| 4.1541541542e-01 | 3.5741194916e-07 | 4.5678978659e+03 |
| 4.1641641642e-01 | 3.5725927692e-07 | 4.5761066029e+03 |
| 4.1741741742e-01 | 3.5710643983e-07 | 4.5842832389e+03 |
| 4.1841841842e-01 | 3.5695344007e-07 | 4.5924275903e+03 |
| 4.1941941942e-01 | 3.5680027985e-07 | 4.6005394735e+03 |
| 4.2042042042e-01 | 3.5664696140e-07 | 4.6086187049e+03 |
| 4.2142142142e-01 | 3.5649348693e-07 | 4.6166651009e+03 |
| 4.2242242242e-01 | 3.5633985870e-07 | 4.6246784779e+03 |
| 4.2342342342e-01 | 3.5618607895e-07 | 4.6326586524e+03 |
| 4.2442442442e-01 | 3.5603214993e-07 | 4.6406054408e+03 |
| 4.2542542543e-01 | 3.5587807392e-07 | 4.6485186596e+03 |
| 4.2642642643e-01 | 3.5572385320e-07 | 4.6563981256e+03 |
| 4.2742742743e-01 | 3.5556949006e-07 | 4.6642436553e+03 |
| 4.2842842843e-01 | 3.5541498680e-07 | 4.6720550655e+03 |
| 4.2942942943e-01 | 3.5526034572e-07 | 4.6798321731e+03 |
| 4.3043043043e-01 | 3.5510556915e-07 | 4.6875747950e+03 |
| 4.3143143143e-01 | 3.5495065941e-07 | 4.6952827485e+03 |
| 4.3243243243e-01 | 3.5479561885e-07 | 4.7029558506e+03 |
| 4.3343343343e-01 | 3.5464044982e-07 | 4.7105939187e+03 |
| 4.3443443443e-01 | 3.5448515467e-07 | 4.7181967706e+03 |
| 4.3543543544e-01 | 3.5432973577e-07 | 4.7257642237e+03 |
| 4.3643643644e-01 | 3.5417419551e-07 | 4.7332960961e+03 |
| 4.3743743744e-01 | 3.5401853627e-07 | 4.7407922059e+03 |
| 4.3843843844e-01 | 3.5386276044e-07 | 4.7482523714e+03 |
| 4.3943943944e-01 | 3.5370687044e-07 | 4.7556764111e+03 |
| 4.4044044044e-01 | 3.5355086868e-07 | 4.7630641438e+03 |
| 4.4144144144e-01 | 3.5339475758e-07 | 4.7704153885e+03 |
| 4.4244244244e-01 | 3.5323853959e-07 | 4.7777299646e+03 |
| 4.4344344344e-01 | 3.5308221715e-07 | 4.7850076917e+03 |
| 4.4444444444e-01 | 3.5292579270e-07 | 4.7922483895e+03 |
| 4.4544544545e-01 | 3.5276926872e-07 | 4.7994518783e+03 |
| 4.4644644645e-01 | 3.5261264768e-07 | 4.8066179785e+03 |
| 4.4744744745e-01 | 3.5245593205e-07 | 4.8137465111e+03 |
| 4.4844844845e-01 | 3.5229912432e-07 | 4.8208372971e+03 |
| 4.4944944945e-01 | 3.5214222700e-07 | 4.8278901581e+03 |
| 4.5045045045e-01 | 3.5198524259e-07 | 4.8349049160e+03 |
| 4.5145145145e-01 | 3.5182817361e-07 | 4.8418813931e+03 |
| 4.5245245245e-01 | 3.5167102258e-07 | 4.8488194121e+03 |
| 4.5345345345e-01 | 3.5151379204e-07 | 4.8557187961e+03 |
| 4.5445445445e-01 | 3.5135648453e-07 | 4.8625793687e+03 |
| 4.5545545546e-01 | 3.5119910259e-07 | 4.8694009538e+03 |
| 4.5645645646e-01 | 3.5104164880e-07 | 4.8761833758e+03 |
| 4.5745745746e-01 | 3.5088412570e-07 | 4.8829264598e+03 |
| 4.5845845846e-01 | 3.5072653589e-07 | 4.8896300312e+03 |
| 4.5945945946e-01 | 3.5056888194e-07 | 4.8962939157e+03 |
| 4.6046046046e-01 | 3.5041116644e-07 | 4.9029179400e+03 |
| 4.6146146146e-01 | 3.5025339199e-07 | 4.9095019309e+03 |
| 4.6246246246e-01 | 3.5009556121e-07 | 4.9160457159e+03 |
| 4.6346346346e-01 | 3.4993767670e-07 | 4.9225491232e+03 |
| 4.6446446446e-01 | 3.4977974109e-07 | 4.9290119814e+03 |
| 4.6546546547e-01 | 3.4962175701e-07 | 4.9354341197e+03 |
| 4.6646646647e-01 | 3.4946372710e-07 | 4.9418153681e+03 |
| 4.6746746747e-01 | 3.4930565399e-07 | 4.9481555569e+03 |
| 4.6846846847e-01 | 3.4914754035e-07 | 4.9544545174e+03 |
| 4.6946946947e-01 | 3.4898938884e-07 | 4.9607120812e+03 |
| 4.7047047047e-01 | 3.4883120212e-07 | 4.9669280809e+03 |
| 4.7147147147e-01 | 3.4867298286e-07 | 4.9731023496e+03 |
| 4.7247247247e-01 | 3.4851473375e-07 | 4.9792347211e+03 |
| 4.7347347347e-01 | 3.4835645747e-07 | 4.9853250300e+03 |
| 4.7447447447e-01 | 3.4819815673e-07 | 4.9913731116e+03 |
| 4.7547547548e-01 | 3.4803983421e-07 | 4.9973788018e+03 |
| 4.7647647648e-01 | 3.4788149263e-07 | 5.0033419376e+03 |
| 4.7747747748e-01 | 3.4772313471e-07 | 5.0092623565e+03 |
| 4.7847847848e-01 | 3.4756476316e-07 | 5.0151398969e+03 |
| 4.7947947948e-01 | 3.4740638072e-07 | 5.0209743979e+03 |
| 4.8048048048e-01 | 3.4724799011e-07 | 5.0267656997e+03 |
| 4.8148148148e-01 | 3.4708959407e-07 | 5.0325136431e+03 |
| 4.8248248248e-01 | 3.4693119535e-07 | 5.0382180698e+03 |
| 4.8348348348e-01 | 3.4677279671e-07 | 5.0438788225e+03 |
| 4.8448448448e-01 | 3.4661440090e-07 | 5.0494957447e+03 |
| 4.8548548549e-01 | 3.4645601067e-07 | 5.0550686807e+03 |
| 4.8648648649e-01 | 3.4629762881e-07 | 5.0605974760e+03 |
| 4.8748748749e-01 | 3.4613925808e-07 | 5.0660819769e+03 |
| 4.8848848849e-01 | 3.4598090126e-07 | 5.0715220306e+03 |
| 4.8948948949e-01 | 3.4582256114e-07 | 5.0769174853e+03 |
| 4.9049049049e-01 | 3.4566424050e-07 | 5.0822681904e+03 |
| 4.9149149149e-01 | 3.4550594215e-07 | 5.0875739960e+03 |
| 4.9249249249e-01 | 3.4534766887e-07 | 5.0928347535e+03 |
| 4.9349349349e-01 | 3.4518942348e-07 | 5.0980503151e+03 |
| 4.9449449449e-01 | 3.4503120878e-07 | 5.1032205343e+03 |
| 4.9549549550e-01 | 3.4487302758e-07 | 5.1083452656e+03 |
| 4.9649649650e-01 | 3.4471488271e-07 | 5.1134243644e+03 |
| 4.9749749750e-01 | 3.4455677697e-07 | 5.1184576876e+03 |
| 4.9849849850e-01 | 3.4439871321e-07 | 5.1234450929e+03 |
| 4.9949949950e-01 | 3.4424069424e-07 | 5.1283864393e+03 |
| 5.0050050050e-01 | 3.4408272290e-07 | 5.1332815869e+03 |
| 5.0150150150e-01 | 3.4392480203e-07 | 5.1381303971e+03 |
| 5.0250250250e-01 | 3.4376693447e-07 | 5.1429327324e+03 |
| 5.0350350350e-01 | 3.4360912307e-07 | 5.1476884564e+03 |
| 5.0450450450e-01 | 3.4345137066e-07 | 5.1523974343e+03 |
| 5.0550550551e-01 | 3.4329368010e-07 | 5.1570595321e+03 |
| 5.0650650651e-01 | 3.4313605425e-07 | 5.1616746175e+03 |
| 5.0750750751e-01 | 3.4297849596e-07 | 5.1662425592e+03 |
| 5.0850850851e-01 | 3.4282100809e-07 | 5.1707632273e+03 |
| 5.0950950951e-01 | 3.4266359351e-07 | 5.1752364932e+03 |
| 5.1051051051e-01 | 3.4250625507e-07 | 5.1796622297e+03 |
| 5.1151151151e-01 | 3.4234899564e-07 | 5.1840403109e+03 |
| 5.1251251251e-01 | 3.4219181810e-07 | 5.1883706123e+03 |
| 5.1351351351e-01 | 3.4203472532e-07 | 5.1926530107e+03 |
| 5.1451451451e-01 | 3.4187772016e-07 | 5.1968873845e+03 |
| 5.1551551552e-01 | 3.4172080551e-07 | 5.2010736134e+03 |
| 5.1651651652e-01 | 3.4156398423e-07 | 5.2052115786e+03 |
| 5.1751751752e-01 | 3.4140725922e-07 | 5.2093011627e+03 |
| 5.1851851852e-01 | 3.4125063334e-07 | 5.2133422497e+03 |
| 5.1951951952e-01 | 3.4109410948e-07 | 5.2173347255e+03 |
| 5.2052052052e-01 | 3.4093769053e-07 | 5.2212784769e+03 |
| 5.2152152152e-01 | 3.4078137935e-07 | 5.2251733929e+03 |
| 5.2252252252e-01 | 3.4062517885e-07 | 5.2290193634e+03 |
| 5.2352352352e-01 | 3.4046909190e-07 | 5.2328162804e+03 |
| 5.2452452452e-01 | 3.4031312138e-07 | 5.2365640372e+03 |
| 5.2552552553e-01 | 3.4015727019e-07 | 5.2402625288e+03 |
| 5.2652652653e-01 | 3.4000154120e-07 | 5.2439116517e+03 |
| 5.2752752753e-01 | 3.3984593731e-07 | 5.2475113043e+03 |
| 5.2852852853e-01 | 3.3969046140e-07 | 5.2510613864e+03 |
| 5.2952952953e-01 | 3.3953511635e-07 | 5.2545617996e+03 |
| 5.3053053053e-01 | 3.3937990505e-07 | 5.2580124471e+03 |
| 5.3153153153e-01 | 3.3922483038e-07 | 5.2614132340e+03 |
| 5.3253253253e-01 | 3.3906989522e-07 | 5.2647640669e+03 |
| 5.3353353353e-01 | 3.3891510247e-07 | 5.2680648542e+03 |
| 5.3453453453e-01 | 3.3876045499e-07 | 5.2713155062e+03 |
| 5.3553553554e-01 | 3.3860595567e-07 | 5.2745159349e+03 |
| 5.3653653654e-01 | 3.3845160739e-07 | 5.2776660539e+03 |
| 5.3753753754e-01 | 3.3829741303e-07 | 5.2807657790e+03 |
| 5.3853853854e-01 | 3.3814337545e-07 | 5.2838150276e+03 |
| 5.3953953954e-01 | 3.3798949754e-07 | 5.2868137188e+03 |
| 5.4054054054e-01 | 3.3783578216e-07 | 5.2897617739e+03 |
| 5.4154154154e-01 | 3.3768223219e-07 | 5.2926591158e+03 |
| 5.4254254254e-01 | 3.3752885049e-07 | 5.2955056695e+03 |
| 5.4354354354e-01 | 3.3737563992e-07 | 5.2983013618e+03 |
| 5.4454454454e-01 | 3.3722260335e-07 | 5.3010461215e+03 |
| 5.4554554555e-01 | 3.3706974364e-07 | 5.3037398793e+03 |
| 5.4654654655e-01 | 3.3691706364e-07 | 5.3063825678e+03 |
| 5.4754754755e-01 | 3.3676456621e-07 | 5.3089741217e+03 |
| 5.4854854855e-01 | 3.3661225418e-07 | 5.3115144777e+03 |
| 5.4954954955e-01 | 3.3646013042e-07 | 5.3140035745e+03 |
| 5.5055055055e-01 | 3.3630819776e-07 | 5.3164413527e+03 |
| 5.5155155155e-01 | 3.3615645904e-07 | 5.3188277551e+03 |
| 5.5255255255e-01 | 3.3600491709e-07 | 5.3211627266e+03 |
| 5.5355355355e-01 | 3.3585357474e-07 | 5.3234462140e+03 |
| 5.5455455455e-01 | 3.3570243482e-07 | 5.3256781664e+03 |
| 5.5555555556e-01 | 3.3555150015e-07 | 5.3278585349e+03 |
| 5.5655655656e-01 | 3.3540077355e-07 | 5.3299872727e+03 |
| 5.5755755756e-01 | 3.3525025782e-07 | 5.3320643351e+03 |
| 5.5855855856e-01 | 3.3509995578e-07 | 5.3340896799e+03 |
| 5.5955955956e-01 | 3.3494987022e-07 | 5.3360632666e+03 |
| 5.6056056056e-01 | 3.3480000393e-07 | 5.3379850572e+03 |
| 5.6156156156e-01 | 3.3465035972e-07 | 5.3398550159e+03 |
| 5.6256256256e-01 | 3.3450094036e-07 | 5.3416731089e+03 |
| 5.6356356356e-01 | 3.3435174863e-07 | 5.3434393050e+03 |
| 5.6456456456e-01 | 3.3420278730e-07 | 5.3451535748e+03 |
| 5.6556556557e-01 | 3.3405405914e-07 | 5.3468158916e+03 |
| 5.6656656657e-01 | 3.3390556691e-07 | 5.3484262308e+03 |
| 5.6756756757e-01 | 3.3375731335e-07 | 5.3499845699e+03 |
| 5.6856856857e-01 | 3.3360930123e-07 | 5.3514908891e+03 |
| 5.6956956957e-01 | 3.3346153326e-07 | 5.3529451707e+03 |
| 5.7057057057e-01 | 3.3331401220e-07 | 5.3543473993e+03 |
| 5.7157157157e-01 | 3.3316674075e-07 | 5.3556975621e+03 |
| 5.7257257257e-01 | 3.3301972164e-07 | 5.3569956483e+03 |
| 5.7357357357e-01 | 3.3287295757e-07 | 5.3582416498e+03 |
| 5.7457457457e-01 | 3.3272645125e-07 | 5.3594355607e+03 |
| 5.7557557558e-01 | 3.3258020537e-07 | 5.3605773777e+03 |
| 5.7657657658e-01 | 3.3243422261e-07 | 5.3616670998e+03 |
| 5.7757757758e-01 | 3.3228850565e-07 | 5.3627047284e+03 |
| 5.7857857858e-01 | 3.3214305717e-07 | 5.3636902674e+03 |
| 5.7957957958e-01 | 3.3199787980e-07 | 5.3646237233e+03 |
| 5.8058058058e-01 | 3.3185297622e-07 | 5.3655051048e+03 |
| 5.8158158158e-01 | 3.3170834905e-07 | 5.3663344234e+03 |
| 5.8258258258e-01 | 3.3156400093e-07 | 5.3671116928e+03 |
| 5.8358358358e-01 | 3.3141993448e-07 | 5.3678369294e+03 |
| 5.8458458458e-01 | 3.3127615231e-07 | 5.3685101521e+03 |
| 5.8558558559e-01 | 3.3113265703e-07 | 5.3691313823e+03 |
| 5.8658658659e-01 | 3.3098945123e-07 | 5.3697006440e+03 |
| 5.8758758759e-01 | 3.3084653749e-07 | 5.3702179637e+03 |
| 5.8858858859e-01 | 3.3070391838e-07 | 5.3706833705e+03 |
| 5.8958958959e-01 | 3.3056159647e-07 | 5.3710968962e+03 |
| 5.9059059059e-01 | 3.3041957430e-07 | 5.3714585749e+03 |
| 5.9159159159e-01 | 3.3027785442e-07 | 5.3717684437e+03 |
| 5.9259259259e-01 | 3.3013643935e-07 | 5.3720265419e+03 |
| 5.9359359359e-01 | 3.2999533161e-07 | 5.3722329118e+03 |
| 5.9459459459e-01 | 3.2985453371e-07 | 5.3723875980e+03 |
| 5.9559559560e-01 | 3.2971404812e-07 | 5.3724906501e+03 |
| 5.9659659660e-01 | 3.2957387727e-07 | 5.3725421202e+03 |
| 5.9759759760e-01 | 3.2943402365e-07 | 5.3725420609e+03 |
| 5.9859859860e-01 | 3.2929448971e-07 | 5.3724905276e+03 |
| 5.9959959960e-01 | 3.2915527790e-07 | 5.3723875784e+03 |
| 6.0060060060e-01 | 3.2901639066e-07 | 5.3722332741e+03 |
| 6.0160160160e-01 | 3.2887783040e-07 | 5.3720276780e+03 |
| 6.0260260260e-01 | 3.2873959953e-07 | 5.3717708563e+03 |
| 6.0360360360e-01 | 3.2860170045e-07 | 5.3714628778e+03 |
| 6.0460460460e-01 | 3.2846413554e-07 | 5.3711038143e+03 |
| 6.0560560561e-01 | 3.2832690718e-07 | 5.3706937399e+03 |
| 6.0660660661e-01 | 3.2819001771e-07 | 5.3702327318e+03 |
| 6.0760760761e-01 | 3.2805346948e-07 | 5.3697208698e+03 |
| 6.0860860861e-01 | 3.2791726483e-07 | 5.3691582363e+03 |
| 6.0960960961e-01 | 3.2778140606e-07 | 5.3685449168e+03 |
| 6.1061061061e-01 | 3.2764589547e-07 | 5.3678809993e+03 |
| 6.1161161161e-01 | 3.2751073536e-07 | 5.3671665746e+03 |
| 6.1261261261e-01 | 3.2737592799e-07 | 5.3664017364e+03 |
| 6.1361361361e-01 | 3.2724147562e-07 | 5.3655865811e+03 |
| 6.1461461461e-01 | 3.2710738050e-07 | 5.3647212079e+03 |
| 6.1561561562e-01 | 3.2697364485e-07 | 5.3638057187e+03 |
| 6.1661661662e-01 | 3.2684027089e-07 | 5.3628402183e+03 |
| 6.1761761762e-01 | 3.2670726081e-07 | 5.3618248144e+03 |
| 6.1861861862e-01 | 3.2657461680e-07 | 5.3607596172e+03 |
| 6.1961961962e-01 | 3.2644234102e-07 | 5.3596447399e+03 |
| 6.2062062062e-01 | 3.2631043563e-07 | 5.3584802987e+03 |
| 6.2162162162e-01 | 3.2617890276e-07 | 5.3572664121e+03 |
| 6.2262262262e-01 | 3.2604774453e-07 | 5.3560032020e+03 |
| 6.2362362362e-01 | 3.2591696305e-07 | 5.3546907926e+03 |
| 6.2462462462e-01 | 3.2578656040e-07 | 5.3533293113e+03 |
| 6.2562562563e-01 | 3.2565653865e-07 | 5.3519188881e+03 |
| 6.2662662663e-01 | 3.2552689986e-07 | 5.3504596558e+03 |
| 6.2762762763e-01 | 3.2539764606e-07 | 5.3489517503e+03 |
| 6.2862862863e-01 | 3.2526877928e-07 | 5.3473953101e+03 |
| 6.2962962963e-01 | 3.2514030152e-07 | 5.3457904764e+03 |
| 6.3063063063e-01 | 3.2501221476e-07 | 5.3441373935e+03 |
| 6.3163163163e-01 | 3.2488452098e-07 | 5.3424362084e+03 |
| 6.3263263263e-01 | 3.2475722213e-07 | 5.3406870708e+03 |
| 6.3363363363e-01 | 3.2463032015e-07 | 5.3388901335e+03 |
| 6.3463463463e-01 | 3.2450381694e-07 | 5.3370455518e+03 |
| 6.3563563564e-01 | 3.2437771442e-07 | 5.3351534840e+03 |
| 6.3663663664e-01 | 3.2425201445e-07 | 5.3332140912e+03 |
| 6.3763763764e-01 | 3.2412671891e-07 | 5.3312275373e+03 |
| 6.3863863864e-01 | 3.2400182964e-07 | 5.3291939890e+03 |
| 6.3963963964e-01 | 3.2387734846e-07 | 5.3271136158e+03 |
| 6.4064064064e-01 | 3.2375327719e-07 | 5.3249865899e+03 |
| 6.4164164164e-01 | 3.2362961761e-07 | 5.3228130865e+03 |
| 6.4264264264e-01 | 3.2350637149e-07 | 5.3205932834e+03 |
| 6.4364364364e-01 | 3.2338354059e-07 | 5.3183273614e+03 |
| 6.4464464464e-01 | 3.2326112665e-07 | 5.3160155037e+03 |
| 6.4564564565e-01 | 3.2313913136e-07 | 5.3136578967e+03 |
| 6.4664664665e-01 | 3.2301755644e-07 | 5.3112547294e+03 |
| 6.4764764765e-01 | 3.2289640355e-07 | 5.3088061934e+03 |
| 6.4864864865e-01 | 3.2277567435e-07 | 5.3063124833e+03 |
| 6.4964964965e-01 | 3.2265537048e-07 | 5.3037737963e+03 |
| 6.5065065065e-01 | 3.2253549356e-07 | 5.3011903324e+03 |
| 6.5165165165e-01 | 3.2241604518e-07 | 5.2985622943e+03 |
| 6.5265265265e-01 | 3.2229702692e-07 | 5.2958898875e+03 |
| 6.5365365365e-01 | 3.2217844034e-07 | 5.2931733200e+03 |
| 6.5465465465e-01 | 3.2206028697e-07 | 5.2904128027e+03 |
| 6.5565565566e-01 | 3.2194256834e-07 | 5.2876085492e+03 |
| 6.5665665666e-01 | 3.2182528594e-07 | 5.2847607757e+03 |
| 6.5765765766e-01 | 3.2170844124e-07 | 5.2818697010e+03 |
| 6.5865865866e-01 | 3.2159203571e-07 | 5.2789355467e+03 |
| 6.5965965966e-01 | 3.2147607078e-07 | 5.2759585370e+03 |
| 6.6066066066e-01 | 3.2136054787e-07 | 5.2729388988e+03 |
| 6.6166166166e-01 | 3.2124546837e-07 | 5.2698768614e+03 |
| 6.6266266266e-01 | 3.2113083365e-07 | 5.2667726570e+03 |
| 6.6366366366e-01 | 3.2101664506e-07 | 5.2636265202e+03 |
| 6.6466466466e-01 | 3.2090290395e-07 | 5.2604386882e+03 |
| 6.6566566567e-01 | 3.2078961162e-07 | 5.2572094009e+03 |
| 6.6666666667e-01 | 3.2067676935e-07 | 5.2539389005e+03 |
| 6.6766766767e-01 | 3.2056437843e-07 | 5.2506274322e+03 |
| 6.6866866867e-01 | 3.2045244009e-07 | 5.2472752431e+03 |
| 6.6966966967e-01 | 3.2034095556e-07 | 5.2438825833e+03 |
| 6.7067067067e-01 | 3.2022992605e-07 | 5.2404497052e+03 |
| 6.7167167167e-01 | 3.2011935274e-07 | 5.2369768637e+03 |
| 6.7267267267e-01 | 3.2000923679e-07 | 5.2334643161e+03 |
| 6.7367367367e-01 | 3.1989957934e-07 | 5.2299123222e+03 |
| 6.7467467467e-01 | 3.1979038151e-07 | 5.2263211443e+03 |
| 6.7567567568e-01 | 3.1968164440e-07 | 5.2226910468e+03 |
| 6.7667667668e-01 | 3.1957336908e-07 | 5.2190222968e+03 |
| 6.7767767768e-01 | 3.1946555660e-07 | 5.2153151636e+03 |
| 6.7867867868e-01 | 3.1935820799e-07 | 5.2115699190e+03 |
| 6.7967967968e-01 | 3.1925132427e-07 | 5.2077868368e+03 |
| 6.8068068068e-01 | 3.1914490642e-07 | 5.2039661935e+03 |
| 6.8168168168e-01 | 3.1903895540e-07 | 5.2001082676e+03 |
| 6.8268268268e-01 | 3.1893347216e-07 | 5.1962133398e+03 |
| 6.8368368368e-01 | 3.1882845763e-07 | 5.1922816933e+03 |
| 6.8468468468e-01 | 3.1872391268e-07 | 5.1883136134e+03 |
| 6.8568568569e-01 | 3.1861983822e-07 | 5.1843093874e+03 |
| 6.8668668669e-01 | 3.1851623508e-07 | 5.1802693050e+03 |
| 6.8768768769e-01 | 3.1841310410e-07 | 5.1761936580e+03 |
| 6.8868868869e-01 | 3.1831044609e-07 | 5.1720827402e+03 |
| 6.8968968969e-01 | 3.1820826183e-07 | 5.1679368475e+03 |
| 6.9069069069e-01 | 3.1810655210e-07 | 5.1637562780e+03 |
| 6.9169169169e-01 | 3.1800531763e-07 | 5.1595413318e+03 |
| 6.9269269269e-01 | 3.1790455914e-07 | 5.1552923107e+03 |
| 6.9369369369e-01 | 3.1780427733e-07 | 5.1510095189e+03 |
| 6.9469469469e-01 | 3.1770447288e-07 | 5.1466932624e+03 |
| 6.9569569570e-01 | 3.1760514644e-07 | 5.1423438491e+03 |
| 6.9669669670e-01 | 3.1750629863e-07 | 5.1379615887e+03 |
| 6.9769769770e-01 | 3.1740793007e-07 | 5.1335467929e+03 |
| 6.9869869870e-01 | 3.1731004135e-07 | 5.1290997753e+03 |
| 6.9969969970e-01 | 3.1721263301e-07 | 5.1246208511e+03 |
| 7.0070070070e-01 | 3.1711570561e-07 | 5.1201103374e+03 |
| 7.0170170170e-01 | 3.1701925966e-07 | 5.1155685530e+03 |
| 7.0270270270e-01 | 3.1692329566e-07 | 5.1109958185e+03 |
| 7.0370370370e-01 | 3.1682781408e-07 | 5.1063924561e+03 |
| 7.0470470470e-01 | 3.1673281536e-07 | 5.1017587897e+03 |
| 7.0570570571e-01 | 3.1663829995e-07 | 5.0970951447e+03 |
| 7.0670670671e-01 | 3.1654426823e-07 | 5.0924018483e+03 |
| 7.0770770771e-01 | 3.1645072060e-07 | 5.0876792291e+03 |
| 7.0870870871e-01 | 3.1635765737e-07 | 5.0829276181e+03 |
| 7.0970970971e-01 | 3.1626507890e-07 | 5.0781473468e+03 |
| 7.1071071071e-01 | 3.1617298550e-07 | 5.0733387483e+03 |
| 7.1171171171e-01 | 3.1608137745e-07 | 5.0685021571e+03 |
| 7.1271271271e-01 | 3.1599025504e-07 | 5.0636379088e+03 |
| 7.1371371371e-01 | 3.1589961850e-07 | 5.0587463409e+03 |
| 7.1471471471e-01 | 3.1580946807e-07 | 5.0538277916e+03 |
| 7.1571571572e-01 | 3.1571980394e-07 | 5.0488826007e+03 |
| 7.1671671672e-01 | 3.1563062631e-07 | 5.0439111092e+03 |
| 7.1771771772e-01 | 3.1554193533e-07 | 5.0389136593e+03 |
| 7.1871871872e-01 | 3.1545373113e-07 | 5.0338905942e+03 |
| 7.1971971972e-01 | 3.1536601384e-07 | 5.0288422584e+03 |
| 7.2072072072e-01 | 3.1527878354e-07 | 5.0237689974e+03 |
| 7.2172172172e-01 | 3.1519204031e-07 | 5.0186711577e+03 |
| 7.2272272272e-01 | 3.1510578419e-07 | 5.0135490868e+03 |
| 7.2372372372e-01 | 3.1502001522e-07 | 5.0084031332e+03 |
| 7.2472472472e-01 | 3.1493473340e-07 | 5.0032336464e+03 |
| 7.2572572573e-01 | 3.1484993871e-07 | 4.9980409765e+03 |
| 7.2672672673e-01 | 3.1476563112e-07 | 4.9928254748e+03 |
| 7.2772772773e-01 | 3.1468181056e-07 | 4.9875874930e+03 |
| 7.2872872873e-01 | 3.1459847696e-07 | 4.9823273839e+03 |
| 7.2972972973e-01 | 3.1451563020e-07 | 4.9770455008e+03 |
| 7.3073073073e-01 | 3.1443327017e-07 | 4.9717421978e+03 |
| 7.3173173173e-01 | 3.1435139672e-07 | 4.9664178294e+03 |
| 7.3273273273e-01 | 3.1427000968e-07 | 4.9610727509e+03 |
| 7.3373373373e-01 | 3.1418910886e-07 | 4.9557073180e+03 |
| 7.3473473473e-01 | 3.1410869406e-07 | 4.9503218871e+03 |
| 7.3573573574e-01 | 3.1402876504e-07 | 4.9449168148e+03 |
| 7.3673673674e-01 | 3.1394932155e-07 | 4.9394924582e+03 |
| 7.3773773774e-01 | 3.1387036331e-07 | 4.9340491748e+03 |
| 7.3873873874e-01 | 3.1379189004e-07 | 4.9285873224e+03 |
| 7.3973973974e-01 | 3.1371390142e-07 | 4.9231072589e+03 |
| 7.4074074074e-01 | 3.1363639710e-07 | 4.9176093427e+03 |
| 7.4174174174e-01 | 3.1355937674e-07 | 4.9120939322e+03 |
| 7.4274274274e-01 | 3.1348283996e-07 | 4.9065613860e+03 |
| 7.4374374374e-01 | 3.1340678636e-07 | 4.9010120627e+03 |
| 7.4474474474e-01 | 3.1333121552e-07 | 4.8954463210e+03 |
| 7.4574574575e-01 | 3.1325612701e-07 | 4.8898645196e+03 |
| 7.4674674675e-01 | 3.1318152036e-07 | 4.8842670172e+03 |
| 7.4774774775e-01 | 3.1310739509e-07 | 4.8786541723e+03 |
| 7.4874874875e-01 | 3.1303375071e-07 | 4.8730263432e+03 |
| 7.4974974975e-01 | 3.1296058671e-07 | 4.8673838881e+03 |
| 7.5075075075e-01 | 3.1288790253e-07 | 4.8617271651e+03 |
| 7.5175175175e-01 | 3.1281569762e-07 | 4.8560565316e+03 |
| 7.5275275275e-01 | 3.1274397141e-07 | 4.8503723451e+03 |
| 7.5375375375e-01 | 3.1267272330e-07 | 4.8446749624e+03 |
| 7.5475475475e-01 | 3.1260195267e-07 | 4.8389647400e+03 |
| 7.5575575576e-01 | 3.1253165888e-07 | 4.8332420340e+03 |
| 7.5675675676e-01 | 3.1246184128e-07 | 4.8275071997e+03 |
| 7.5775775776e-01 | 3.1239249920e-07 | 4.8217605921e+03 |
| 7.5875875876e-01 | 3.1232363193e-07 | 4.8160025654e+03 |
| 7.5975975976e-01 | 3.1225523878e-07 | 4.8102334731e+03 |
| 7.6076076076e-01 | 3.1218731900e-07 | 4.8044536682e+03 |
| 7.6176176176e-01 | 3.1211987186e-07 | 4.7986635026e+03 |
| 7.6276276276e-01 | 3.1205289657e-07 | 4.7928633276e+03 |
| 7.6376376376e-01 | 3.1198639236e-07 | 4.7870534936e+03 |
| 7.6476476476e-01 | 3.1192035842e-07 | 4.7812343501e+03 |
| 7.6576576577e-01 | 3.1185479393e-07 | 4.7754062454e+03 |
| 7.6676676677e-01 | 3.1178969804e-07 | 4.7695695271e+03 |
| 7.6776776777e-01 | 3.1172506990e-07 | 4.7637245414e+03 |
| 7.6876876877e-01 | 3.1166090863e-07 | 4.7578716338e+03 |
| 7.6976976977e-01 | 3.1159721334e-07 | 4.7520111482e+03 |
| 7.7077077077e-01 | 3.1153398312e-07 | 4.7461434276e+03 |
| 7.7177177177e-01 | 3.1147121703e-07 | 4.7402688135e+03 |
| 7.7277277277e-01 | 3.1140891413e-07 | 4.7343876464e+03 |
| 7.7377377377e-01 | 3.1134707346e-07 | 4.7285002650e+03 |
| 7.7477477477e-01 | 3.1128569404e-07 | 4.7226070070e+03 |
| 7.7577577578e-01 | 3.1122477487e-07 | 4.7167082084e+03 |
| 7.7677677678e-01 | 3.1116431493e-07 | 4.7108042039e+03 |
| 7.7777777778e-01 | 3.1110431320e-07 | 4.7048953263e+03 |
| 7.7877877878e-01 | 3.1104476863e-07 | 4.6989819073e+03 |
| 7.7977977978e-01 | 3.1098568015e-07 | 4.6930642764e+03 |
| 7.8078078078e-01 | 3.1092704669e-07 | 4.6871427619e+03 |
| 7.8178178178e-01 | 3.1086886715e-07 | 4.6812176900e+03 |
| 7.8278278278e-01 | 3.1081114043e-07 | 4.6752893854e+03 |
| 7.8378378378e-01 | 3.1075386547e-07 | 4.6693581706e+03 |
| 7.8478478478e-01 | 3.1069704118e-07 | 4.6634243666e+03 |
| 7.8578578579e-01 | 3.1064066639e-07 | 4.6574882923e+03 |
| 7.8678678679e-01 | 3.1058473993e-07 | 4.6515502648e+03 |
| 7.8778778779e-01 | 3.1052926061e-07 | 4.6456105991e+03 |
| 7.8878878879e-01 | 3.1047422722e-07 | 4.6396696082e+03 |
| 7.8978978979e-01 | 3.1041963854e-07 | 4.6337276027e+03 |
| 7.9079079079e-01 | 3.1036549335e-07 | 4.6277848916e+03 |
| 7.9179179179e-01 | 3.1031179038e-07 | 4.6218417811e+03 |
| 7.9279279279e-01 | 3.1025852837e-07 | 4.6158985757e+03 |
| 7.9379379379e-01 | 3.1020570605e-07 | 4.6099555772e+03 |
| 7.9479479479e-01 | 3.1015332213e-07 | 4.6040130853e+03 |
| 7.9579579580e-01 | 3.1010137529e-07 | 4.5980713974e+03 |
| 7.9679679680e-01 | 3.1004986422e-07 | 4.5921308082e+03 |
| 7.9779779780e-01 | 3.0999878757e-07 | 4.5861916102e+03 |
| 7.9879879880e-01 | 3.0994814401e-07 | 4.5802540934e+03 |
| 7.9979979980e-01 | 3.0989793217e-07 | 4.5743185452e+03 |
| 8.0080080080e-01 | 3.0984815068e-07 | 4.5683852505e+03 |
| 8.0180180180e-01 | 3.0979879814e-07 | 4.5624544914e+03 |
| 8.0280280280e-01 | 3.0974987315e-07 | 4.5565265476e+03 |
| 8.0380380380e-01 | 3.0970137431e-07 | 4.5506016961e+03 |
| 8.0480480480e-01 | 3.0965330017e-07 | 4.5446802110e+03 |
| 8.0580580581e-01 | 3.0960564931e-07 | 4.5387623637e+03 |
| 8.0680680681e-01 | 3.0955842027e-07 | 4.5328484230e+03 |
| 8.0780780781e-01 | 3.0951161159e-07 | 4.5269386547e+03 |
| 8.0880880881e-01 | 3.0946522178e-07 | 4.5210333218e+03 |
| 8.0980980981e-01 | 3.0941924936e-07 | 4.5151326842e+03 |
| 8.1081081081e-01 | 3.0937369282e-07 | 4.5092369993e+03 |
| 8.1181181181e-01 | 3.0932855066e-07 | 4.5033465212e+03 |
| 8.1281281281e-01 | 3.0928382135e-07 | 4.4974615011e+03 |
| 8.1381381381e-01 | 3.0923950334e-07 | 4.4915821871e+03 |
| 8.1481481481e-01 | 3.0919559510e-07 | 4.4857088245e+03 |
| 8.1581581582e-01 | 3.0915209506e-07 | 4.4798416552e+03 |
| 8.1681681682e-01 | 3.0910900166e-07 | 4.4739809183e+03 |
| 8.1781781782e-01 | 3.0906631331e-07 | 4.4681268494e+03 |
| 8.1881881882e-01 | 3.0902402841e-07 | 4.4622796813e+03 |
| 8.1981981982e-01 | 3.0898214537e-07 | 4.4564396434e+03 |
| 8.2082082082e-01 | 3.0894066258e-07 | 4.4506069619e+03 |
| 8.2182182182e-01 | 3.0889957840e-07 | 4.4447818599e+03 |
| 8.2282282282e-01 | 3.0885889120e-07 | 4.4389645570e+03 |
| 8.2382382382e-01 | 3.0881859935e-07 | 4.4331552697e+03 |
| 8.2482482482e-01 | 3.0877870117e-07 | 4.4273542112e+03 |
| 8.2582582583e-01 | 3.0873919502e-07 | 4.4215615912e+03 |
| 8.2682682683e-01 | 3.0870007920e-07 | 4.4157776162e+03 |
| 8.2782782783e-01 | 3.0866135205e-07 | 4.4100024893e+03 |
| 8.2882882883e-01 | 3.0862301186e-07 | 4.4042364102e+03 |
| 8.2982982983e-01 | 3.0858505694e-07 | 4.3984795752e+03 |
| 8.3083083083e-01 | 3.0854748556e-07 | 4.3927321771e+03 |
| 8.3183183183e-01 | 3.0851029601e-07 | 4.3869944056e+03 |
| 8.3283283283e-01 | 3.0847348656e-07 | 4.3812664464e+03 |
| 8.3383383383e-01 | 3.0843705547e-07 | 4.3755484823e+03 |
| 8.3483483483e-01 | 3.0840100098e-07 | 4.3698406922e+03 |
| 8.3583583584e-01 | 3.0836532134e-07 | 4.3641432518e+03 |
| 8.3683683684e-01 | 3.0833001479e-07 | 4.3584563331e+03 |
| 8.3783783784e-01 | 3.0829507955e-07 | 4.3527801048e+03 |
| 8.3883883884e-01 | 3.0826051384e-07 | 4.3471147320e+03 |
| 8.3983983984e-01 | 3.0822631587e-07 | 4.3414603761e+03 |
| 8.4084084084e-01 | 3.0819248384e-07 | 4.3358171953e+03 |
| 8.4184184184e-01 | 3.0815901597e-07 | 4.3301853445e+03 |
| 8.4284284284e-01 | 3.0812591048e-07 | 4.3245649752e+03 |
| 8.4384384384e-01 | 3.0809316555e-07 | 4.3189562348e+03 |
| 8.4484484484e-01 | 3.0806077934e-07 | 4.3133592674e+03 |
| 8.4584584585e-01 | 3.0802875003e-07 | 4.3077742133e+03 |
| 8.4684684685e-01 | 3.0799707577e-07 | 4.3022012093e+03 |
| 8.4784784785e-01 | 3.0796575469e-07 | 4.2966403889e+03 |
| 8.4884884885e-01 | 3.0793478495e-07 | 4.2910918818e+03 |
| 8.4984984985e-01 | 3.0790416467e-07 | 4.2855558143e+03 |
| 8.5085085085e-01 | 3.0787389198e-07 | 4.2800323091e+03 |
| 8.5185185185e-01 | 3.0784396501e-07 | 4.2745214856e+03 |
| 8.5285285285e-01 | 3.0781438186e-07 | 4.2690234595e+03 |
| 8.5385385385e-01 | 3.0778514063e-07 | 4.2635383430e+03 |
| 8.5485485485e-01 | 3.0775623944e-07 | 4.2580662449e+03 |
| 8.5585585586e-01 | 3.0772767637e-07 | 4.2526072705e+03 |
| 8.5685685686e-01 | 3.0769944952e-07 | 4.2471615217e+03 |
| 8.5785785786e-01 | 3.0767155695e-07 | 4.2417290967e+03 |
| 8.5885885886e-01 | 3.0764399675e-07 | 4.2363100906e+03 |
| 8.5985985986e-01 | 3.0761676699e-07 | 4.2309045948e+03 |
| 8.6086086086e-01 | 3.0758986572e-07 | 4.2255126976e+03 |
| 8.6186186186e-01 | 3.0756329102e-07 | 4.2201344836e+03 |
| 8.6286286286e-01 | 3.0753704092e-07 | 4.2147700341e+03 |
| 8.6386386386e-01 | 3.0751111348e-07 | 4.2094194274e+03 |
| 8.6486486486e-01 | 3.0748550673e-07 | 4.2040827379e+03 |
| 8.6586586587e-01 | 3.0746021872e-07 | 4.1987600372e+03 |
| 8.6686686687e-01 | 3.0743524747e-07 | 4.1934513932e+03 |
| 8.6786786787e-01 | 3.0741059101e-07 | 4.1881568710e+03 |
| 8.6886886887e-01 | 3.0738624736e-07 | 4.1828765321e+03 |
| 8.6986986987e-01 | 3.0736221453e-07 | 4.1776104348e+03 |
| 8.7087087087e-01 | 3.0733849055e-07 | 4.1723586345e+03 |
| 8.7187187187e-01 | 3.0731507340e-07 | 4.1671211832e+03 |
| 8.7287287287e-01 | 3.0729196110e-07 | 4.1618981299e+03 |
| 8.7387387387e-01 | 3.0726915164e-07 | 4.1566895203e+03 |
| 8.7487487487e-01 | 3.0724664302e-07 | 4.1514953975e+03 |
| 8.7587587588e-01 | 3.0722443321e-07 | 4.1463158010e+03 |
| 8.7687687688e-01 | 3.0720252022e-07 | 4.1411507676e+03 |
| 8.7787787788e-01 | 3.0718090201e-07 | 4.1360003312e+03 |
| 8.7887887888e-01 | 3.0715957657e-07 | 4.1308645227e+03 |
| 8.7987987988e-01 | 3.0713854186e-07 | 4.1257433699e+03 |
| 8.8088088088e-01 | 3.0711779586e-07 | 4.1206368980e+03 |
| 8.8188188188e-01 | 3.0709733652e-07 | 4.1155451294e+03 |
| 8.8288288288e-01 | 3.0707716181e-07 | 4.1104680834e+03 |
| 8.8388388388e-01 | 3.0705726970e-07 | 4.1054057769e+03 |
| 8.8488488488e-01 | 3.0703765812e-07 | 4.1003582239e+03 |
| 8.8588588589e-01 | 3.0701832503e-07 | 4.0953254358e+03 |
| 8.8688688689e-01 | 3.0699926839e-07 | 4.0903074213e+03 |
| 8.8788788789e-01 | 3.0698048612e-07 | 4.0853041866e+03 |
| 8.8888888889e-01 | 3.0696197619e-07 | 4.0803157352e+03 |
| 8.8988988989e-01 | 3.0694373646e-07 | 4.0753420674e+03 |
| 8.9089089089e-01 | 3.0692576479e-07 | 4.0703831794e+03 |
| 8.9189189189e-01 | 3.0690805909e-07 | 4.0654390675e+03 |
| 8.9289289289e-01 | 3.0689061730e-07 | 4.0605097256e+03 |
| 8.9389389389e-01 | 3.0687343736e-07 | 4.0555951452e+03 |
| 8.9489489489e-01 | 3.0685651718e-07 | 4.0506953155e+03 |
| 8.9589589590e-01 | 3.0683985469e-07 | 4.0458102236e+03 |
| 8.9689689690e-01 | 3.0682344783e-07 | 4.0409398544e+03 |
| 8.9789789790e-01 | 3.0680729450e-07 | 4.0360841906e+03 |
| 8.9889889890e-01 | 3.0679139262e-07 | 4.0312432126e+03 |
| 8.9989989990e-01 | 3.0677574013e-07 | 4.0264168990e+03 |
| 9.0090090090e-01 | 3.0676033492e-07 | 4.0216052264e+03 |
| 9.0190190190e-01 | 3.0674517492e-07 | 4.0168081692e+03 |
| 9.0290290290e-01 | 3.0673025803e-07 | 4.0120257001e+03 |
| 9.0390390390e-01 | 3.0671558216e-07 | 4.0072577898e+03 |
| 9.0490490490e-01 | 3.0670114522e-07 | 4.0025044073e+03 |
| 9.0590590591e-01 | 3.0668694513e-07 | 3.9977655195e+03 |
| 9.0690690691e-01 | 3.0667297977e-07 | 3.9930410921e+03 |
| 9.0790790791e-01 | 3.0665924707e-07 | 3.9883310885e+03 |
| 9.0890890891e-01 | 3.0664574492e-07 | 3.9836354710e+03 |
| 9.0990990991e-01 | 3.0663247122e-07 | 3.9789542000e+03 |
| 9.1091091091e-01 | 3.0661942387e-07 | 3.9742872345e+03 |
| 9.1191191191e-01 | 3.0660660078e-07 | 3.9696345317e+03 |
| 9.1291291291e-01 | 3.0659399984e-07 | 3.9649960478e+03 |
| 9.1391391391e-01 | 3.0658161895e-07 | 3.9603717372e+03 |
| 9.1491491491e-01 | 3.0656945601e-07 | 3.9557615532e+03 |
| 9.1591591592e-01 | 3.0655750892e-07 | 3.9511654476e+03 |
| 9.1691691692e-01 | 3.0654577558e-07 | 3.9465833711e+03 |
| 9.1791791792e-01 | 3.0653425387e-07 | 3.9420152729e+03 |
| 9.1891891892e-01 | 3.0652294171e-07 | 3.9374611014e+03 |
| 9.1991991992e-01 | 3.0651183698e-07 | 3.9329208035e+03 |
| 9.2092092092e-01 | 3.0650093759e-07 | 3.9283943251e+03 |
| 9.2192192192e-01 | 3.0649024143e-07 | 3.9238816112e+03 |
| 9.2292292292e-01 | 3.0647974640e-07 | 3.9193826057e+03 |
| 9.2392392392e-01 | 3.0646945039e-07 | 3.9148972515e+03 |
| 9.2492492492e-01 | 3.0645935132e-07 | 3.9104254904e+03 |
| 9.2592592593e-01 | 3.0644944707e-07 | 3.9059672637e+03 |
| 9.2692692693e-01 | 3.0643973555e-07 | 3.9015225116e+03 |
| 9.2792792793e-01 | 3.0643021465e-07 | 3.8970911734e+03 |
| 9.2892892893e-01 | 3.0642088229e-07 | 3.8926731879e+03 |
| 9.2992992993e-01 | 3.0641173636e-07 | 3.8882684929e+03 |
| 9.3093093093e-01 | 3.0640277477e-07 | 3.8838770257e+03 |
| 9.3193193193e-01 | 3.0639399544e-07 | 3.8794987231e+03 |
| 9.3293293293e-01 | 3.0638539629e-07 | 3.8751335212e+03 |
| 9.3393393393e-01 | 3.0637697520e-07 | 3.8707813552e+03 |
| 9.3493493493e-01 | 3.0636873011e-07 | 3.8664421599e+03 |
| 9.3593593594e-01 | 3.0636065892e-07 | 3.8621158697e+03 |
| 9.3693693694e-01 | 3.0635275955e-07 | 3.8578024182e+03 |
| 9.3793793794e-01 | 3.0634502992e-07 | 3.8535017389e+03 |
| 9.3893893894e-01 | 3.0633746795e-07 | 3.8492137645e+03 |
| 9.3993993994e-01 | 3.0633007155e-07 | 3.8449384277e+03 |
| 9.4094094094e-01 | 3.0632283866e-07 | 3.8406756604e+03 |
| 9.4194194194e-01 | 3.0631576721e-07 | 3.8364253946e+03 |
| 9.4294294294e-01 | 3.0630885512e-07 | 3.8321875618e+03 |
| 9.4394394394e-01 | 3.0630210033e-07 | 3.8279620930e+03 |
| 9.4494494494e-01 | 3.0629550078e-07 | 3.8237489193e+03 |
| 9.4594594595e-01 | 3.0628905441e-07 | 3.8195479714e+03 |
| 9.4694694695e-01 | 3.0628275917e-07 | 3.8153591797e+03 |
| 9.4794794795e-01 | 3.0627661300e-07 | 3.8111824747e+03 |
| 9.4894894895e-01 | 3.0627061386e-07 | 3.8070177864e+03 |
| 9.4994994995e-01 | 3.0626475970e-07 | 3.8028650449e+03 |
| 9.5095095095e-01 | 3.0625904849e-07 | 3.7987241802e+03 |
| 9.5195195195e-01 | 3.0625347819e-07 | 3.7945951219e+03 |
| 9.5295295295e-01 | 3.0624804677e-07 | 3.7904777998e+03 |
| 9.5395395395e-01 | 3.0624275221e-07 | 3.7863721437e+03 |
| 9.5495495495e-01 | 3.0623759249e-07 | 3.7822780831e+03 |
| 9.5595595596e-01 | 3.0623256559e-07 | 3.7781955476e+03 |
| 9.5695695696e-01 | 3.0622766950e-07 | 3.7741244669e+03 |
| 9.5795795796e-01 | 3.0622290222e-07 | 3.7700647706e+03 |
| 9.5895895896e-01 | 3.0621826175e-07 | 3.7660163883e+03 |
| 9.5995995996e-01 | 3.0621374611e-07 | 3.7619792496e+03 |
| 9.6096096096e-01 | 3.0620935330e-07 | 3.7579532844e+03 |
| 9.6196196196e-01 | 3.0620508134e-07 | 3.7539384225e+03 |
| 9.6296296296e-01 | 3.0620092826e-07 | 3.7499345936e+03 |
| 9.6396396396e-01 | 3.0619689209e-07 | 3.7459417279e+03 |
| 9.6496496496e-01 | 3.0619297088e-07 | 3.7419597554e+03 |
| 9.6596596597e-01 | 3.0618916267e-07 | 3.7379886063e+03 |
| 9.6696696697e-01 | 3.0618546551e-07 | 3.7340282109e+03 |
| 9.6796796797e-01 | 3.0618187748e-07 | 3.7300785001e+03 |
| 9.6896896897e-01 | 3.0617839668e-07 | 3.7261394050e+03 |
| 9.6996996997e-01 | 3.0617502118e-07 | 3.7222108564e+03 |
| 9.7097097097e-01 | 3.0617174905e-07 | 3.7182927853e+03 |
| 9.7197197197e-01 | 3.0616857841e-07 | 3.7143851227e+03 |
| 9.7297297297e-01 | 3.0616550734e-07 | 3.7104878000e+03 |
| 9.7397397397e-01 | 3.0616253395e-07 | 3.7066007486e+03 |
| 9.7497497497e-01 | 3.0615965637e-07 | 3.7027239003e+03 |
| 9.7597597598e-01 | 3.0615687272e-07 | 3.6988571870e+03 |
| 9.7697697698e-01 | 3.0615418115e-07 | 3.6950005408e+03 |
| 9.7797797798e-01 | 3.0615157979e-07 | 3.6911538941e+03 |
| 9.7897897898e-01 | 3.0614906680e-07 | 3.6873171796e+03 |
| 9.7997997998e-01 | 3.0614664036e-07 | 3.6834903301e+03 |
| 9.8098098098e-01 | 3.0614429864e-07 | 3.6796732787e+03 |
| 9.8198198198e-01 | 3.0614203982e-07 | 3.6758659589e+03 |
| 9.8298298298e-01 | 3.0613986211e-07 | 3.6720683044e+03 |
| 9.8398398398e-01 | 3.0613776372e-07 | 3.6682802490e+03 |
| 9.8498498498e-01 | 3.0613574288e-07 | 3.6645017270e+03 |
| 9.8598598599e-01 | 3.0613379780e-07 | 3.6607326730e+03 |
| 9.8698698699e-01 | 3.0613192675e-07 | 3.6569730218e+03 |
| 9.8798798799e-01 | 3.0613012797e-07 | 3.6532227086e+03 |
| 9.8898898899e-01 | 3.0612839974e-07 | 3.6494816687e+03 |
| 9.8998998999e-01 | 3.0612674035e-07 | 3.6457498381e+03 |
| 9.9099099099e-01 | 3.0612514808e-07 | 3.6420271527e+03 |
| 9.9199199199e-01 | 3.0612362125e-07 | 3.6383135492e+03 |
| 9.9299299299e-01 | 3.0612215818e-07 | 3.6346089643e+03 |
| 9.9399399399e-01 | 3.0612075721e-07 | 3.6309133352e+03 |
| 9.9499499499e-01 | 3.0611941669e-07 | 3.6272265994e+03 |
| 9.9599599600e-01 | 3.0611813498e-07 | 3.6235486948e+03 |
| 9.9699699700e-01 | 3.0611691047e-07 | 3.6198795598e+03 |
| 9.9799799800e-01 | 3.0611574155e-07 | 3.6162191329e+03 |
| 9.9899899900e-01 | 3.0611462663e-07 | 3.6125673534e+03 |
| 1.0000000000e+00 | 3.0611356414e-07 | 3.6089241606e+03 |
