| z | u | f |
| 0.000000e+00 | 3.920682e-07 | 0.000000e+00 |
| 5.025126e-03 | 3.920630e-07 | 5.866998e+01 |
| 1.005025e-02 | 3.920471e-07 | 1.173404e+02 |
| 1.507538e-02 | 3.920207e-07 | 1.760116e+02 |
| 2.010050e-02 | 3.919836e-07 | 2.346841e+02 |
| 2.512563e-02 | 3.919360e-07 | 2.933582e+02 |
| 3.015075e-02 | 3.918779e-07 | 3.520342e+02 |
| 3.517588e-02 | 3.918091e-07 | 4.107124e+02 |
| 4.020101e-02 | 3.917298e-07 | 4.693930e+02 |
| 4.522613e-02 | 3.916399e-07 | 5.280762e+02 |
| 5.025126e-02 | 3.915394e-07 | 5.867619e+02 |
| 5.527638e-02 | 3.914283e-07 | 6.454502e+02 |
| 6.030151e-02 | 3.913067e-07 | 7.041409e+02 |
| 6.532663e-02 | 3.911744e-07 | 7.628337e+02 |
| 7.035176e-02 | 3.910316e-07 | 8.215282e+02 |
| 7.537688e-02 | 3.908783e-07 | 8.802240e+02 |
| 8.040201e-02 | 3.907143e-07 | 9.389203e+02 |
| 8.542714e-02 | 3.905398e-07 | 9.976164e+02 |
| 9.045226e-02 | 3.903546e-07 | 1.056311e+03 |
| 9.547739e-02 | 3.901590e-07 | 1.115004e+03 |
| 1.005025e-01 | 3.899527e-07 | 1.173692e+03 |
| 1.055276e-01 | 3.897359e-07 | 1.232375e+03 |
| 1.105528e-01 | 3.895085e-07 | 1.291051e+03 |
| 1.155779e-01 | 3.892706e-07 | 1.349718e+03 |
| 1.206030e-01 | 3.890221e-07 | 1.408374e+03 |
| 1.256281e-01 | 3.887630e-07 | 1.467016e+03 |
| 1.306533e-01 | 3.884935e-07 | 1.525642e+03 |
| 1.356784e-01 | 3.882133e-07 | 1.584248e+03 |
| 1.407035e-01 | 3.879227e-07 | 1.642831e+03 |
| 1.457286e-01 | 3.876216e-07 | 1.701389e+03 |
| 1.507538e-01 | 3.873099e-07 | 1.759916e+03 |
| 1.557789e-01 | 3.869878e-07 | 1.818409e+03 |
| 1.608040e-01 | 3.866552e-07 | 1.876864e+03 |
| 1.658291e-01 | 3.863122e-07 | 1.935276e+03 |
| 1.708543e-01 | 3.859587e-07 | 1.993639e+03 |
| 1.758794e-01 | 3.855949e-07 | 2.051949e+03 |
| 1.809045e-01 | 3.852206e-07 | 2.110200e+03 |
| 1.859296e-01 | 3.848360e-07 | 2.168385e+03 |
| 1.909548e-01 | 3.844411e-07 | 2.226498e+03 |
| 1.959799e-01 | 3.840358e-07 | 2.284533e+03 |
| 2.010050e-01 | 3.836203e-07 | 2.342482e+03 |
| 2.060302e-01 | 3.831945e-07 | 2.400337e+03 |
| 2.110553e-01 | 3.827586e-07 | 2.458091e+03 |
| 2.160804e-01 | 3.823125e-07 | 2.515735e+03 |
| 2.211055e-01 | 3.818563e-07 | 2.573260e+03 |
| 2.261307e-01 | 3.813900e-07 | 2.630658e+03 |
| 2.311558e-01 | 3.809138e-07 | 2.687918e+03 |
| 2.361809e-01 | 3.804275e-07 | 2.745030e+03 |
| 2.412060e-01 | 3.799314e-07 | 2.801984e+03 |
| 2.462312e-01 | 3.794255e-07 | 2.858770e+03 |
| 2.512563e-01 | 3.789098e-07 | 2.915375e+03 |
| 2.562814e-01 | 3.783844e-07 | 2.971788e+03 |
| 2.613065e-01 | 3.778494e-07 | 3.027996e+03 |
| 2.663317e-01 | 3.773048e-07 | 3.083987e+03 |
| 2.713568e-01 | 3.767508e-07 | 3.139748e+03 |
| 2.763819e-01 | 3.761875e-07 | 3.195265e+03 |
| 2.814070e-01 | 3.756149e-07 | 3.250524e+03 |
| 2.864322e-01 | 3.750331e-07 | 3.305510e+03 |
| 2.914573e-01 | 3.744422e-07 | 3.360209e+03 |
| 2.964824e-01 | 3.738424e-07 | 3.414604e+03 |
| 3.015075e-01 | 3.732338e-07 | 3.468680e+03 |
| 3.065327e-01 | 3.726165e-07 | 3.522421e+03 |
| 3.115578e-01 | 3.719906e-07 | 3.575810e+03 |
| 3.165829e-01 | 3.713562e-07 | 3.628829e+03 |
| 3.216080e-01 | 3.707135e-07 | 3.681461e+03 |
| 3.266332e-01 | 3.700627e-07 | 3.733688e+03 |
| 3.316583e-01 | 3.694038e-07 | 3.785491e+03 |
| 3.366834e-01 | 3.687371e-07 | 3.836851e+03 |
| 3.417085e-01 | 3.680627e-07 | 3.887749e+03 |
| 3.467337e-01 | 3.673808e-07 | 3.938166e+03 |
| 3.517588e-01 | 3.666916e-07 | 3.988080e+03 |
| 3.567839e-01 | 3.659952e-07 | 4.037472e+03 |
| 3.618090e-01 | 3.652918e-07 | 4.086321e+03 |
| 3.668342e-01 | 3.645817e-07 | 4.134606e+03 |
| 3.718593e-01 | 3.638650e-07 | 4.182305e+03 |
| 3.768844e-01 | 3.631420e-07 | 4.229396e+03 |
| 3.819095e-01 | 3.624128e-07 | 4.275858e+03 |
| 3.869347e-01 | 3.616778e-07 | 4.321669e+03 |
| 3.919598e-01 | 3.609370e-07 | 4.366805e+03 |
| 3.969849e-01 | 3.601909e-07 | 4.411244e+03 |
| 4.020101e-01 | 3.594396e-07 | 4.454964e+03 |
| 4.070352e-01 | 3.586833e-07 | 4.497941e+03 |
| 4.120603e-01 | 3.579224e-07 | 4.540152e+03 |
| 4.170854e-01 | 3.571571e-07 | 4.581575e+03 |
| 4.221106e-01 | 3.563877e-07 | 4.622185e+03 |
| 4.271357e-01 | 3.556145e-07 | 4.661961e+03 |
| 4.321608e-01 | 3.548377e-07 | 4.700877e+03 |
| 4.371859e-01 | 3.540577e-07 | 4.738912e+03 |
| 4.422111e-01 | 3.532747e-07 | 4.776042e+03 |
| 4.472362e-01 | 3.524890e-07 | 4.812245e+03 |
| 4.522613e-01 | 3.517010e-07 | 4.847498e+03 |
| 4.572864e-01 | 3.509110e-07 | 4.881777e+03 |
| 4.623116e-01 | 3.501194e-07 | 4.915062e+03 |
| 4.673367e-01 | 3.493263e-07 | 4.947330e+03 |
| 4.723618e-01 | 3.485322e-07 | 4.978559e+03 |
| 4.773869e-01 | 3.477375e-07 | 5.008729e+03 |
| 4.824121e-01 | 3.469423e-07 | 5.037818e+03 |
| 4.874372e-01 | 3.461472e-07 | 5.065807e+03 |
| 4.924623e-01 | 3.453524e-07 | 5.092677e+03 |
| 4.974874e-01 | 3.445584e-07 | 5.118407e+03 |
| 5.025126e-01 | 3.437653e-07 | 5.142981e+03 |
| 5.075377e-01 | 3.429737e-07 | 5.166380e+03 |
| 5.125628e-01 | 3.421839e-07 | 5.188587e+03 |
| 5.175879e-01 | 3.413962e-07 | 5.209587e+03 |
| 5.226131e-01 | 3.406111e-07 | 5.229365e+03 |
| 5.276382e-01 | 3.398287e-07 | 5.247906e+03 |
| 5.326633e-01 | 3.390497e-07 | 5.265198e+03 |
| 5.376884e-01 | 3.382742e-07 | 5.281229e+03 |
| 5.427136e-01 | 3.375027e-07 | 5.295987e+03 |
| 5.477387e-01 | 3.367355e-07 | 5.309463e+03 |
| 5.527638e-01 | 3.359730e-07 | 5.321649e+03 |
| 5.577889e-01 | 3.352155e-07 | 5.332537e+03 |
| 5.628141e-01 | 3.344634e-07 | 5.342122e+03 |
| 5.678392e-01 | 3.337171e-07 | 5.350398e+03 |
| 5.728643e-01 | 3.329769e-07 | 5.357364e+03 |
| 5.778894e-01 | 3.322432e-07 | 5.363017e+03 |
| 5.829146e-01 | 3.315162e-07 | 5.367358e+03 |
| 5.879397e-01 | 3.307963e-07 | 5.370388e+03 |
| 5.929648e-01 | 3.300839e-07 | 5.372109e+03 |
| 5.979899e-01 | 3.293793e-07 | 5.372528e+03 |
| 6.030151e-01 | 3.286827e-07 | 5.371650e+03 |
| 6.080402e-01 | 3.279946e-07 | 5.369484e+03 |
| 6.130653e-01 | 3.273151e-07 | 5.366039e+03 |
| 6.180905e-01 | 3.266446e-07 | 5.361328e+03 |
| 6.231156e-01 | 3.259833e-07 | 5.355363e+03 |
| 6.281407e-01 | 3.253315e-07 | 5.348160e+03 |
| 6.331658e-01 | 3.246896e-07 | 5.339736e+03 |
| 6.381910e-01 | 3.240576e-07 | 5.330109e+03 |
| 6.432161e-01 | 3.234360e-07 | 5.319301e+03 |
| 6.482412e-01 | 3.228248e-07 | 5.307333e+03 |
| 6.532663e-01 | 3.222243e-07 | 5.294230e+03 |
| 6.582915e-01 | 3.216347e-07 | 5.280017e+03 |
| 6.633166e-01 | 3.210562e-07 | 5.264722e+03 |
| 6.683417e-01 | 3.204890e-07 | 5.248375e+03 |
| 6.733668e-01 | 3.199331e-07 | 5.231005e+03 |
| 6.783920e-01 | 3.193889e-07 | 5.212647e+03 |
| 6.834171e-01 | 3.188564e-07 | 5.193332e+03 |
| 6.884422e-01 | 3.183357e-07 | 5.173098e+03 |
| 6.934673e-01 | 3.178269e-07 | 5.151981e+03 |
| 6.984925e-01 | 3.173302e-07 | 5.130019e+03 |
| 7.035176e-01 | 3.168455e-07 | 5.107251e+03 |
| 7.085427e-01 | 3.163731e-07 | 5.083718e+03 |
| 7.135678e-01 | 3.159128e-07 | 5.059461e+03 |
| 7.185930e-01 | 3.154648e-07 | 5.034523e+03 |
| 7.236181e-01 | 3.150290e-07 | 5.008947e+03 |
| 7.286432e-01 | 3.146056e-07 | 4.982778e+03 |
| 7.336683e-01 | 3.141944e-07 | 4.956058e+03 |
| 7.386935e-01 | 3.137954e-07 | 4.928835e+03 |
| 7.437186e-01 | 3.134087e-07 | 4.901152e+03 |
| 7.487437e-01 | 3.130341e-07 | 4.873055e+03 |
| 7.537688e-01 | 3.126717e-07 | 4.844589e+03 |
| 7.587940e-01 | 3.123212e-07 | 4.815800e+03 |
| 7.638191e-01 | 3.119827e-07 | 4.786732e+03 |
| 7.688442e-01 | 3.116561e-07 | 4.757430e+03 |
| 7.738693e-01 | 3.113412e-07 | 4.727938e+03 |
| 7.788945e-01 | 3.110379e-07 | 4.698298e+03 |
| 7.839196e-01 | 3.107461e-07 | 4.668553e+03 |
| 7.889447e-01 | 3.104657e-07 | 4.638744e+03 |
| 7.939698e-01 | 3.101965e-07 | 4.608910e+03 |
| 7.989950e-01 | 3.099383e-07 | 4.579091e+03 |
| 8.040201e-01 | 3.096910e-07 | 4.549322e+03 |
| 8.090452e-01 | 3.094543e-07 | 4.519639e+03 |
| 8.140704e-01 | 3.092282e-07 | 4.490076e+03 |
| 8.190955e-01 | 3.090124e-07 | 4.460665e+03 |
| 8.241206e-01 | 3.088067e-07 | 4.431434e+03 |
| 8.291457e-01 | 3.086110e-07 | 4.402413e+03 |
| 8.341709e-01 | 3.084249e-07 | 4.373626e+03 |
| 8.391960e-01 | 3.082483e-07 | 4.345096e+03 |
| 8.442211e-01 | 3.080809e-07 | 4.316845e+03 |
| 8.492462e-01 | 3.079226e-07 | 4.288893e+03 |
| 8.542714e-01 | 3.077730e-07 | 4.261254e+03 |
| 8.592965e-01 | 3.076321e-07 | 4.233945e+03 |
| 8.643216e-01 | 3.074994e-07 | 4.206977e+03 |
| 8.693467e-01 | 3.073747e-07 | 4.180361e+03 |
| 8.743719e-01 | 3.072579e-07 | 4.154104e+03 |
| 8.793970e-01 | 3.071487e-07 | 4.128212e+03 |
| 8.844221e-01 | 3.070467e-07 | 4.102690e+03 |
| 8.894472e-01 | 3.069518e-07 | 4.077540e+03 |
| 8.944724e-01 | 3.068636e-07 | 4.052762e+03 |
| 8.994975e-01 | 3.067820e-07 | 4.028355e+03 |
| 9.045226e-01 | 3.067066e-07 | 4.004318e+03 |
| 9.095477e-01 | 3.066372e-07 | 3.980646e+03 |
| 9.145729e-01 | 3.065736e-07 | 3.957335e+03 |
| 9.195980e-01 | 3.065154e-07 | 3.934379e+03 |
| 9.246231e-01 | 3.064624e-07 | 3.911772e+03 |
| 9.296482e-01 | 3.064143e-07 | 3.889507e+03 |
| 9.346734e-01 | 3.063709e-07 | 3.867575e+03 |
| 9.396985e-01 | 3.063318e-07 | 3.845969e+03 |
| 9.447236e-01 | 3.062969e-07 | 3.824679e+03 |
| 9.497487e-01 | 3.062659e-07 | 3.803699e+03 |
| 9.547739e-01 | 3.062385e-07 | 3.783018e+03 |
| 9.597990e-01 | 3.062145e-07 | 3.762628e+03 |
| 9.648241e-01 | 3.061935e-07 | 3.742519e+03 |
| 9.698492e-01 | 3.061754e-07 | 3.722684e+03 |
| 9.748744e-01 | 3.061599e-07 | 3.703113e+03 |
| 9.798995e-01 | 3.061468e-07 | 3.683798e+03 |
| 9.849246e-01 | 3.061359e-07 | 3.664729e+03 |
| 9.899497e-01 | 3.061268e-07 | 3.645900e+03 |
| 9.949749e-01 | 3.061194e-07 | 3.627301e+03 |
| 1.000000e+00 | 3.061136e-07 | 3.608924e+03 |
