Число узлов n = 1001
--------------------------------------------------------------------------------------
|    x    |          u(z)          |          f(z)          |     f(z) integral      |
--------------------------------------------------------------------------------------
| 0.00000 |    3.9205105607e-07    |    0.0000000000e+00    |    0.0000000000e+00    |
| 0.00100 |    3.9205080881e-07    |   -0.0000000000e+00    |    1.1675152142e+01    |
| 0.00200 |    3.9205105607e-07    |    3.1884908657e+00    |    2.3350302952e+01    |
| 0.00300 |    3.9205058004e-07    |    1.9955639694e+01    |    3.5025455874e+01    |
| 0.00400 |    3.9204962428e-07    |    3.2843178567e+01    |    4.6700615426e+01    |
| 0.00500 |    3.9204822359e-07    |    4.5084124482e+01    |    5.8375785139e+01    |
| 0.00600 |    3.9204638957e-07    |    5.7089955348e+01    |    7.0050968435e+01    |
| 0.00700 |    3.9204412748e-07    |    6.8982760409e+01    |    8.1726168687e+01    |
| 0.00800 |    3.9204144016e-07    |    8.0812281721e+01    |    9.3401389236e+01    |
| 0.00900 |    3.9203832932e-07    |    9.2602727019e+01    |    1.0507663339e+02    |
| 0.01000 |    3.9203479606e-07    |    1.0436732875e+02    |    1.1675190443e+02    |
| 0.01100 |    3.9203084113e-07    |    1.1611394369e+02    |    1.2842720561e+02    |
| 0.01200 |    3.9202646507e-07    |    1.2784753626e+02    |    1.4010254012e+02    |
| 0.01300 |    3.9202166827e-07    |    1.3957139972e+02    |    1.5177791116e+02    |
| 0.01400 |    3.9201645104e-07    |    1.5128780606e+02    |    1.6345332184e+02    |
| 0.01500 |    3.9201081361e-07    |    1.6299837414e+02    |    1.7512877527e+02    |
| 0.01600 |    3.9200475616e-07    |    1.7470428916e+02    |    1.8680427447e+02    |
| 0.01700 |    3.9199827885e-07    |    1.8640643910e+02    |    1.9847982246e+02    |
| 0.01800 |    3.9199138179e-07    |    1.9810550264e+02    |    2.1015542217e+02    |
| 0.01900 |    3.9198406509e-07    |    2.0980200763e+02    |    2.2183107648e+02    |
| 0.02000 |    3.9197632883e-07    |    2.2149637092e+02    |    2.3350678822e+02    |
| 0.02100 |    3.9196817308e-07    |    2.3318892626e+02    |    2.4518256016e+02    |
| 0.02200 |    3.9195959790e-07    |    2.4487994411e+02    |    2.5685839499e+02    |
| 0.02300 |    3.9195060333e-07    |    2.5656964604e+02    |    2.6853429534e+02    |
| 0.02400 |    3.9194118944e-07    |    2.6825821543e+02    |    2.8021026378e+02    |
| 0.02500 |    3.9193135624e-07    |    2.7994580539e+02    |    2.9188630279e+02    |
| 0.02600 |    3.9192110378e-07    |    2.9163254484e+02    |    3.0356241477e+02    |
| 0.02700 |    3.9191043208e-07    |    3.0331854313e+02    |    3.1523860204e+02    |
| 0.02800 |    3.9189934118e-07    |    3.1500389367e+02    |    3.2691486685e+02    |
| 0.02900 |    3.9188783108e-07    |    3.2668867678e+02    |    3.3859121135e+02    |
| 0.03000 |    3.9187590181e-07    |    3.3837296189e+02    |    3.5026763759e+02    |
| 0.03100 |    3.9186355339e-07    |    3.5005680938e+02    |    3.6194414753e+02    |
| 0.03200 |    3.9185078584e-07    |    3.6174027203e+02    |    3.7362074306e+02    |
| 0.03300 |    3.9183759916e-07    |    3.7342339614e+02    |    3.8529742593e+02    |
| 0.03400 |    3.9182399337e-07    |    3.8510622256e+02    |    3.9697419781e+02    |
| 0.03500 |    3.9180996848e-07    |    3.9678878743e+02    |    4.0865106025e+02    |
| 0.03600 |    3.9179552449e-07    |    4.0847112285e+02    |    4.2032801469e+02    |
| 0.03700 |    3.9178066143e-07    |    4.2015325743e+02    |    4.3200506247e+02    |
| 0.03800 |    3.9176537929e-07    |    4.3183521674e+02    |    4.4368220479e+02    |
| 0.03900 |    3.9174967808e-07    |    4.4351702369e+02    |    4.5535944276e+02    |
| 0.04000 |    3.9173355781e-07    |    4.5519869885e+02    |    4.6703677733e+02    |
| 0.04100 |    3.9171701848e-07    |    4.6688026073e+02    |    4.7871420935e+02    |
| 0.04200 |    3.9170006011e-07    |    4.7856172603e+02    |    4.9039173954e+02    |
| 0.04300 |    3.9168268268e-07    |    4.9024310979e+02    |    5.0206936846e+02    |
| 0.04400 |    3.9166488622e-07    |    5.0192442564e+02    |    5.1374709656e+02    |
| 0.04500 |    3.9164667071e-07    |    5.1360568585e+02    |    5.2542492415e+02    |
| 0.04600 |    3.9162803617e-07    |    5.2528690154e+02    |    5.3710285137e+02    |
| 0.04700 |    3.9160898260e-07    |    5.3696808275e+02    |    5.4878087824e+02    |
| 0.04800 |    3.9158951000e-07    |    5.4864923855e+02    |    5.6045900462e+02    |
| 0.04900 |    3.9156961838e-07    |    5.6033037712e+02    |    5.7213723023e+02    |
| 0.05000 |    3.9154930773e-07    |    5.7201150580e+02    |    5.8381555460e+02    |
| 0.05100 |    3.9152857806e-07    |    5.8369263120e+02    |    5.9549397714e+02    |
| 0.05200 |    3.9150742937e-07    |    5.9537375921e+02    |    6.0717249707e+02    |
| 0.05300 |    3.9148586167e-07    |    6.0705489510e+02    |    6.1885111346e+02    |
| 0.05400 |    3.9146387496e-07    |    6.1873604349e+02    |    6.3052982520e+02    |
| 0.05500 |    3.9144146923e-07    |    6.3041720847e+02    |    6.4220863101e+02    |
| 0.05600 |    3.9141864450e-07    |    6.4209839356e+02    |    6.5388752944e+02    |
| 0.05700 |    3.9139540076e-07    |    6.5377960181e+02    |    6.6556651886e+02    |
| 0.05800 |    3.9137173802e-07    |    6.6546083575e+02    |    6.7724559745e+02    |
| 0.05900 |    3.9134765628e-07    |    6.7714209747e+02    |    6.8892476321e+02    |
| 0.06000 |    3.9132315554e-07    |    6.8882338864e+02    |    7.0060401395e+02    |
| 0.06100 |    3.9129823581e-07    |    7.0050471047e+02    |    7.1228334729e+02    |
| 0.06200 |    3.9127289709e-07    |    7.1218606382e+02    |    7.2396276065e+02    |
| 0.06300 |    3.9124713939e-07    |    7.2386744911e+02    |    7.3564225125e+02    |
| 0.06400 |    3.9122096270e-07    |    7.3554886640e+02    |    7.4732181612e+02    |
| 0.06500 |    3.9119436703e-07    |    7.4723031539e+02    |    7.5900145207e+02    |
| 0.06600 |    3.9116735238e-07    |    7.5891179543e+02    |    7.7068115571e+02    |
| 0.06700 |    3.9113991877e-07    |    7.7059330550e+02    |    7.8236092345e+02    |
| 0.06800 |    3.9111206619e-07    |    7.8227484426e+02    |    7.9404075145e+02    |
| 0.06900 |    3.9108379465e-07    |    7.9395641002e+02    |    8.0572063569e+02    |
| 0.07000 |    3.9105510415e-07    |    8.0563800077e+02    |    8.1740057191e+02    |
| 0.07100 |    3.9102599471e-07    |    8.1731961418e+02    |    8.2908055562e+02    |
| 0.07200 |    3.9099646632e-07    |    8.2900124758e+02    |    8.4076058211e+02    |
| 0.07300 |    3.9096651900e-07    |    8.4068289801e+02    |    8.5244064646e+02    |
| 0.07400 |    3.9093615275e-07    |    8.5236456219e+02    |    8.6412074347e+02    |
| 0.07500 |    3.9090536757e-07    |    8.6404623650e+02    |    8.7580086773e+02    |
| 0.07600 |    3.9087416349e-07    |    8.7572791706e+02    |    8.8748101360e+02    |
| 0.07700 |    3.9084254049e-07    |    8.8740959964e+02    |    8.9916117517e+02    |
| 0.07800 |    3.9081049860e-07    |    8.9909127972e+02    |    9.1084134629e+02    |
| 0.07900 |    3.9077803783e-07    |    9.1077295250e+02    |    9.2252152058e+02    |
| 0.08000 |    3.9074515817e-07    |    9.2245461283e+02    |    9.3420169138e+02    |
| 0.08100 |    3.9071185965e-07    |    9.3413625528e+02    |    9.4588185178e+02    |
| 0.08200 |    3.9067814228e-07    |    9.4581787413e+02    |    9.5756199462e+02    |
| 0.08300 |    3.9064400606e-07    |    9.5749946332e+02    |    9.6924211246e+02    |
| 0.08400 |    3.9060945101e-07    |    9.6918101652e+02    |    9.8092219761e+02    |
| 0.08500 |    3.9057447714e-07    |    9.8086252706e+02    |    9.9260224209e+02    |
| 0.08600 |    3.9053908447e-07    |    9.9254398800e+02    |    1.0042822377e+03    |
| 0.08700 |    3.9050327301e-07    |    1.0042253921e+03    |    1.0159621758e+03    |
| 0.08800 |    3.9046704277e-07    |    1.0159067317e+03    |    1.0276420478e+03    |
| 0.08900 |    3.9043039377e-07    |    1.0275879990e+03    |    1.0393218444e+03    |
| 0.09000 |    3.9039332604e-07    |    1.0392691858e+03    |    1.0510015564e+03    |
| 0.09100 |    3.9035583957e-07    |    1.0509502835e+03    |    1.0626811740e+03    |
| 0.09200 |    3.9031793440e-07    |    1.0626312835e+03    |    1.0743606874e+03    |
| 0.09300 |    3.9027961054e-07    |    1.0743121764e+03    |    1.0860400862e+03    |
| 0.09400 |    3.9024086802e-07    |    1.0859929529e+03    |    1.0977193600e+03    |
| 0.09500 |    3.9020170684e-07    |    1.0976736032e+03    |    1.1093984978e+03    |
| 0.09600 |    3.9016212704e-07    |    1.1093541171e+03    |    1.1210774886e+03    |
| 0.09700 |    3.9012212864e-07    |    1.1210344844e+03    |    1.1327563208e+03    |
| 0.09800 |    3.9008171165e-07    |    1.1327146942e+03    |    1.1444349828e+03    |
| 0.09900 |    3.9004087611e-07    |    1.1443947354e+03    |    1.1561134623e+03    |
| 0.10000 |    3.8999962204e-07    |    1.1560745967e+03    |    1.1677917470e+03    |
| 0.10100 |    3.8995794947e-07    |    1.1677542662e+03    |    1.1794698242e+03    |
| 0.10200 |    3.8991585842e-07    |    1.1794337321e+03    |    1.1911476808e+03    |
| 0.10300 |    3.8987334892e-07    |    1.1911129817e+03    |    1.2028253035e+03    |
| 0.10400 |    3.8983042100e-07    |    1.2027920024e+03    |    1.2145026784e+03    |
| 0.10500 |    3.8978707470e-07    |    1.2144707812e+03    |    1.2261797916e+03    |
| 0.10600 |    3.8974331004e-07    |    1.2261493044e+03    |    1.2378566287e+03    |
| 0.10700 |    3.8969912705e-07    |    1.2378275584e+03    |    1.2495331749e+03    |
| 0.10800 |    3.8965452578e-07    |    1.2495055291e+03    |    1.2612094152e+03    |
| 0.10900 |    3.8960950625e-07    |    1.2611832018e+03    |    1.2728853341e+03    |
| 0.11000 |    3.8956406850e-07    |    1.2728605619e+03    |    1.2845609159e+03    |
| 0.11100 |    3.8951821257e-07    |    1.2845375940e+03    |    1.2962361444e+03    |
| 0.11200 |    3.8947193851e-07    |    1.2962142826e+03    |    1.3079110032e+03    |
| 0.11300 |    3.8942524634e-07    |    1.3078906119e+03    |    1.3195854755e+03    |
| 0.11400 |    3.8937813611e-07    |    1.3195665654e+03    |    1.3312595439e+03    |
| 0.11500 |    3.8933060787e-07    |    1.3312421265e+03    |    1.3429331910e+03    |
| 0.11600 |    3.8928266165e-07    |    1.3429172783e+03    |    1.3546063988e+03    |
| 0.11700 |    3.8923429751e-07    |    1.3545920032e+03    |    1.3662791490e+03    |
| 0.11800 |    3.8918551549e-07    |    1.3662662834e+03    |    1.3779514228e+03    |
| 0.11900 |    3.8913631564e-07    |    1.3779401009e+03    |    1.3896232013e+03    |
| 0.12000 |    3.8908669801e-07    |    1.3896134371e+03    |    1.4012944650e+03    |
| 0.12100 |    3.8903666266e-07    |    1.4012862729e+03    |    1.4129651939e+03    |
| 0.12200 |    3.8898620962e-07    |    1.4129585892e+03    |    1.4246353680e+03    |
| 0.12300 |    3.8893533897e-07    |    1.4246303660e+03    |    1.4363049665e+03    |
| 0.12400 |    3.8888405076e-07    |    1.4363015835e+03    |    1.4479739685e+03    |
| 0.12500 |    3.8883234503e-07    |    1.4479722209e+03    |    1.4596423526e+03    |
| 0.12600 |    3.8878022187e-07    |    1.4596422574e+03    |    1.4713100968e+03    |
| 0.12700 |    3.8872768132e-07    |    1.4713116717e+03    |    1.4829771791e+03    |
| 0.12800 |    3.8867472344e-07    |    1.4829804421e+03    |    1.4946435767e+03    |
| 0.12900 |    3.8862134832e-07    |    1.4946485463e+03    |    1.5063092667e+03    |
| 0.13000 |    3.8856755600e-07    |    1.5063159619e+03    |    1.5179742255e+03    |
| 0.13100 |    3.8851334656e-07    |    1.5179826659e+03    |    1.5296384294e+03    |
| 0.13200 |    3.8845872007e-07    |    1.5296486349e+03    |    1.5413018540e+03    |
| 0.13300 |    3.8840367660e-07    |    1.5413138450e+03    |    1.5529644746e+03    |
| 0.13400 |    3.8834821623e-07    |    1.5529782721e+03    |    1.5646262660e+03    |
| 0.13500 |    3.8829233903e-07    |    1.5646418915e+03    |    1.5762872028e+03    |
| 0.13600 |    3.8823604508e-07    |    1.5763046781e+03    |    1.5879472588e+03    |
| 0.13700 |    3.8817933446e-07    |    1.5879666063e+03    |    1.5996064077e+03    |
| 0.13800 |    3.8812220725e-07    |    1.5996276502e+03    |    1.6112646225e+03    |
| 0.13900 |    3.8806466354e-07    |    1.6112877835e+03    |    1.6229218760e+03    |
| 0.14000 |    3.8800670341e-07    |    1.6229469791e+03    |    1.6345781403e+03    |
| 0.14100 |    3.8794832695e-07    |    1.6346052100e+03    |    1.6462333874e+03    |
| 0.14200 |    3.8788953425e-07    |    1.6462624482e+03    |    1.6578875884e+03    |
| 0.14300 |    3.8783032541e-07    |    1.6579186657e+03    |    1.6695407143e+03    |
| 0.14400 |    3.8777070051e-07    |    1.6695738338e+03    |    1.6811927355e+03    |
| 0.14500 |    3.8771065966e-07    |    1.6812279233e+03    |    1.6928436220e+03    |
| 0.14600 |    3.8765020296e-07    |    1.6928809048e+03    |    1.7044933433e+03    |
| 0.14700 |    3.8758933050e-07    |    1.7045327481e+03    |    1.7161418683e+03    |
| 0.14800 |    3.8752804240e-07    |    1.7161834229e+03    |    1.7277891657e+03    |
| 0.14900 |    3.8746633875e-07    |    1.7278328980e+03    |    1.7394352036e+03    |
| 0.15000 |    3.8740421967e-07    |    1.7394811422e+03    |    1.7510799495e+03    |
| 0.15100 |    3.8734168527e-07    |    1.7511281234e+03    |    1.7627233706e+03    |
| 0.15200 |    3.8727873566e-07    |    1.7627738094e+03    |    1.7743654336e+03    |
| 0.15300 |    3.8721537095e-07    |    1.7744181672e+03    |    1.7860061046e+03    |
| 0.15400 |    3.8715159128e-07    |    1.7860611634e+03    |    1.7976453494e+03    |
| 0.15500 |    3.8708739675e-07    |    1.7977027643e+03    |    1.8092831330e+03    |
| 0.15600 |    3.8702278750e-07    |    1.8093429355e+03    |    1.8209194203e+03    |
| 0.15700 |    3.8695776365e-07    |    1.8209816422e+03    |    1.8325541753e+03    |
| 0.15800 |    3.8689232533e-07    |    1.8326188490e+03    |    1.8441873619e+03    |
| 0.15900 |    3.8682647267e-07    |    1.8442545202e+03    |    1.8558189431e+03    |
| 0.16000 |    3.8676020581e-07    |    1.8558886194e+03    |    1.8674488818e+03    |
| 0.16100 |    3.8669352488e-07    |    1.8675211099e+03    |    1.8790771401e+03    |
| 0.16200 |    3.8662643003e-07    |    1.8791519542e+03    |    1.8907036796e+03    |
| 0.16300 |    3.8655892140e-07    |    1.8907811146e+03    |    1.9023284615e+03    |
| 0.16400 |    3.8649099914e-07    |    1.9024085526e+03    |    1.9139514466e+03    |
| 0.16500 |    3.8642266339e-07    |    1.9140342295e+03    |    1.9255725948e+03    |
| 0.16600 |    3.8635391431e-07    |    1.9256581058e+03    |    1.9371918659e+03    |
| 0.16700 |    3.8628475206e-07    |    1.9372801416e+03    |    1.9488092188e+03    |
| 0.16800 |    3.8621517679e-07    |    1.9489002966e+03    |    1.9604246122e+03    |
| 0.16900 |    3.8614518866e-07    |    1.9605185296e+03    |    1.9720380040e+03    |
| 0.17000 |    3.8607478784e-07    |    1.9721347994e+03    |    1.9836493518e+03    |
| 0.17100 |    3.8600397451e-07    |    1.9837490637e+03    |    1.9952586124e+03    |
| 0.17200 |    3.8593274882e-07    |    1.9953612801e+03    |    2.0068657423e+03    |
| 0.17300 |    3.8586111095e-07    |    2.0069714055e+03    |    2.0184706974e+03    |
| 0.17400 |    3.8578906109e-07    |    2.0185793962e+03    |    2.0300734330e+03    |
| 0.17500 |    3.8571659940e-07    |    2.0301852081e+03    |    2.0416739038e+03    |
| 0.17600 |    3.8564372609e-07    |    2.0417887964e+03    |    2.0532720641e+03    |
| 0.17700 |    3.8557044133e-07    |    2.0533901159e+03    |    2.0648678675e+03    |
| 0.17800 |    3.8549674532e-07    |    2.0649891207e+03    |    2.0764612672e+03    |
| 0.17900 |    3.8542263826e-07    |    2.0765857645e+03    |    2.0880522157e+03    |
| 0.18000 |    3.8534812033e-07    |    2.0881800002e+03    |    2.0996406650e+03    |
| 0.18100 |    3.8527319175e-07    |    2.0997717805e+03    |    2.1112265665e+03    |
| 0.18200 |    3.8519785271e-07    |    2.1113610572e+03    |    2.1228098710e+03    |
| 0.18300 |    3.8512210344e-07    |    2.1229477817e+03    |    2.1343905290e+03    |
| 0.18400 |    3.8504594413e-07    |    2.1345319048e+03    |    2.1459684900e+03    |
| 0.18500 |    3.8496937502e-07    |    2.1461133768e+03    |    2.1575437033e+03    |
| 0.18600 |    3.8489239631e-07    |    2.1576921473e+03    |    2.1691161174e+03    |
| 0.18700 |    3.8481500824e-07    |    2.1692681654e+03    |    2.1806856802e+03    |
| 0.18800 |    3.8473721103e-07    |    2.1808413796e+03    |    2.1922523392e+03    |
| 0.18900 |    3.8465900491e-07    |    2.1924117379e+03    |    2.2038160413e+03    |
| 0.19000 |    3.8458039012e-07    |    2.2039791874e+03    |    2.2153767325e+03    |
| 0.19100 |    3.8450136691e-07    |    2.2155436752e+03    |    2.2269343586e+03    |
| 0.19200 |    3.8442193551e-07    |    2.2271051471e+03    |    2.2384888647e+03    |
| 0.19300 |    3.8434209617e-07    |    2.2386635490e+03    |    2.2500401951e+03    |
| 0.19400 |    3.8426184915e-07    |    2.2502188257e+03    |    2.2615882937e+03    |
| 0.19500 |    3.8418119471e-07    |    2.2617709216e+03    |    2.2731331038e+03    |
| 0.19600 |    3.8410013309e-07    |    2.2733197805e+03    |    2.2846745679e+03    |
| 0.19700 |    3.8401866458e-07    |    2.2848653456e+03    |    2.2962126283e+03    |
| 0.19800 |    3.8393678943e-07    |    2.2964075595e+03    |    2.3077472262e+03    |
| 0.19900 |    3.8385450792e-07    |    2.3079463641e+03    |    2.3192783025e+03    |
| 0.20000 |    3.8377182034e-07    |    2.3194817008e+03    |    2.3308057975e+03    |
| 0.20100 |    3.8368872695e-07    |    2.3310135104e+03    |    2.3423296507e+03    |
| 0.20200 |    3.8360522806e-07    |    2.3425417330e+03    |    2.3538498010e+03    |
| 0.20300 |    3.8352132395e-07    |    2.3540663081e+03    |    2.3653661870e+03    |
| 0.20400 |    3.8343701491e-07    |    2.3655871747e+03    |    2.3768787462e+03    |
| 0.20500 |    3.8335230125e-07    |    2.3771042709e+03    |    2.3883874158e+03    |
| 0.20600 |    3.8326718327e-07    |    2.3886175346e+03    |    2.3998921323e+03    |
| 0.20700 |    3.8318166128e-07    |    2.4001269027e+03    |    2.4113928316e+03    |
| 0.20800 |    3.8309573561e-07    |    2.4116323116e+03    |    2.4228894488e+03    |
| 0.20900 |    3.8300940655e-07    |    2.4231336971e+03    |    2.4343819186e+03    |
| 0.21000 |    3.8292267445e-07    |    2.4346309944e+03    |    2.4458701749e+03    |
| 0.21100 |    3.8283553963e-07    |    2.4461241380e+03    |    2.4573541511e+03    |
| 0.21200 |    3.8274800242e-07    |    2.4576130617e+03    |    2.4688337797e+03    |
| 0.21300 |    3.8266006317e-07    |    2.4690976989e+03    |    2.4803089929e+03    |
| 0.21400 |    3.8257172221e-07    |    2.4805779820e+03    |    2.4917797221e+03    |
| 0.21500 |    3.8248297990e-07    |    2.4920538432e+03    |    2.5032458979e+03    |
| 0.21600 |    3.8239383658e-07    |    2.5035252136e+03    |    2.5147074506e+03    |
| 0.21700 |    3.8230429263e-07    |    2.5149920240e+03    |    2.5261643094e+03    |
| 0.21800 |    3.8221434840e-07    |    2.5264542043e+03    |    2.5376164033e+03    |
| 0.21900 |    3.8212400426e-07    |    2.5379116840e+03    |    2.5490636604e+03    |
| 0.22000 |    3.8203326059e-07    |    2.5493643918e+03    |    2.5605060081e+03    |
| 0.22100 |    3.8194211776e-07    |    2.5608122556e+03    |    2.5719433732e+03    |
| 0.22200 |    3.8185057617e-07    |    2.5722552030e+03    |    2.5833756821e+03    |
| 0.22300 |    3.8175863621e-07    |    2.5836931607e+03    |    2.5948028600e+03    |
| 0.22400 |    3.8166629826e-07    |    2.5951260547e+03    |    2.6062248320e+03    |
| 0.22500 |    3.8157356274e-07    |    2.6065538105e+03    |    2.6176415220e+03    |
| 0.22600 |    3.8148043004e-07    |    2.6179763529e+03    |    2.6290528538e+03    |
| 0.22700 |    3.8138690059e-07    |    2.6293936059e+03    |    2.6404587500e+03    |
| 0.22800 |    3.8129297480e-07    |    2.6408054929e+03    |    2.6518591329e+03    |
| 0.22900 |    3.8119865310e-07    |    2.6522119368e+03    |    2.6632539239e+03    |
| 0.23000 |    3.8110393591e-07    |    2.6636128595e+03    |    2.6746430439e+03    |
| 0.23100 |    3.8100882367e-07    |    2.6750081826e+03    |    2.6860264130e+03    |
| 0.23200 |    3.8091331683e-07    |    2.6863978267e+03    |    2.6974039507e+03    |
| 0.23300 |    3.8081741583e-07    |    2.6977817120e+03    |    2.7087755757e+03    |
| 0.23400 |    3.8072112112e-07    |    2.7091597577e+03    |    2.7201412061e+03    |
| 0.23500 |    3.8062443316e-07    |    2.7205318827e+03    |    2.7315007594e+03    |
| 0.23600 |    3.8052735242e-07    |    2.7318980048e+03    |    2.7428541523e+03    |
| 0.23700 |    3.8042987938e-07    |    2.7432580415e+03    |    2.7542013008e+03    |
| 0.23800 |    3.8033201450e-07    |    2.7546119094e+03    |    2.7655421204e+03    |
| 0.23900 |    3.8023375827e-07    |    2.7659595245e+03    |    2.7768765256e+03    |
| 0.24000 |    3.8013511118e-07    |    2.7773008021e+03    |    2.7882044304e+03    |
| 0.24100 |    3.8003607373e-07    |    2.7886356567e+03    |    2.7995257482e+03    |
| 0.24200 |    3.7993664641e-07    |    2.7999640023e+03    |    2.8108403915e+03    |
| 0.24300 |    3.7983682975e-07    |    2.8112857520e+03    |    2.8221482722e+03    |
| 0.24400 |    3.7973662425e-07    |    2.8226008184e+03    |    2.8334493016e+03    |
| 0.24500 |    3.7963603043e-07    |    2.8339091134e+03    |    2.8447433902e+03    |
| 0.24600 |    3.7953504883e-07    |    2.8452105479e+03    |    2.8560304476e+03    |
| 0.24700 |    3.7943367997e-07    |    2.8565050326e+03    |    2.8673103832e+03    |
| 0.24800 |    3.7933192440e-07    |    2.8677924770e+03    |    2.8785831052e+03    |
| 0.24900 |    3.7922978267e-07    |    2.8790727903e+03    |    2.8898485215e+03    |
| 0.25000 |    3.7912725533e-07    |    2.8903458808e+03    |    2.9011065389e+03    |
| 0.25100 |    3.7902434293e-07    |    2.9016116561e+03    |    2.9123570638e+03    |
| 0.25200 |    3.7892104606e-07    |    2.9128700231e+03    |    2.9236000018e+03    |
| 0.25300 |    3.7881736528e-07    |    2.9241208881e+03    |    2.9348352577e+03    |
| 0.25400 |    3.7871330118e-07    |    2.9353641566e+03    |    2.9460627359e+03    |
| 0.25500 |    3.7860885433e-07    |    2.9465997335e+03    |    2.9572823397e+03    |
| 0.25600 |    3.7850402535e-07    |    2.9578275227e+03    |    2.9684939719e+03    |
| 0.25700 |    3.7839881483e-07    |    2.9690474278e+03    |    2.9796975346e+03    |
| 0.25800 |    3.7829322338e-07    |    2.9802593514e+03    |    2.9908929291e+03    |
| 0.25900 |    3.7818725161e-07    |    2.9914631956e+03    |    3.0020800561e+03    |
| 0.26000 |    3.7808090016e-07    |    3.0026588615e+03    |    3.0132588154e+03    |
| 0.26100 |    3.7797416965e-07    |    3.0138462498e+03    |    3.0244291064e+03    |
| 0.26200 |    3.7786706071e-07    |    3.0250252604e+03    |    3.0355908274e+03    |
| 0.26300 |    3.7775957400e-07    |    3.0361957923e+03    |    3.0467438764e+03    |
| 0.26400 |    3.7765171017e-07    |    3.0473577441e+03    |    3.0578881503e+03    |
| 0.26500 |    3.7754346987e-07    |    3.0585110134e+03    |    3.0690235456e+03    |
| 0.26600 |    3.7743485378e-07    |    3.0696554972e+03    |    3.0801499578e+03    |
| 0.26700 |    3.7732586256e-07    |    3.0807910919e+03    |    3.0912672820e+03    |
| 0.26800 |    3.7721649691e-07    |    3.0919176930e+03    |    3.1023754123e+03    |
| 0.26900 |    3.7710675751e-07    |    3.1030351954e+03    |    3.1134742422e+03    |
| 0.27000 |    3.7699664505e-07    |    3.1141434933e+03    |    3.1245636644e+03    |
| 0.27100 |    3.7688616025e-07    |    3.1252424801e+03    |    3.1356435712e+03    |
| 0.27200 |    3.7677530382e-07    |    3.1363320484e+03    |    3.1467138538e+03    |
| 0.27300 |    3.7666407647e-07    |    3.1474120904e+03    |    3.1577744028e+03    |
| 0.27400 |    3.7655247894e-07    |    3.1584824973e+03    |    3.1688251081e+03    |
| 0.27500 |    3.7644051196e-07    |    3.1695431596e+03    |    3.1798658590e+03    |
| 0.27600 |    3.7632817628e-07    |    3.1805939673e+03    |    3.1908965440e+03    |
| 0.27700 |    3.7621547264e-07    |    3.1916348095e+03    |    3.2019170508e+03    |
| 0.27800 |    3.7610240181e-07    |    3.2026655746e+03    |    3.2129272663e+03    |
| 0.27900 |    3.7598896456e-07    |    3.2136861502e+03    |    3.2239270771e+03    |
| 0.28000 |    3.7587516165e-07    |    3.2246964236e+03    |    3.2349163687e+03    |
| 0.28100 |    3.7576099388e-07    |    3.2356962808e+03    |    3.2458950259e+03    |
| 0.28200 |    3.7564646204e-07    |    3.2466856074e+03    |    3.2568629330e+03    |
| 0.28300 |    3.7553156693e-07    |    3.2576642883e+03    |    3.2678199733e+03    |
| 0.28400 |    3.7541630936e-07    |    3.2686322077e+03    |    3.2787660298e+03    |
| 0.28500 |    3.7530069014e-07    |    3.2795892490e+03    |    3.2897009843e+03    |
| 0.28600 |    3.7518471009e-07    |    3.2905352947e+03    |    3.3006247183e+03    |
| 0.28700 |    3.7506837006e-07    |    3.3014702271e+03    |    3.3115371123e+03    |
| 0.28800 |    3.7495167089e-07    |    3.3123939272e+03    |    3.3224380461e+03    |
| 0.28900 |    3.7483461342e-07    |    3.3233062757e+03    |    3.3333273991e+03    |
| 0.29000 |    3.7471719851e-07    |    3.3342071525e+03    |    3.3442050496e+03    |
| 0.29100 |    3.7459942704e-07    |    3.3450964366e+03    |    3.3550708753e+03    |
| 0.29200 |    3.7448129987e-07    |    3.3559740065e+03    |    3.3659247534e+03    |
| 0.29300 |    3.7436281790e-07    |    3.3668397399e+03    |    3.3767665602e+03    |
| 0.29400 |    3.7424398202e-07    |    3.3776935139e+03    |    3.3875961712e+03    |
| 0.29500 |    3.7412479312e-07    |    3.3885352047e+03    |    3.3984134615e+03    |
| 0.29600 |    3.7400525212e-07    |    3.3993646879e+03    |    3.4092183051e+03    |
| 0.29700 |    3.7388535995e-07    |    3.4101818383e+03    |    3.4200105756e+03    |
| 0.29800 |    3.7376511752e-07    |    3.4209865303e+03    |    3.4307901458e+03    |
| 0.29900 |    3.7364452578e-07    |    3.4317786372e+03    |    3.4415568877e+03    |
| 0.30000 |    3.7352358567e-07    |    3.4425580319e+03    |    3.4523106729e+03    |
| 0.30100 |    3.7340229814e-07    |    3.4533245864e+03    |    3.4630513718e+03    |
| 0.30200 |    3.7328066417e-07    |    3.4640781720e+03    |    3.4737788546e+03    |
| 0.30300 |    3.7315868473e-07    |    3.4748186594e+03    |    3.4844929906e+03    |
| 0.30400 |    3.7303636079e-07    |    3.4855459187e+03    |    3.4951936482e+03    |
| 0.30500 |    3.7291369336e-07    |    3.4962598190e+03    |    3.5058806954e+03    |
| 0.30600 |    3.7279068342e-07    |    3.5069602290e+03    |    3.5165539994e+03    |
| 0.30700 |    3.7266733200e-07    |    3.5176470166e+03    |    3.5272134267e+03    |
| 0.30800 |    3.7254364011e-07    |    3.5283200489e+03    |    3.5378588431e+03    |
| 0.30900 |    3.7241960877e-07    |    3.5389791924e+03    |    3.5484901138e+03    |
| 0.31000 |    3.7229523904e-07    |    3.5496243129e+03    |    3.5591071031e+03    |
| 0.31100 |    3.7217053195e-07    |    3.5602552757e+03    |    3.5697096749e+03    |
| 0.31200 |    3.7204548856e-07    |    3.5708719451e+03    |    3.5802976922e+03    |
| 0.31300 |    3.7192010994e-07    |    3.5814741848e+03    |    3.5908710173e+03    |
| 0.31400 |    3.7179439716e-07    |    3.5920618580e+03    |    3.6014295121e+03    |
| 0.31500 |    3.7166835132e-07    |    3.6026348271e+03    |    3.6119730375e+03    |
| 0.31600 |    3.7154197349e-07    |    3.6131929537e+03    |    3.6225014538e+03    |
| 0.31700 |    3.7141526480e-07    |    3.6237360990e+03    |    3.6330146208e+03    |
| 0.31800 |    3.7128822635e-07    |    3.6342641232e+03    |    3.6435123975e+03    |
| 0.31900 |    3.7116085927e-07    |    3.6447768861e+03    |    3.6539946423e+03    |
| 0.32000 |    3.7103316468e-07    |    3.6552742468e+03    |    3.6644612127e+03    |
| 0.32100 |    3.7090514374e-07    |    3.6657560636e+03    |    3.6749119658e+03    |
| 0.32200 |    3.7077679760e-07    |    3.6762221941e+03    |    3.6853467580e+03    |
| 0.32300 |    3.7064812741e-07    |    3.6866724956e+03    |    3.6957654450e+03    |
| 0.32400 |    3.7051913436e-07    |    3.6971068242e+03    |    3.7061678818e+03    |
| 0.32500 |    3.7038981962e-07    |    3.7075250358e+03    |    3.7165539228e+03    |
| 0.32600 |    3.7026018439e-07    |    3.7179269855e+03    |    3.7269234217e+03    |
| 0.32700 |    3.7013022987e-07    |    3.7283125277e+03    |    3.7372762317e+03    |
| 0.32800 |    3.6999995728e-07    |    3.7386815161e+03    |    3.7476122051e+03    |
| 0.32900 |    3.6986936783e-07    |    3.7490338040e+03    |    3.7579311939e+03    |
| 0.33000 |    3.6973846275e-07    |    3.7593692437e+03    |    3.7682330491e+03    |
| 0.33100 |    3.6960724330e-07    |    3.7696876873e+03    |    3.7785176213e+03    |
| 0.33200 |    3.6947571071e-07    |    3.7799889858e+03    |    3.7887847604e+03    |
| 0.33300 |    3.6934386627e-07    |    3.7902729899e+03    |    3.7990343158e+03    |
| 0.33400 |    3.6921171123e-07    |    3.8005395496e+03    |    3.8092661359e+03    |
| 0.33500 |    3.6907924689e-07    |    3.8107885143e+03    |    3.8194800690e+03    |
| 0.33600 |    3.6894647453e-07    |    3.8210197325e+03    |    3.8296759624e+03    |
| 0.33700 |    3.6881339546e-07    |    3.8312330525e+03    |    3.8398536629e+03    |
| 0.33800 |    3.6868001099e-07    |    3.8414283218e+03    |    3.8500130168e+03    |
| 0.33900 |    3.6854632246e-07    |    3.8516053872e+03    |    3.8601538695e+03    |
| 0.34000 |    3.6841233118e-07    |    3.8617640950e+03    |    3.8702760662e+03    |
| 0.34100 |    3.6827803852e-07    |    3.8719042909e+03    |    3.8803794511e+03    |
| 0.34200 |    3.6814344581e-07    |    3.8820258200e+03    |    3.8904638681e+03    |
| 0.34300 |    3.6800855444e-07    |    3.8921285267e+03    |    3.9005291605e+03    |
| 0.34400 |    3.6787336578e-07    |    3.9022122550e+03    |    3.9105751708e+03    |
| 0.34500 |    3.6773788120e-07    |    3.9122768482e+03    |    3.9206017410e+03    |
| 0.34600 |    3.6760210212e-07    |    3.9223221489e+03    |    3.9306087127e+03    |
| 0.34700 |    3.6746602993e-07    |    3.9323479994e+03    |    3.9405959268e+03    |
| 0.34800 |    3.6732966607e-07    |    3.9423542412e+03    |    3.9505632235e+03    |
| 0.34900 |    3.6719301194e-07    |    3.9523407153e+03    |    3.9605104426e+03    |
| 0.35000 |    3.6705606901e-07    |    3.9623072622e+03    |    3.9704374234e+03    |
| 0.35100 |    3.6691883871e-07    |    3.9722537218e+03    |    3.9803440045e+03    |
| 0.35200 |    3.6678132251e-07    |    3.9821799334e+03    |    3.9902300240e+03    |
| 0.35300 |    3.6664352187e-07    |    3.9920857358e+03    |    4.0000953195e+03    |
| 0.35400 |    3.6650543829e-07    |    4.0019709672e+03    |    4.0099397280e+03    |
| 0.35500 |    3.6636707325e-07    |    4.0118354653e+03    |    4.0197630859e+03    |
| 0.35600 |    3.6622842826e-07    |    4.0216790673e+03    |    4.0295652293e+03    |
| 0.35700 |    3.6608950483e-07    |    4.0315016098e+03    |    4.0393459935e+03    |
| 0.35800 |    3.6595030448e-07    |    4.0413029290e+03    |    4.0491052136e+03    |
| 0.35900 |    3.6581082877e-07    |    4.0510828604e+03    |    4.0588427239e+03    |
| 0.36000 |    3.6567107922e-07    |    4.0608412391e+03    |    4.0685583582e+03    |
| 0.36100 |    3.6553105740e-07    |    4.0705778998e+03    |    4.0782519501e+03    |
| 0.36200 |    3.6539076487e-07    |    4.0802926763e+03    |    4.0879233324e+03    |
| 0.36300 |    3.6525020322e-07    |    4.0899854024e+03    |    4.0975723376e+03    |
| 0.36400 |    3.6510937404e-07    |    4.0996559111e+03    |    4.1071987975e+03    |
| 0.36500 |    3.6496827892e-07    |    4.1093040350e+03    |    4.1168025436e+03    |
| 0.36600 |    3.6482691948e-07    |    4.1189296062e+03    |    4.1263834069e+03    |
| 0.36700 |    3.6468529735e-07    |    4.1285324564e+03    |    4.1359412179e+03    |
| 0.36800 |    3.6454341414e-07    |    4.1381124167e+03    |    4.1454758067e+03    |
| 0.36900 |    3.6440127152e-07    |    4.1476693179e+03    |    4.1549870029e+03    |
| 0.37000 |    3.6425887113e-07    |    4.1572029902e+03    |    4.1644746355e+03    |
| 0.37100 |    3.6411621465e-07    |    4.1667132635e+03    |    4.1739385335e+03    |
| 0.37200 |    3.6397330374e-07    |    4.1761999671e+03    |    4.1833785249e+03    |
| 0.37300 |    3.6383014010e-07    |    4.1856629299e+03    |    4.1927944377e+03    |
| 0.37400 |    3.6368672542e-07    |    4.1951019804e+03    |    4.2021860994e+03    |
| 0.37500 |    3.6354306143e-07    |    4.2045169468e+03    |    4.2115533368e+03    |
| 0.37600 |    3.6339914983e-07    |    4.2139076567e+03    |    4.2208959767e+03    |
| 0.37700 |    3.6325499235e-07    |    4.2232739373e+03    |    4.2302138453e+03    |
| 0.37800 |    3.6311059076e-07    |    4.2326156156e+03    |    4.2395067683e+03    |
| 0.37900 |    3.6296594679e-07    |    4.2419325180e+03    |    4.2487745712e+03    |
| 0.38000 |    3.6282106221e-07    |    4.2512244705e+03    |    4.2580170791e+03    |
| 0.38100 |    3.6267593880e-07    |    4.2604912989e+03    |    4.2672341167e+03    |
| 0.38200 |    3.6253057834e-07    |    4.2697328285e+03    |    4.2764255082e+03    |
| 0.38300 |    3.6238498264e-07    |    4.2789488842e+03    |    4.2855910777e+03    |
| 0.38400 |    3.6223915350e-07    |    4.2881392907e+03    |    4.2947306488e+03    |
| 0.38500 |    3.6209309275e-07    |    4.2973038722e+03    |    4.3038440446e+03    |
| 0.38600 |    3.6194680221e-07    |    4.3064424526e+03    |    4.3129310883e+03    |
| 0.38700 |    3.6180028372e-07    |    4.3155548556e+03    |    4.3219916024e+03    |
| 0.38800 |    3.6165353914e-07    |    4.3246409042e+03    |    4.3310254092e+03    |
| 0.38900 |    3.6150657033e-07    |    4.3337004215e+03    |    4.3400323307e+03    |
| 0.39000 |    3.6135937917e-07    |    4.3427332302e+03    |    4.3490121886e+03    |
| 0.39100 |    3.6121196755e-07    |    4.3517391524e+03    |    4.3579648043e+03    |
| 0.39200 |    3.6106433735e-07    |    4.3607180103e+03    |    4.3668899990e+03    |
| 0.39300 |    3.6091649049e-07    |    4.3696696255e+03    |    4.3757875934e+03    |
| 0.39400 |    3.6076842889e-07    |    4.3785938196e+03    |    4.3846574082e+03    |
| 0.39500 |    3.6062015447e-07    |    4.3874904136e+03    |    4.3934992637e+03    |
| 0.39600 |    3.6047166918e-07    |    4.3963592287e+03    |    4.4023129799e+03    |
| 0.39700 |    3.6032297497e-07    |    4.4052000854e+03    |    4.4110983766e+03    |
| 0.39800 |    3.6017407379e-07    |    4.4140128041e+03    |    4.4198552736e+03    |
| 0.39900 |    3.6002496763e-07    |    4.4227972051e+03    |    4.4285834901e+03    |
| 0.40000 |    3.5987565847e-07    |    4.4315531084e+03    |    4.4372828454e+03    |
| 0.40100 |    3.5972614830e-07    |    4.4402803337e+03    |    4.4459531583e+03    |
| 0.40200 |    3.5957643912e-07    |    4.4489787006e+03    |    4.4545942477e+03    |
| 0.40300 |    3.5942653296e-07    |    4.4576480284e+03    |    4.4632059321e+03    |
| 0.40400 |    3.5927643184e-07    |    4.4662881363e+03    |    4.4717880300e+03    |
| 0.40500 |    3.5912613781e-07    |    4.4748988433e+03    |    4.4803403595e+03    |
| 0.40600 |    3.5897565289e-07    |    4.4834799682e+03    |    4.4888627388e+03    |
| 0.40700 |    3.5882497917e-07    |    4.4920313297e+03    |    4.4973549858e+03    |
| 0.40800 |    3.5867411871e-07    |    4.5005527464e+03    |    4.5058169183e+03    |
| 0.40900 |    3.5852307358e-07    |    4.5090440365e+03    |    4.5142483540e+03    |
| 0.41000 |    3.5837184589e-07    |    4.5175050184e+03    |    4.5226491105e+03    |
| 0.41100 |    3.5822043773e-07    |    4.5259355102e+03    |    4.5310190051e+03    |
| 0.41200 |    3.5806885121e-07    |    4.5343353298e+03    |    4.5393578553e+03    |
| 0.41300 |    3.5791708846e-07    |    4.5427042953e+03    |    4.5476654783e+03    |
| 0.41400 |    3.5776515162e-07    |    4.5510422245e+03    |    4.5559416914e+03    |
| 0.41500 |    3.5761304283e-07    |    4.5593489351e+03    |    4.5641863116e+03    |
| 0.41600 |    3.5746076423e-07    |    4.5676242448e+03    |    4.5723991561e+03    |
| 0.41700 |    3.5730831801e-07    |    4.5758679712e+03    |    4.5805800418e+03    |
| 0.41800 |    3.5715570633e-07    |    4.5840799319e+03    |    4.5887287858e+03    |
| 0.41900 |    3.5700293138e-07    |    4.5922599446e+03    |    4.5968452051e+03    |
| 0.42000 |    3.5684999536e-07    |    4.6004078267e+03    |    4.6049291167e+03    |
| 0.42100 |    3.5669690048e-07    |    4.6085233957e+03    |    4.6129803374e+03    |
| 0.42200 |    3.5654364895e-07    |    4.6166064692e+03    |    4.6209986844e+03    |
| 0.42300 |    3.5639024299e-07    |    4.6246568646e+03    |    4.6289839746e+03    |
| 0.42400 |    3.5623668486e-07    |    4.6326743996e+03    |    4.6369360251e+03    |
| 0.42500 |    3.5608297679e-07    |    4.6406588917e+03    |    4.6448546530e+03    |
| 0.42600 |    3.5592912105e-07    |    4.6486101585e+03    |    4.6527396754e+03    |
| 0.42700 |    3.5577511989e-07    |    4.6565280178e+03    |    4.6605909095e+03    |
| 0.42800 |    3.5562097561e-07    |    4.6644122871e+03    |    4.6684081728e+03    |
| 0.42900 |    3.5546669049e-07    |    4.6722627845e+03    |    4.6761912825e+03    |
| 0.43000 |    3.5531226683e-07    |    4.6800793278e+03    |    4.6839400561e+03    |
| 0.43100 |    3.5515770693e-07    |    4.6878617349e+03    |    4.6916543114e+03    |
| 0.43200 |    3.5500301312e-07    |    4.6956098241e+03    |    4.6993338660e+03    |
| 0.43300 |    3.5484818772e-07    |    4.7033234137e+03    |    4.7069785379e+03    |
| 0.43400 |    3.5469323307e-07    |    4.7110023219e+03    |    4.7145881451e+03    |
| 0.43500 |    3.5453815152e-07    |    4.7186463674e+03    |    4.7221625058e+03    |
| 0.43600 |    3.5438294542e-07    |    4.7262553688e+03    |    4.7297014385e+03    |
| 0.43700 |    3.5422761715e-07    |    4.7338291452e+03    |    4.7372047618e+03    |
| 0.43800 |    3.5407216907e-07    |    4.7413675155e+03    |    4.7446722944e+03    |
| 0.43900 |    3.5391660359e-07    |    4.7488702990e+03    |    4.7521038553e+03    |
| 0.44000 |    3.5376092308e-07    |    4.7563373152e+03    |    4.7594992639e+03    |
| 0.44100 |    3.5360512995e-07    |    4.7637683839e+03    |    4.7668583396e+03    |
| 0.44200 |    3.5344922663e-07    |    4.7711633251e+03    |    4.7741809022e+03    |
| 0.44300 |    3.5329321553e-07    |    4.7785219589e+03    |    4.7814667717e+03    |
| 0.44400 |    3.5313709909e-07    |    4.7858441059e+03    |    4.7887157684e+03    |
| 0.44500 |    3.5298087974e-07    |    4.7931295868e+03    |    4.7959277130e+03    |
| 0.44600 |    3.5282455995e-07    |    4.8003782226e+03    |    4.8031024263e+03    |
| 0.44700 |    3.5266814216e-07    |    4.8075898348e+03    |    4.8102397296e+03    |
| 0.44800 |    3.5251162886e-07    |    4.8147642451e+03    |    4.8173394445e+03    |
| 0.44900 |    3.5235502251e-07    |    4.8219012755e+03    |    4.8244013929e+03    |
| 0.45000 |    3.5219832560e-07    |    4.8290007483e+03    |    4.8314253971e+03    |
| 0.45100 |    3.5204154064e-07    |    4.8360624864e+03    |    4.8384112799e+03    |
| 0.45200 |    3.5188467012e-07    |    4.8430863127e+03    |    4.8453588642e+03    |
| 0.45300 |    3.5172771655e-07    |    4.8500720509e+03    |    4.8522679736e+03    |
| 0.45400 |    3.5157068247e-07    |    4.8570195249e+03    |    4.8591384320e+03    |
| 0.45500 |    3.5141357040e-07    |    4.8639285589e+03    |    4.8659700638e+03    |
| 0.45600 |    3.5125638287e-07    |    4.8707989777e+03    |    4.8727626937e+03    |
| 0.45700 |    3.5109912244e-07    |    4.8776306066e+03    |    4.8795161469e+03    |
| 0.45800 |    3.5094179167e-07    |    4.8844232712e+03    |    4.8862302493e+03    |
| 0.45900 |    3.5078439310e-07    |    4.8911767977e+03    |    4.8929048271e+03    |
| 0.46000 |    3.5062692932e-07    |    4.8978910127e+03    |    4.8995397070e+03    |
| 0.46100 |    3.5046940291e-07    |    4.9045657434e+03    |    4.9061347164e+03    |
| 0.46200 |    3.5031181645e-07    |    4.9112008173e+03    |    4.9126896829e+03    |
| 0.46300 |    3.5015417254e-07    |    4.9177960628e+03    |    4.9192044350e+03    |
| 0.46400 |    3.4999647379e-07    |    4.9243513086e+03    |    4.9256788016e+03    |
| 0.46500 |    3.4983872279e-07    |    4.9308663839e+03    |    4.9321126122e+03    |
| 0.46600 |    3.4968092218e-07    |    4.9373411187e+03    |    4.9385056970e+03    |
| 0.46700 |    3.4952307458e-07    |    4.9437753435e+03    |    4.9448578867e+03    |
| 0.46800 |    3.4936518262e-07    |    4.9501688894e+03    |    4.9511690126e+03    |
| 0.46900 |    3.4920724894e-07    |    4.9565215880e+03    |    4.9574389067e+03    |
| 0.47000 |    3.4904927619e-07    |    4.9628332719e+03    |    4.9636674018e+03    |
| 0.47100 |    3.4889126703e-07    |    4.9691037739e+03    |    4.9698543311e+03    |
| 0.47200 |    3.4873322412e-07    |    4.9753329278e+03    |    4.9759995287e+03    |
| 0.47300 |    3.4857515013e-07    |    4.9815205679e+03    |    4.9821028294e+03    |
| 0.47400 |    3.4841704774e-07    |    4.9876665295e+03    |    4.9881640685e+03    |
| 0.47500 |    3.4825891963e-07    |    4.9937706482e+03    |    4.9941830824e+03    |
| 0.47600 |    3.4810076848e-07    |    4.9998327606e+03    |    5.0001597080e+03    |
| 0.47700 |    3.4794259700e-07    |    5.0058527040e+03    |    5.0060937829e+03    |
| 0.47800 |    3.4778440789e-07    |    5.0118303165e+03    |    5.0119851458e+03    |
| 0.47900 |    3.4762620386e-07    |    5.0177654369e+03    |    5.0178336360e+03    |
| 0.48000 |    3.4746798763e-07    |    5.0236579048e+03    |    5.0236390935e+03    |
| 0.48100 |    3.4730976191e-07    |    5.0295075607e+03    |    5.0294013594e+03    |
| 0.48200 |    3.4715152943e-07    |    5.0353142459e+03    |    5.0351202755e+03    |
| 0.48300 |    3.4699329294e-07    |    5.0410778026e+03    |    5.0407956845e+03    |
| 0.48400 |    3.4683505516e-07    |    5.0467980736e+03    |    5.0464274299e+03    |
| 0.48500 |    3.4667681885e-07    |    5.0524749030e+03    |    5.0520153563e+03    |
| 0.48600 |    3.4651858676e-07    |    5.0581081354e+03    |    5.0575593091e+03    |
| 0.48700 |    3.4636036164e-07    |    5.0636976166e+03    |    5.0630591345e+03    |
| 0.48800 |    3.4620214626e-07    |    5.0692431932e+03    |    5.0685146799e+03    |
| 0.48900 |    3.4604394338e-07    |    5.0747447127e+03    |    5.0739257935e+03    |
| 0.49000 |    3.4588575578e-07    |    5.0802020237e+03    |    5.0792923246e+03    |
| 0.49100 |    3.4572758623e-07    |    5.0856149757e+03    |    5.0846141233e+03    |
| 0.49200 |    3.4556943753e-07    |    5.0909834191e+03    |    5.0898910410e+03    |
| 0.49300 |    3.4541131245e-07    |    5.0963072056e+03    |    5.0951229298e+03    |
| 0.49400 |    3.4525321379e-07    |    5.1015861876e+03    |    5.1003096433e+03    |
| 0.49500 |    3.4509514435e-07    |    5.1068202187e+03    |    5.1054510357e+03    |
| 0.49600 |    3.4493710693e-07    |    5.1120091537e+03    |    5.1105469625e+03    |
| 0.49700 |    3.4477910433e-07    |    5.1171528482e+03    |    5.1155972804e+03    |
| 0.49800 |    3.4462113937e-07    |    5.1222511590e+03    |    5.1206018470e+03    |
| 0.49900 |    3.4446321486e-07    |    5.1273039442e+03    |    5.1255605212e+03    |
| 0.50000 |    3.4430533363e-07    |    5.1323110628e+03    |    5.1304731630e+03    |
| 0.50100 |    3.4414749848e-07    |    5.1372723751e+03    |    5.1353396336e+03    |
| 0.50200 |    3.4398971226e-07    |    5.1421877423e+03    |    5.1401597952e+03    |
| 0.50300 |    3.4383197778e-07    |    5.1470570272e+03    |    5.1449335116e+03    |
| 0.50400 |    3.4367429789e-07    |    5.1518800936e+03    |    5.1496606474e+03    |
| 0.50500 |    3.4351667542e-07    |    5.1566568063e+03    |    5.1543410687e+03    |
| 0.50600 |    3.4335911321e-07    |    5.1613870317e+03    |    5.1589746428e+03    |
| 0.50700 |    3.4320161411e-07    |    5.1660706372e+03    |    5.1635612382e+03    |
| 0.50800 |    3.4304418095e-07    |    5.1707074917e+03    |    5.1681007248e+03    |
| 0.50900 |    3.4288681660e-07    |    5.1752974651e+03    |    5.1725929737e+03    |
| 0.51000 |    3.4272952389e-07    |    5.1798404288e+03    |    5.1770378574e+03    |
| 0.51100 |    3.4257230570e-07    |    5.1843362555e+03    |    5.1814352497e+03    |
| 0.51200 |    3.4241516487e-07    |    5.1887848192e+03    |    5.1857850259e+03    |
| 0.51300 |    3.4225810426e-07    |    5.1931859953e+03    |    5.1900870624e+03    |
| 0.51400 |    3.4210112674e-07    |    5.1975396605e+03    |    5.1943412373e+03    |
| 0.51500 |    3.4194423516e-07    |    5.2018456931e+03    |    5.1985474299e+03    |
| 0.51600 |    3.4178743240e-07    |    5.2061039724e+03    |    5.2027055211e+03    |
| 0.51700 |    3.4163072132e-07    |    5.2103143796e+03    |    5.2068153930e+03    |
| 0.51800 |    3.4147410478e-07    |    5.2144767970e+03    |    5.2108769294e+03    |
| 0.51900 |    3.4131758567e-07    |    5.2185911085e+03    |    5.2148900155e+03    |
| 0.52000 |    3.4116116685e-07    |    5.2226571995e+03    |    5.2188545380e+03    |
| 0.52100 |    3.4100485119e-07    |    5.2266749569e+03    |    5.2227703851e+03    |
| 0.52200 |    3.4084864158e-07    |    5.2306442690e+03    |    5.2266374466e+03    |
| 0.52300 |    3.4069254087e-07    |    5.2345650258e+03    |    5.2304556139e+03    |
| 0.52400 |    3.4053655195e-07    |    5.2384371188e+03    |    5.2342247797e+03    |
| 0.52500 |    3.4038067769e-07    |    5.2422604409e+03    |    5.2379448385e+03    |
| 0.52600 |    3.4022492098e-07    |    5.2460348867e+03    |    5.2416156865e+03    |
| 0.52700 |    3.4006928468e-07    |    5.2497603526e+03    |    5.2452372214e+03    |
| 0.52800 |    3.3991377167e-07    |    5.2534367364e+03    |    5.2488093424e+03    |
| 0.52900 |    3.3975838483e-07    |    5.2570639374e+03    |    5.2523319506e+03    |
| 0.53000 |    3.3960312704e-07    |    5.2606418569e+03    |    5.2558049486e+03    |
| 0.53100 |    3.3944800117e-07    |    5.2641703977e+03    |    5.2592282409e+03    |
| 0.53200 |    3.3929301009e-07    |    5.2676494643e+03    |    5.2626017334e+03    |
| 0.53300 |    3.3913815669e-07    |    5.2710789629e+03    |    5.2659253341e+03    |
| 0.53400 |    3.3898344384e-07    |    5.2744588014e+03    |    5.2691989524e+03    |
| 0.53500 |    3.3882887440e-07    |    5.2777888895e+03    |    5.2724224997e+03    |
| 0.53600 |    3.3867445126e-07    |    5.2810691386e+03    |    5.2755958891e+03    |
| 0.53700 |    3.3852017728e-07    |    5.2842994619e+03    |    5.2787190354e+03    |
| 0.53800 |    3.3836605532e-07    |    5.2874797746e+03    |    5.2817918554e+03    |
| 0.53900 |    3.3821208827e-07    |    5.2906099932e+03    |    5.2848142676e+03    |
| 0.54000 |    3.3805827898e-07    |    5.2936900366e+03    |    5.2877861923e+03    |
| 0.54100 |    3.3790463033e-07    |    5.2967198252e+03    |    5.2907075519e+03    |
| 0.54200 |    3.3775114516e-07    |    5.2996992814e+03    |    5.2935782704e+03    |
| 0.54300 |    3.3759782634e-07    |    5.3026283294e+03    |    5.2963982739e+03    |
| 0.54400 |    3.3744467672e-07    |    5.3055068953e+03    |    5.2991674903e+03    |
| 0.54500 |    3.3729169917e-07    |    5.3083349072e+03    |    5.3018858495e+03    |
| 0.54600 |    3.3713889653e-07    |    5.3111122951e+03    |    5.3045532834e+03    |
| 0.54700 |    3.3698627166e-07    |    5.3138389908e+03    |    5.3071697256e+03    |
| 0.54800 |    3.3683382739e-07    |    5.3165149284e+03    |    5.3097351120e+03    |
| 0.54900 |    3.3668156657e-07    |    5.3191400436e+03    |    5.3122493803e+03    |
| 0.55000 |    3.3652949204e-07    |    5.3217142743e+03    |    5.3147124704e+03    |
| 0.55100 |    3.3637760663e-07    |    5.3242375604e+03    |    5.3171243240e+03    |
| 0.55200 |    3.3622591318e-07    |    5.3267098438e+03    |    5.3194848850e+03    |
| 0.55300 |    3.3607441451e-07    |    5.3291310685e+03    |    5.3217940993e+03    |
| 0.55400 |    3.3592311345e-07    |    5.3315011805e+03    |    5.3240519150e+03    |
| 0.55500 |    3.3577201281e-07    |    5.3338201279e+03    |    5.3262582821e+03    |
| 0.55600 |    3.3562111542e-07    |    5.3360878609e+03    |    5.3284131528e+03    |
| 0.55700 |    3.3547042407e-07    |    5.3383043318e+03    |    5.3305164816e+03    |
| 0.55800 |    3.3531994158e-07    |    5.3404694951e+03    |    5.3325682249e+03    |
| 0.55900 |    3.3516967075e-07    |    5.3425833073e+03    |    5.3345683412e+03    |
| 0.56000 |    3.3501961437e-07    |    5.3446457271e+03    |    5.3365167915e+03    |
| 0.56100 |    3.3486977524e-07    |    5.3466567156e+03    |    5.3384135388e+03    |
| 0.56200 |    3.3472015613e-07    |    5.3486162357e+03    |    5.3402585483e+03    |
| 0.56300 |    3.3457075982e-07    |    5.3505242529e+03    |    5.3420517873e+03    |
| 0.56400 |    3.3442158910e-07    |    5.3523807346e+03    |    5.3437932256e+03    |
| 0.56500 |    3.3427264672e-07    |    5.3541856506e+03    |    5.3454828352e+03    |
| 0.56600 |    3.3412393544e-07    |    5.3559389729e+03    |    5.3471205901e+03    |
| 0.56700 |    3.3397545803e-07    |    5.3576406759e+03    |    5.3487064669e+03    |
| 0.56800 |    3.3382721723e-07    |    5.3592907360e+03    |    5.3502404443e+03    |
| 0.56900 |    3.3367921577e-07    |    5.3608891322e+03    |    5.3517225034e+03    |
| 0.57000 |    3.3353145640e-07    |    5.3624358456e+03    |    5.3531526276e+03    |
| 0.57100 |    3.3338394185e-07    |    5.3639308598e+03    |    5.3545308026e+03    |
| 0.57200 |    3.3323667482e-07    |    5.3653741605e+03    |    5.3558570165e+03    |
| 0.57300 |    3.3308965804e-07    |    5.3667657360e+03    |    5.3571312598e+03    |
| 0.57400 |    3.3294289421e-07    |    5.3681055769e+03    |    5.3583535252e+03    |
| 0.57500 |    3.3279638602e-07    |    5.3693936760e+03    |    5.3595238081e+03    |
| 0.57600 |    3.3265013618e-07    |    5.3706300288e+03    |    5.3606421061e+03    |
| 0.57700 |    3.3250414734e-07    |    5.3718146330e+03    |    5.3617084191e+03    |
| 0.57800 |    3.3235842221e-07    |    5.3729474887e+03    |    5.3627227498e+03    |
| 0.57900 |    3.3221296342e-07    |    5.3740285986e+03    |    5.3636851030e+03    |
| 0.58000 |    3.3206777365e-07    |    5.3750579677e+03    |    5.3645954861e+03    |
| 0.58100 |    3.3192285554e-07    |    5.3760356036e+03    |    5.3654539090e+03    |
| 0.58200 |    3.3177821172e-07    |    5.3769615162e+03    |    5.3662603840e+03    |
| 0.58300 |    3.3163384483e-07    |    5.3778357181e+03    |    5.3670149260e+03    |
| 0.58400 |    3.3148975748e-07    |    5.3786582243e+03    |    5.3677175523e+03    |
| 0.58500 |    3.3134595229e-07    |    5.3794290521e+03    |    5.3683682829e+03    |
| 0.58600 |    3.3120243186e-07    |    5.3801482217e+03    |    5.3689671400e+03    |
| 0.58700 |    3.3105919877e-07    |    5.3808157557e+03    |    5.3695141488e+03    |
| 0.58800 |    3.3091625561e-07    |    5.3814316791e+03    |    5.3700093366e+03    |
| 0.58900 |    3.3077360495e-07    |    5.3819960196e+03    |    5.3704527335e+03    |
| 0.59000 |    3.3063124935e-07    |    5.3825088074e+03    |    5.3708443723e+03    |
| 0.59100 |    3.3048919135e-07    |    5.3829700755e+03    |    5.3711842881e+03    |
| 0.59200 |    3.3034743350e-07    |    5.3833798591e+03    |    5.3714725187e+03    |
| 0.59300 |    3.3020597832e-07    |    5.3837381964e+03    |    5.3717091047e+03    |
| 0.59400 |    3.3006482834e-07    |    5.3840451280e+03    |    5.3718940891e+03    |
| 0.59500 |    3.2992398605e-07    |    5.3843006971e+03    |    5.3720275176e+03    |
| 0.59600 |    3.2978345395e-07    |    5.3845049496e+03    |    5.3721094385e+03    |
| 0.59700 |    3.2964323453e-07    |    5.3846579341e+03    |    5.3721399029e+03    |
| 0.59800 |    3.2950333024e-07    |    5.3847597018e+03    |    5.3721189643e+03    |
| 0.59900 |    3.2936374357e-07    |    5.3848103066e+03    |    5.3720466790e+03    |
| 0.60000 |    3.2922447694e-07    |    5.3848098050e+03    |    5.3719231061e+03    |
| 0.60100 |    3.2908553279e-07    |    5.3847582563e+03    |    5.3717483073e+03    |
| 0.60200 |    3.2894691355e-07    |    5.3846557223e+03    |    5.3715223468e+03    |
| 0.60300 |    3.2880862163e-07    |    5.3845022676e+03    |    5.3712452918e+03    |
| 0.60400 |    3.2867065942e-07    |    5.3842979597e+03    |    5.3709172119e+03    |
| 0.60500 |    3.2853302931e-07    |    5.3840428685e+03    |    5.3705381798e+03    |
| 0.60600 |    3.2839573366e-07    |    5.3837370668e+03    |    5.3701082706e+03    |
| 0.60700 |    3.2825877483e-07    |    5.3833806301e+03    |    5.3696275623e+03    |
| 0.60800 |    3.2812215518e-07    |    5.3829736366e+03    |    5.3690961354e+03    |
| 0.60900 |    3.2798587702e-07    |    5.3825161674e+03    |    5.3685140736e+03    |
| 0.61000 |    3.2784994268e-07    |    5.3820083062e+03    |    5.3678814628e+03    |
| 0.61100 |    3.2771435446e-07    |    5.3814501394e+03    |    5.3671983921e+03    |
| 0.61200 |    3.2757911465e-07    |    5.3808417564e+03    |    5.3664649531e+03    |
| 0.61300 |    3.2744422551e-07    |    5.3801832491e+03    |    5.3656812402e+03    |
| 0.61400 |    3.2730968932e-07    |    5.3794747124e+03    |    5.3648473508e+03    |
| 0.61500 |    3.2717550831e-07    |    5.3787162439e+03    |    5.3639633847e+03    |
| 0.61600 |    3.2704168472e-07    |    5.3779079440e+03    |    5.3630294448e+03    |
| 0.61700 |    3.2690822077e-07    |    5.3770499157e+03    |    5.3620456367e+03    |
| 0.61800 |    3.2677511864e-07    |    5.3761422652e+03    |    5.3610120686e+03    |
| 0.61900 |    3.2664238054e-07    |    5.3751851012e+03    |    5.3599288517e+03    |
| 0.62000 |    3.2651000863e-07    |    5.3741785352e+03    |    5.3587961000e+03    |
| 0.62100 |    3.2637800506e-07    |    5.3731226816e+03    |    5.3576139303e+03    |
| 0.62200 |    3.2624637198e-07    |    5.3720176577e+03    |    5.3563824619e+03    |
| 0.62300 |    3.2611511150e-07    |    5.3708635834e+03    |    5.3551018173e+03    |
| 0.62400 |    3.2598422574e-07    |    5.3696605816e+03    |    5.3537721217e+03    |
| 0.62500 |    3.2585371679e-07    |    5.3684087779e+03    |    5.3523935029e+03    |
| 0.62600 |    3.2572358671e-07    |    5.3671083008e+03    |    5.3509660918e+03    |
| 0.62700 |    3.2559383758e-07    |    5.3657592816e+03    |    5.3494900219e+03    |
| 0.62800 |    3.2546447143e-07    |    5.3643618544e+03    |    5.3479654296e+03    |
| 0.62900 |    3.2533549028e-07    |    5.3629161561e+03    |    5.3463924541e+03    |
| 0.63000 |    3.2520689616e-07    |    5.3614223266e+03    |    5.3447712373e+03    |
| 0.63100 |    3.2507869104e-07    |    5.3598805084e+03    |    5.3431019242e+03    |
| 0.63200 |    3.2495087690e-07    |    5.3582908468e+03    |    5.3413846622e+03    |
| 0.63300 |    3.2482345570e-07    |    5.3566534903e+03    |    5.3396196019e+03    |
| 0.63400 |    3.2469642939e-07    |    5.3549685898e+03    |    5.3378068965e+03    |
| 0.63500 |    3.2456979987e-07    |    5.3532362993e+03    |    5.3359467019e+03    |
| 0.63600 |    3.2444356907e-07    |    5.3514567754e+03    |    5.3340391772e+03    |
| 0.63700 |    3.2431773886e-07    |    5.3496301777e+03    |    5.3320844838e+03    |
| 0.63800 |    3.2419231111e-07    |    5.3477566686e+03    |    5.3300827862e+03    |
| 0.63900 |    3.2406728768e-07    |    5.3458364132e+03    |    5.3280342517e+03    |
| 0.64000 |    3.2394267039e-07    |    5.3438695795e+03    |    5.3259390503e+03    |
| 0.64100 |    3.2381846107e-07    |    5.3418563384e+03    |    5.3237973547e+03    |
| 0.64200 |    3.2369466151e-07    |    5.3397968634e+03    |    5.3216093406e+03    |
| 0.64300 |    3.2357127348e-07    |    5.3376913310e+03    |    5.3193751863e+03    |
| 0.64400 |    3.2344829875e-07    |    5.3355399202e+03    |    5.3170950730e+03    |
| 0.64500 |    3.2332573905e-07    |    5.3333428132e+03    |    5.3147691846e+03    |
| 0.64600 |    3.2320359611e-07    |    5.3311001948e+03    |    5.3123977077e+03    |
| 0.64700 |    3.2308187164e-07    |    5.3288122524e+03    |    5.3099808318e+03    |
| 0.64800 |    3.2296056730e-07    |    5.3264791765e+03    |    5.3075187489e+03    |
| 0.64900 |    3.2283968477e-07    |    5.3241011601e+03    |    5.3050116541e+03    |
| 0.65000 |    3.2271922569e-07    |    5.3216783991e+03    |    5.3024597448e+03    |
| 0.65100 |    3.2259919169e-07    |    5.3192110922e+03    |    5.2998632216e+03    |
| 0.65200 |    3.2247958437e-07    |    5.3166994408e+03    |    5.2972222875e+03    |
| 0.65300 |    3.2236040532e-07    |    5.3141436489e+03    |    5.2945371481e+03    |
| 0.65400 |    3.2224165610e-07    |    5.3115439234e+03    |    5.2918080121e+03    |
| 0.65500 |    3.2212333827e-07    |    5.3089004740e+03    |    5.2890350906e+03    |
| 0.65600 |    3.2200545333e-07    |    5.3062135128e+03    |    5.2862185973e+03    |
| 0.65700 |    3.2188800282e-07    |    5.3034832549e+03    |    5.2833587489e+03    |
| 0.65800 |    3.2177098819e-07    |    5.3007099179e+03    |    5.2804557645e+03    |
| 0.65900 |    3.2165441094e-07    |    5.2978937223e+03    |    5.2775098658e+03    |
| 0.66000 |    3.2153827249e-07    |    5.2950348912e+03    |    5.2745212774e+03    |
| 0.66100 |    3.2142257427e-07    |    5.2921336501e+03    |    5.2714902263e+03    |
| 0.66200 |    3.2130731769e-07    |    5.2891902274e+03    |    5.2684169421e+03    |
| 0.66300 |    3.2119250413e-07    |    5.2862048543e+03    |    5.2653016572e+03    |
| 0.66400 |    3.2107813496e-07    |    5.2831777642e+03    |    5.2621446063e+03    |
| 0.66500 |    3.2096421151e-07    |    5.2801091934e+03    |    5.2589460268e+03    |
| 0.66600 |    3.2085073511e-07    |    5.2769993807e+03    |    5.2557061588e+03    |
| 0.66700 |    3.2073770705e-07    |    5.2738485676e+03    |    5.2524252447e+03    |
| 0.66800 |    3.2062512862e-07    |    5.2706569981e+03    |    5.2491035296e+03    |
| 0.66900 |    3.2051300107e-07    |    5.2674249186e+03    |    5.2457412609e+03    |
| 0.67000 |    3.2040132564e-07    |    5.2641525783e+03    |    5.2423386888e+03    |
| 0.67100 |    3.2029010355e-07    |    5.2608402288e+03    |    5.2388960656e+03    |
| 0.67200 |    3.2017933598e-07    |    5.2574881241e+03    |    5.2354136464e+03    |
| 0.67300 |    3.2006902412e-07    |    5.2540965210e+03    |    5.2318916885e+03    |
| 0.67400 |    3.1995916911e-07    |    5.2506656784e+03    |    5.2283304518e+03    |
| 0.67500 |    3.1984977208e-07    |    5.2471958579e+03    |    5.2247301984e+03    |
| 0.67600 |    3.1974083414e-07    |    5.2436873235e+03    |    5.2210911929e+03    |
| 0.67700 |    3.1963235637e-07    |    5.2401403416e+03    |    5.2174137024e+03    |
| 0.67800 |    3.1952433985e-07    |    5.2365551809e+03    |    5.2136979960e+03    |
| 0.67900 |    3.1941678560e-07    |    5.2329321128e+03    |    5.2099443455e+03    |
| 0.68000 |    3.1930969466e-07    |    5.2292714106e+03    |    5.2061530247e+03    |
| 0.68100 |    3.1920306803e-07    |    5.2255733503e+03    |    5.2023243099e+03    |
| 0.68200 |    3.1909690667e-07    |    5.2218382102e+03    |    5.1984584795e+03    |
| 0.68300 |    3.1899121154e-07    |    5.2180662706e+03    |    5.1945558143e+03    |
| 0.68400 |    3.1888598359e-07    |    5.2142578145e+03    |    5.1906165971e+03    |
| 0.68500 |    3.1878122371e-07    |    5.2104131268e+03    |    5.1866411131e+03    |
| 0.68600 |    3.1867693279e-07    |    5.2065324948e+03    |    5.1826296496e+03    |
| 0.68700 |    3.1857311171e-07    |    5.2026162081e+03    |    5.1785824959e+03    |
| 0.68800 |    3.1846976131e-07    |    5.1986645583e+03    |    5.1744999437e+03    |
| 0.68900 |    3.1836688241e-07    |    5.1946778393e+03    |    5.1703822865e+03    |
| 0.69000 |    3.1826447580e-07    |    5.1906563470e+03    |    5.1662298202e+03    |
| 0.69100 |    3.1816254228e-07    |    5.1866003795e+03    |    5.1620428423e+03    |
| 0.69200 |    3.1806108258e-07    |    5.1825102371e+03    |    5.1578216528e+03    |
| 0.69300 |    3.1796009746e-07    |    5.1783862221e+03    |    5.1535665533e+03    |
| 0.69400 |    3.1785958761e-07    |    5.1742286386e+03    |    5.1492778477e+03    |
| 0.69500 |    3.1775955372e-07    |    5.1700377930e+03    |    5.1449558414e+03    |
| 0.69600 |    3.1765999647e-07    |    5.1658139936e+03    |    5.1406008422e+03    |
| 0.69700 |    3.1756091649e-07    |    5.1615575507e+03    |    5.1362131594e+03    |
| 0.69800 |    3.1746231441e-07    |    5.1572687764e+03    |    5.1317931044e+03    |
| 0.69900 |    3.1736419082e-07    |    5.1529479849e+03    |    5.1273409902e+03    |
| 0.70000 |    3.1726654631e-07    |    5.1485954920e+03    |    5.1228571318e+03    |
| 0.70100 |    3.1716938142e-07    |    5.1442116156e+03    |    5.1183418458e+03    |
| 0.70200 |    3.1707269668e-07    |    5.1397966753e+03    |    5.1137954506e+03    |
| 0.70300 |    3.1697649262e-07    |    5.1353509925e+03    |    5.1092182663e+03    |
| 0.70400 |    3.1688076971e-07    |    5.1308748903e+03    |    5.1046106147e+03    |
| 0.70500 |    3.1678552841e-07    |    5.1263686936e+03    |    5.0999728191e+03    |
| 0.70600 |    3.1669076918e-07    |    5.1218327290e+03    |    5.0953052045e+03    |
| 0.70700 |    3.1659649242e-07    |    5.1172673247e+03    |    5.0906080975e+03    |
| 0.70800 |    3.1650269854e-07    |    5.1126728105e+03    |    5.0858818261e+03    |
| 0.70900 |    3.1640938791e-07    |    5.1080495179e+03    |    5.0811267200e+03    |
| 0.71000 |    3.1631656089e-07    |    5.1033977799e+03    |    5.0763431101e+03    |
| 0.71100 |    3.1622421780e-07    |    5.0987179310e+03    |    5.0715313291e+03    |
| 0.71200 |    3.1613235895e-07    |    5.0940103072e+03    |    5.0666917106e+03    |
| 0.71300 |    3.1604098463e-07    |    5.0892752459e+03    |    5.0618245901e+03    |
| 0.71400 |    3.1595009510e-07    |    5.0845130862e+03    |    5.0569303039e+03    |
| 0.71500 |    3.1585969060e-07    |    5.0797241683e+03    |    5.0520091901e+03    |
| 0.71600 |    3.1576977136e-07    |    5.0749088339e+03    |    5.0470615876e+03    |
| 0.71700 |    3.1568033756e-07    |    5.0700674258e+03    |    5.0420878368e+03    |
| 0.71800 |    3.1559138938e-07    |    5.0652002884e+03    |    5.0370882792e+03    |
| 0.71900 |    3.1550292698e-07    |    5.0603077671e+03    |    5.0320632573e+03    |
| 0.72000 |    3.1541495048e-07    |    5.0553902086e+03    |    5.0270131150e+03    |
| 0.72100 |    3.1532746000e-07    |    5.0504479608e+03    |    5.0219381969e+03    |
| 0.72200 |    3.1524045562e-07    |    5.0454813727e+03    |    5.0168388489e+03    |
| 0.72300 |    3.1515393740e-07    |    5.0404907943e+03    |    5.0117154177e+03    |
| 0.72400 |    3.1506790539e-07    |    5.0354765769e+03    |    5.0065682511e+03    |
| 0.72500 |    3.1498235961e-07    |    5.0304390725e+03    |    5.0013976976e+03    |
| 0.72600 |    3.1489730005e-07    |    5.0253786342e+03    |    4.9962041069e+03    |
| 0.72700 |    3.1481272670e-07    |    5.0202956163e+03    |    4.9909878290e+03    |
| 0.72800 |    3.1472863951e-07    |    5.0151903735e+03    |    4.9857492152e+03    |
| 0.72900 |    3.1464503841e-07    |    5.0100632618e+03    |    4.9804886172e+03    |
| 0.73000 |    3.1456192332e-07    |    5.0049146377e+03    |    4.9752063876e+03    |
| 0.73100 |    3.1447929412e-07    |    4.9997448587e+03    |    4.9699028794e+03    |
| 0.73200 |    3.1439715070e-07    |    4.9945542829e+03    |    4.9645784464e+03    |
| 0.73300 |    3.1431549289e-07    |    4.9893432692e+03    |    4.9592334430e+03    |
| 0.73400 |    3.1423432052e-07    |    4.9841121771e+03    |    4.9538682239e+03    |
| 0.73500 |    3.1415363340e-07    |    4.9788613665e+03    |    4.9484831446e+03    |
| 0.73600 |    3.1407343131e-07    |    4.9735911982e+03    |    4.9430785607e+03    |
| 0.73700 |    3.1399371402e-07    |    4.9683020334e+03    |    4.9376548285e+03    |
| 0.73800 |    3.1391448126e-07    |    4.9629942336e+03    |    4.9322123043e+03    |
| 0.73900 |    3.1383573277e-07    |    4.9576681611e+03    |    4.9267513450e+03    |
| 0.74000 |    3.1375746824e-07    |    4.9523241782e+03    |    4.9212723077e+03    |
| 0.74100 |    3.1367968735e-07    |    4.9469626479e+03    |    4.9157755495e+03    |
| 0.74200 |    3.1360238976e-07    |    4.9415839331e+03    |    4.9102614279e+03    |
| 0.74300 |    3.1352557510e-07    |    4.9361883974e+03    |    4.9047303004e+03    |
| 0.74400 |    3.1344924301e-07    |    4.9307764043e+03    |    4.8991825246e+03    |
| 0.74500 |    3.1337339307e-07    |    4.9253483177e+03    |    4.8936184581e+03    |
| 0.74600 |    3.1329802486e-07    |    4.9199045013e+03    |    4.8880384586e+03    |
| 0.74700 |    3.1322313795e-07    |    4.9144453192e+03    |    4.8824428836e+03    |
| 0.74800 |    3.1314873186e-07    |    4.9089711354e+03    |    4.8768320906e+03    |
| 0.74900 |    3.1307480612e-07    |    4.9034823140e+03    |    4.8712064367e+03    |
| 0.75000 |    3.1300136022e-07    |    4.8979792188e+03    |    4.8655662790e+03    |
| 0.75100 |    3.1292839363e-07    |    4.8924622137e+03    |    4.8599119743e+03    |
| 0.75200 |    3.1285590583e-07    |    4.8869316625e+03    |    4.8542438792e+03    |
| 0.75300 |    3.1278389624e-07    |    4.8813879286e+03    |    4.8485623498e+03    |
| 0.75400 |    3.1271236429e-07    |    4.8758313752e+03    |    4.8428677417e+03    |
| 0.75500 |    3.1264130936e-07    |    4.8702623655e+03    |    4.8371604104e+03    |
| 0.75600 |    3.1257073085e-07    |    4.8646812619e+03    |    4.8314407105e+03    |
| 0.75700 |    3.1250062812e-07    |    4.8590884268e+03    |    4.8257089964e+03    |
| 0.75800 |    3.1243100050e-07    |    4.8534842221e+03    |    4.8199656217e+03    |
| 0.75900 |    3.1236184732e-07    |    4.8478690090e+03    |    4.8142109395e+03    |
| 0.76000 |    3.1229316788e-07    |    4.8422431485e+03    |    4.8084453020e+03    |
| 0.76100 |    3.1222496146e-07    |    4.8366070009e+03    |    4.8026690609e+03    |
| 0.76200 |    3.1215722734e-07    |    4.8309609257e+03    |    4.7968825670e+03    |
| 0.76300 |    3.1208996476e-07    |    4.8253052821e+03    |    4.7910861702e+03    |
| 0.76400 |    3.1202317295e-07    |    4.8196404283e+03    |    4.7852802197e+03    |
| 0.76500 |    3.1195685112e-07    |    4.8139667219e+03    |    4.7794650636e+03    |
| 0.76600 |    3.1189099847e-07    |    4.8082845197e+03    |    4.7736410491e+03    |
| 0.76700 |    3.1182561416e-07    |    4.8025941775e+03    |    4.7678085223e+03    |
| 0.76800 |    3.1176069736e-07    |    4.7968960504e+03    |    4.7619678283e+03    |
| 0.76900 |    3.1169624721e-07    |    4.7911904924e+03    |    4.7561193111e+03    |
| 0.77000 |    3.1163226282e-07    |    4.7854778567e+03    |    4.7502633134e+03    |
| 0.77100 |    3.1156874331e-07    |    4.7797584954e+03    |    4.7444001768e+03    |
| 0.77200 |    3.1150568775e-07    |    4.7740327594e+03    |    4.7385302416e+03    |
| 0.77300 |    3.1144309523e-07    |    4.7683009985e+03    |    4.7326538467e+03    |
| 0.77400 |    3.1138096478e-07    |    4.7625635615e+03    |    4.7267713298e+03    |
| 0.77500 |    3.1131929544e-07    |    4.7568207959e+03    |    4.7208830270e+03    |
| 0.77600 |    3.1125808624e-07    |    4.7510730479e+03    |    4.7149892730e+03    |
| 0.77700 |    3.1119733618e-07    |    4.7453206623e+03    |    4.7090904011e+03    |
| 0.77800 |    3.1113704423e-07    |    4.7395639829e+03    |    4.7031867429e+03    |
| 0.77900 |    3.1107720937e-07    |    4.7338033516e+03    |    4.6972786285e+03    |
| 0.78000 |    3.1101783055e-07    |    4.7280391093e+03    |    4.6913663862e+03    |
| 0.78100 |    3.1095890671e-07    |    4.7222715952e+03    |    4.6854503428e+03    |
| 0.78200 |    3.1090043677e-07    |    4.7165011470e+03    |    4.6795308232e+03    |
| 0.78300 |    3.1084241962e-07    |    4.7107281009e+03    |    4.6736081506e+03    |
| 0.78400 |    3.1078485416e-07    |    4.7049527914e+03    |    4.6676826464e+03    |
| 0.78500 |    3.1072773926e-07    |    4.6991755512e+03    |    4.6617546299e+03    |
| 0.78600 |    3.1067107378e-07    |    4.6933967117e+03    |    4.6558244187e+03    |
| 0.78700 |    3.1061485655e-07    |    4.6876166022e+03    |    4.6498923283e+03    |
| 0.78800 |    3.1055908641e-07    |    4.6818355504e+03    |    4.6439586723e+03    |
| 0.78900 |    3.1050376216e-07    |    4.6760538820e+03    |    4.6380237622e+03    |
| 0.79000 |    3.1044888261e-07    |    4.6702719210e+03    |    4.6320879072e+03    |
| 0.79100 |    3.1039444652e-07    |    4.6644899893e+03    |    4.6261514147e+03    |
| 0.79200 |    3.1034045268e-07    |    4.6587084072e+03    |    4.6202145895e+03    |
| 0.79300 |    3.1028689982e-07    |    4.6529274925e+03    |    4.6142777346e+03    |
| 0.79400 |    3.1023378669e-07    |    4.6471475615e+03    |    4.6083411505e+03    |
| 0.79500 |    3.1018111201e-07    |    4.6413689280e+03    |    4.6024051352e+03    |
| 0.79600 |    3.1012887449e-07    |    4.6355919039e+03    |    4.5964699846e+03    |
| 0.79700 |    3.1007707282e-07    |    4.6298167989e+03    |    4.5905359922e+03    |
| 0.79800 |    3.1002570569e-07    |    4.6240439206e+03    |    4.5846034488e+03    |
| 0.79900 |    3.0997477176e-07    |    4.6182735742e+03    |    4.5786726431e+03    |
| 0.80000 |    3.0992426969e-07    |    4.6125060629e+03    |    4.5727438610e+03    |
| 0.80100 |    3.0987419811e-07    |    4.6067416874e+03    |    4.5668173858e+03    |
| 0.80200 |    3.0982455565e-07    |    4.6009807460e+03    |    4.5608934984e+03    |
| 0.80300 |    3.0977534094e-07    |    4.5952235350e+03    |    4.5549724769e+03    |
| 0.80400 |    3.0972655255e-07    |    4.5894703478e+03    |    4.5490545969e+03    |
| 0.80500 |    3.0967818910e-07    |    4.5837214759e+03    |    4.5431401310e+03    |
| 0.80600 |    3.0963024914e-07    |    4.5779772080e+03    |    4.5372293494e+03    |
| 0.80700 |    3.0958273125e-07    |    4.5722378303e+03    |    4.5313225192e+03    |
| 0.80800 |    3.0953563397e-07    |    4.5665036266e+03    |    4.5254199049e+03    |
| 0.80900 |    3.0948895584e-07    |    4.5607748782e+03    |    4.5195217681e+03    |
| 0.81000 |    3.0944269538e-07    |    4.5550518636e+03    |    4.5136283673e+03    |
| 0.81100 |    3.0939685111e-07    |    4.5493348588e+03    |    4.5077399585e+03    |
| 0.81200 |    3.0935142154e-07    |    4.5436241374e+03    |    4.5018567943e+03    |
| 0.81300 |    3.0930640514e-07    |    4.5379199698e+03    |    4.4959791246e+03    |
| 0.81400 |    3.0926180041e-07    |    4.5322226243e+03    |    4.4901071963e+03    |
| 0.81500 |    3.0921760579e-07    |    4.5265323660e+03    |    4.4842412530e+03    |
| 0.81600 |    3.0917381976e-07    |    4.5208494575e+03    |    4.4783815355e+03    |
| 0.81700 |    3.0913044075e-07    |    4.5151741585e+03    |    4.4725282814e+03    |
| 0.81800 |    3.0908746720e-07    |    4.5095067262e+03    |    4.4666817251e+03    |
| 0.81900 |    3.0904489753e-07    |    4.5038474147e+03    |    4.4608420979e+03    |
| 0.82000 |    3.0900273015e-07    |    4.4981964754e+03    |    4.4550096280e+03    |
| 0.82100 |    3.0896096346e-07    |    4.4925541567e+03    |    4.4491845402e+03    |
| 0.82200 |    3.0891959584e-07    |    4.4869207044e+03    |    4.4433670564e+03    |
| 0.82300 |    3.0887862569e-07    |    4.4812963612e+03    |    4.4375573948e+03    |
| 0.82400 |    3.0883805137e-07    |    4.4756813669e+03    |    4.4317557706e+03    |
| 0.82500 |    3.0879787124e-07    |    4.4700759585e+03    |    4.4259623958e+03    |
| 0.82600 |    3.0875808364e-07    |    4.4644803701e+03    |    4.4201774789e+03    |
| 0.82700 |    3.0871868692e-07    |    4.4588948326e+03    |    4.4144012250e+03    |
| 0.82800 |    3.0867967941e-07    |    4.4533195743e+03    |    4.4086338361e+03    |
| 0.82900 |    3.0864105942e-07    |    4.4477548202e+03    |    4.4028755105e+03    |
| 0.83000 |    3.0860282527e-07    |    4.4422007926e+03    |    4.3971264435e+03    |
| 0.83100 |    3.0856497525e-07    |    4.4366577107e+03    |    4.3913868266e+03    |
| 0.83200 |    3.0852750767e-07    |    4.4311257907e+03    |    4.3856568482e+03    |
| 0.83300 |    3.0849042079e-07    |    4.4256052457e+03    |    4.3799366930e+03    |
| 0.83400 |    3.0845371290e-07    |    4.4200962860e+03    |    4.3742265425e+03    |
| 0.83500 |    3.0841738226e-07    |    4.4145991189e+03    |    4.3685265745e+03    |
| 0.83600 |    3.0838142713e-07    |    4.4091139484e+03    |    4.3628369635e+03    |
| 0.83700 |    3.0834584575e-07    |    4.4036409758e+03    |    4.3571578806e+03    |
| 0.83800 |    3.0831063636e-07    |    4.3981803993e+03    |    4.3514894931e+03    |
| 0.83900 |    3.0827579719e-07    |    4.3927324140e+03    |    4.3458319650e+03    |
| 0.84000 |    3.0824132647e-07    |    4.3872972122e+03    |    4.3401854570e+03    |
| 0.84100 |    3.0820722241e-07    |    4.3818749830e+03    |    4.3345501258e+03    |
| 0.84200 |    3.0817348321e-07    |    4.3764659127e+03    |    4.3289261251e+03    |
| 0.84300 |    3.0814010708e-07    |    4.3710701843e+03    |    4.3233136047e+03    |
| 0.84400 |    3.0810709220e-07    |    4.3656879782e+03    |    4.3177127110e+03    |
| 0.84500 |    3.0807443675e-07    |    4.3603194716e+03    |    4.3121235871e+03    |
| 0.84600 |    3.0804213892e-07    |    4.3549648388e+03    |    4.3065463723e+03    |
| 0.84700 |    3.0801019687e-07    |    4.3496242513e+03    |    4.3009812025e+03    |
| 0.84800 |    3.0797860876e-07    |    4.3442978773e+03    |    4.2954282100e+03    |
| 0.84900 |    3.0794737275e-07    |    4.3389858826e+03    |    4.2898875238e+03    |
| 0.85000 |    3.0791648698e-07    |    4.3336884296e+03    |    4.2843592691e+03    |
| 0.85100 |    3.0788594958e-07    |    4.3284056783e+03    |    4.2788435678e+03    |
| 0.85200 |    3.0785575870e-07    |    4.3231377855e+03    |    4.2733405383e+03    |
| 0.85300 |    3.0782591246e-07    |    4.3178849052e+03    |    4.2678502954e+03    |
| 0.85400 |    3.0779640898e-07    |    4.3126471889e+03    |    4.2623729505e+03    |
| 0.85500 |    3.0776724636e-07    |    4.3074247849e+03    |    4.2569086116e+03    |
| 0.85600 |    3.0773842273e-07    |    4.3022178390e+03    |    4.2514573830e+03    |
| 0.85700 |    3.0770993617e-07    |    4.2970264944e+03    |    4.2460193659e+03    |
| 0.85800 |    3.0768178478e-07    |    4.2918508911e+03    |    4.2405946577e+03    |
| 0.85900 |    3.0765396665e-07    |    4.2866911671e+03    |    4.2351833527e+03    |
| 0.86000 |    3.0762647986e-07    |    4.2815474572e+03    |    4.2297855416e+03    |
| 0.86100 |    3.0759932249e-07    |    4.2764198939e+03    |    4.2244013118e+03    |
| 0.86200 |    3.0757249260e-07    |    4.2713086071e+03    |    4.2190307474e+03    |
| 0.86300 |    3.0754598827e-07    |    4.2662137241e+03    |    4.2136739288e+03    |
| 0.86400 |    3.0751980754e-07    |    4.2611353699e+03    |    4.2083309336e+03    |
| 0.86500 |    3.0749394848e-07    |    4.2560736670e+03    |    4.2030018357e+03    |
| 0.86600 |    3.0746840912e-07    |    4.2510287353e+03    |    4.1976867059e+03    |
| 0.86700 |    3.0744318753e-07    |    4.2460006926e+03    |    4.1923856115e+03    |
| 0.86800 |    3.0741828172e-07    |    4.2409896543e+03    |    4.1870986170e+03    |
| 0.86900 |    3.0739368974e-07    |    4.2359957336e+03    |    4.1818257831e+03    |
| 0.87000 |    3.0736940960e-07    |    4.2310190414e+03    |    4.1765671679e+03    |
| 0.87100 |    3.0734543935e-07    |    4.2260596867e+03    |    4.1713228259e+03    |
| 0.87200 |    3.0732177698e-07    |    4.2211177761e+03    |    4.1660928087e+03    |
| 0.87300 |    3.0729842052e-07    |    4.2161934143e+03    |    4.1608771648e+03    |
| 0.87400 |    3.0727536798e-07    |    4.2112867041e+03    |    4.1556759393e+03    |
| 0.87500 |    3.0725261735e-07    |    4.2063977464e+03    |    4.1504891747e+03    |
| 0.87600 |    3.0723016665e-07    |    4.2015266400e+03    |    4.1453169102e+03    |
| 0.87700 |    3.0720801385e-07    |    4.1966734823e+03    |    4.1401591821e+03    |
| 0.87800 |    3.0718615697e-07    |    4.1918383686e+03    |    4.1350160238e+03    |
| 0.87900 |    3.0716459397e-07    |    4.1870213929e+03    |    4.1298874658e+03    |
| 0.88000 |    3.0714332285e-07    |    4.1822226473e+03    |    4.1247735355e+03    |
| 0.88100 |    3.0712234159e-07    |    4.1774422227e+03    |    4.1196742576e+03    |
| 0.88200 |    3.0710164816e-07    |    4.1726802083e+03    |    4.1145896542e+03    |
| 0.88300 |    3.0708124053e-07    |    4.1679366922e+03    |    4.1095197444e+03    |
| 0.88400 |    3.0706111667e-07    |    4.1632117610e+03    |    4.1044645444e+03    |
| 0.88500 |    3.0704127455e-07    |    4.1585055003e+03    |    4.0994240682e+03    |
| 0.88600 |    3.0702171213e-07    |    4.1538179944e+03    |    4.0943983266e+03    |
| 0.88700 |    3.0700242737e-07    |    4.1491493268e+03    |    4.0893873282e+03    |
| 0.88800 |    3.0698341821e-07    |    4.1444995799e+03    |    4.0843910788e+03    |
| 0.88900 |    3.0696468262e-07    |    4.1398688353e+03    |    4.0794095818e+03    |
| 0.89000 |    3.0694621853e-07    |    4.1352571739e+03    |    4.0744428380e+03    |
| 0.89100 |    3.0692802390e-07    |    4.1306646759e+03    |    4.0694908458e+03    |
| 0.89200 |    3.0691009668e-07    |    4.1260914210e+03    |    4.0645536013e+03    |
| 0.89300 |    3.0689243479e-07    |    4.1215374884e+03    |    4.0596310979e+03    |
| 0.89400 |    3.0687503617e-07    |    4.1170029570e+03    |    4.0547233272e+03    |
| 0.89500 |    3.0685789877e-07    |    4.1124879054e+03    |    4.0498302780e+03    |
| 0.89600 |    3.0684102051e-07    |    4.1079924121e+03    |    4.0449519372e+03    |
| 0.89700 |    3.0682439932e-07    |    4.1035165556e+03    |    4.0400882895e+03    |
| 0.89800 |    3.0680803313e-07    |    4.0990604145e+03    |    4.0352393173e+03    |
| 0.89900 |    3.0679191987e-07    |    4.0946240675e+03    |    4.0304050011e+03    |
| 0.90000 |    3.0677605746e-07    |    4.0902075938e+03    |    4.0255853191e+03    |
| 0.90100 |    3.0676044381e-07    |    4.0858110730e+03    |    4.0207802477e+03    |
| 0.90200 |    3.0674507686e-07    |    4.0814345852e+03    |    4.0159897613e+03    |
| 0.90300 |    3.0672995451e-07    |    4.0770782113e+03    |    4.0112138324e+03    |
| 0.90400 |    3.0671507468e-07    |    4.0727420331e+03    |    4.0064524316e+03    |
| 0.90500 |    3.0670043529e-07    |    4.0684261332e+03    |    4.0017055277e+03    |
| 0.90600 |    3.0668603424e-07    |    4.0641305956e+03    |    3.9969730877e+03    |
| 0.90700 |    3.0667186946e-07    |    4.0598555053e+03    |    3.9922550769e+03    |
| 0.90800 |    3.0665793884e-07    |    4.0556009490e+03    |    3.9875514591e+03    |
| 0.90900 |    3.0664424030e-07    |    4.0513670147e+03    |    3.9828621961e+03    |
| 0.91000 |    3.0663077175e-07    |    4.0471537923e+03    |    3.9781872483e+03    |
| 0.91100 |    3.0661753108e-07    |    4.0429613736e+03    |    3.9735265747e+03    |
| 0.91200 |    3.0660451622e-07    |    4.0387898524e+03    |    3.9688801327e+03    |
| 0.91300 |    3.0659172505e-07    |    4.0346393249e+03    |    3.9642478781e+03    |
| 0.91400 |    3.0657915549e-07    |    4.0305098894e+03    |    3.9596297656e+03    |
| 0.91500 |    3.0656680543e-07    |    4.0264016471e+03    |    3.9550257483e+03    |
| 0.91600 |    3.0655467278e-07    |    4.0223147019e+03    |    3.9504357780e+03    |
| 0.91700 |    3.0654275545e-07    |    4.0182491606e+03    |    3.9458598054e+03    |
| 0.91800 |    3.0653105133e-07    |    4.0142051332e+03    |    3.9412977799e+03    |
| 0.91900 |    3.0651955833e-07    |    4.0101827332e+03    |    3.9367496497e+03    |
| 0.92000 |    3.0650827435e-07    |    4.0061820776e+03    |    3.9322153619e+03    |
| 0.92100 |    3.0649719728e-07    |    4.0022032872e+03    |    3.9276948624e+03    |
| 0.92200 |    3.0648632504e-07    |    3.9982464869e+03    |    3.9231880962e+03    |
| 0.92300 |    3.0647565552e-07    |    3.9943118060e+03    |    3.9186950072e+03    |
| 0.92400 |    3.0646518663e-07    |    3.9903993780e+03    |    3.9142155384e+03    |
| 0.92500 |    3.0645491627e-07    |    3.9865093414e+03    |    3.9097496319e+03    |
| 0.92600 |    3.0644484234e-07    |    3.9826418398e+03    |    3.9052972287e+03    |
| 0.92700 |    3.0643496275e-07    |    3.9787970220e+03    |    3.9008582693e+03    |
| 0.92800 |    3.0642527540e-07    |    3.9749750424e+03    |    3.8964326931e+03    |
| 0.92900 |    3.0641577820e-07    |    3.9711760613e+03    |    3.8920204389e+03    |
| 0.93000 |    3.0640646905e-07    |    3.9674002452e+03    |    3.8876214448e+03    |
| 0.93100 |    3.0639734588e-07    |    3.9636477671e+03    |    3.8832356479e+03    |
| 0.93200 |    3.0638840657e-07    |    3.9599188068e+03    |    3.8788629851e+03    |
| 0.93300 |    3.0637964906e-07    |    3.9562135512e+03    |    3.8745033924e+03    |
| 0.93400 |    3.0637107124e-07    |    3.9525321950e+03    |    3.8701568052e+03    |
| 0.93500 |    3.0636267104e-07    |    3.9488749404e+03    |    3.8658231586e+03    |
| 0.93600 |    3.0635444637e-07    |    3.9452419983e+03    |    3.8615023868e+03    |
| 0.93700 |    3.0634639515e-07    |    3.9416335879e+03    |    3.8571944238e+03    |
| 0.93800 |    3.0633851530e-07    |    3.9380499378e+03    |    3.8528992030e+03    |
| 0.93900 |    3.0633080474e-07    |    3.9344912859e+03    |    3.8486166577e+03    |
| 0.94000 |    3.0632326141e-07    |    3.9309578803e+03    |    3.8443467202e+03    |
| 0.94100 |    3.0631588322e-07    |    3.9274499795e+03    |    3.8400893231e+03    |
| 0.94200 |    3.0630866811e-07    |    3.9239678530e+03    |    3.8358443982e+03    |
| 0.94300 |    3.0630161402e-07    |    3.9205117819e+03    |    3.8316118772e+03    |
| 0.94400 |    3.0629471888e-07    |    3.9170820591e+03    |    3.8273916914e+03    |
| 0.94500 |    3.0628798062e-07    |    3.9136789906e+03    |    3.8231837720e+03    |
| 0.94600 |    3.0628139720e-07    |    3.9103028953e+03    |    3.8189880499e+03    |
| 0.94700 |    3.0627496656e-07    |    3.9069541060e+03    |    3.8148044557e+03    |
| 0.94800 |    3.0626868665e-07    |    3.9036329704e+03    |    3.8106329199e+03    |
| 0.94900 |    3.0626255543e-07    |    3.9003398513e+03    |    3.8064733729e+03    |
| 0.95000 |    3.0625657084e-07    |    3.8970751273e+03    |    3.8023257449e+03    |
| 0.95100 |    3.0625073087e-07    |    3.8938391944e+03    |    3.7981899660e+03    |
| 0.95200 |    3.0624503347e-07    |    3.8906324657e+03    |    3.7940659662e+03    |
| 0.95300 |    3.0623947661e-07    |    3.8874553733e+03    |    3.7899536754e+03    |
| 0.95400 |    3.0623405827e-07    |    3.8843083684e+03    |    3.7858530234e+03    |
| 0.95500 |    3.0622877643e-07    |    3.8811919228e+03    |    3.7817639401e+03    |
| 0.95600 |    3.0622362908e-07    |    3.8781065298e+03    |    3.7776863553e+03    |
| 0.95700 |    3.0621861421e-07    |    3.8750527054e+03    |    3.7736201988e+03    |
| 0.95800 |    3.0621372981e-07    |    3.8720309892e+03    |    3.7695654003e+03    |
| 0.95900 |    3.0620897388e-07    |    3.8690419457e+03    |    3.7655218898e+03    |
| 0.96000 |    3.0620434443e-07    |    3.8660861659e+03    |    3.7614895971e+03    |
| 0.96100 |    3.0619983948e-07    |    3.8631642683e+03    |    3.7574684521e+03    |
| 0.96200 |    3.0619545705e-07    |    3.8602769008e+03    |    3.7534583849e+03    |
| 0.96300 |    3.0619119515e-07    |    3.8574247418e+03    |    3.7494593255e+03    |
| 0.96400 |    3.0618705183e-07    |    3.8546085020e+03    |    3.7454712041e+03    |
| 0.96500 |    3.0618302511e-07    |    3.8518289265e+03    |    3.7414939510e+03    |
| 0.96600 |    3.0617911306e-07    |    3.8490867966e+03    |    3.7375274966e+03    |
| 0.96700 |    3.0617531371e-07    |    3.8463829311e+03    |    3.7335717714e+03    |
| 0.96800 |    3.0617162513e-07    |    3.8437181897e+03    |    3.7296267062e+03    |
| 0.96900 |    3.0616804538e-07    |    3.8410934740e+03    |    3.7256922317e+03    |
| 0.97000 |    3.0616457255e-07    |    3.8385097310e+03    |    3.7217682790e+03    |
| 0.97100 |    3.0616120471e-07    |    3.8359679552e+03    |    3.7178547792e+03    |
| 0.97200 |    3.0615793995e-07    |    3.8334691914e+03    |    3.7139516637e+03    |
| 0.97300 |    3.0615477638e-07    |    3.8310145381e+03    |    3.7100588640e+03    |
| 0.97400 |    3.0615171210e-07    |    3.8286051502e+03    |    3.7061763119e+03    |
| 0.97500 |    3.0614874523e-07    |    3.8262422428e+03    |    3.7023039392e+03    |
| 0.97600 |    3.0614587389e-07    |    3.8239270951e+03    |    3.6984416782e+03    |
| 0.97700 |    3.0614309622e-07    |    3.8216610537e+03    |    3.6945894612e+03    |
| 0.97800 |    3.0614041037e-07    |    3.8194455377e+03    |    3.6907472209e+03    |
| 0.97900 |    3.0613781448e-07    |    3.8172820431e+03    |    3.6869148901e+03    |
| 0.98000 |    3.0613530672e-07    |    3.8151721472e+03    |    3.6830924020e+03    |
| 0.98100 |    3.0613288527e-07    |    3.8131175151e+03    |    3.6792796898e+03    |
| 0.98200 |    3.0613054830e-07    |    3.8111199047e+03    |    3.6754766873e+03    |
| 0.98300 |    3.0612829402e-07    |    3.8091811731e+03    |    3.6716833283e+03    |
| 0.98400 |    3.0612612063e-07    |    3.8073032836e+03    |    3.6678995469e+03    |
| 0.98500 |    3.0612402635e-07    |    3.8054883136e+03    |    3.6641252778e+03    |
| 0.98600 |    3.0612200940e-07    |    3.8037384615e+03    |    3.6603604556e+03    |
| 0.98700 |    3.0612006802e-07    |    3.8020560562e+03    |    3.6566050154e+03    |
| 0.98800 |    3.0611820048e-07    |    3.8004435665e+03    |    3.6528588925e+03    |
| 0.98900 |    3.0611640502e-07    |    3.7989036111e+03    |    3.6491220227e+03    |
| 0.99000 |    3.0611467994e-07    |    3.7974389704e+03    |    3.6453943419e+03    |
| 0.99100 |    3.0611302351e-07    |    3.7960525982e+03    |    3.6416757866e+03    |
| 0.99200 |    3.0611143404e-07    |    3.7947476352e+03    |    3.6379662933e+03    |
| 0.99300 |    3.0610990984e-07    |    3.7935274240e+03    |    3.6342657991e+03    |
| 0.99400 |    3.0610844925e-07    |    3.7923955250e+03    |    3.6305742415e+03    |
| 0.99500 |    3.0610705060e-07    |    3.7913557337e+03    |    3.6268915581e+03    |
| 0.99600 |    3.0610571226e-07    |    3.7904121007e+03    |    3.6232176870e+03    |
| 0.99700 |    3.0610443260e-07    |    3.7895689531e+03    |    3.6195525669e+03    |
| 0.99800 |    3.0610320999e-07    |    3.7888309170e+03    |    3.6158961364e+03    |
| 0.99900 |    3.0610204285e-07    |    3.7882029440e+03    |    3.6122483350e+03    |
| 1.00000 |    3.0610092958e-07    |    3.7849581741e+03    |    3.6086091024e+03    |
--------------------------------------------------------------------------------------