Число узлов n = 501
--------------------------------------------------------------------------------------
|    x    |          u(z)          |          f(z)          |     f(z) integral      |
--------------------------------------------------------------------------------------
| 0.00000 |    3.9204513746e-07    |    0.0000000000e+00    |    0.0000000000e+00    |
| 0.00200 |    3.9204414842e-07    |   -3.6892480995e-10    |    2.3350375962e+01    |
| 0.00400 |    3.9204513746e-07    |    6.3770255264e+00    |    4.6700741241e+01    |
| 0.00600 |    3.9204323333e-07    |    3.9911411152e+01    |    7.0051123282e+01    |
| 0.00800 |    3.9203941029e-07    |    6.5686603912e+01    |    9.3401557954e+01    |
| 0.01000 |    3.9203380751e-07    |    9.0168667397e+01    |    1.1675207302e+02    |
| 0.01200 |    3.9202647137e-07    |    1.1418057906e+02    |    1.4010269505e+02    |
| 0.01400 |    3.9201742295e-07    |    1.3796653774e+02    |    1.6345344981e+02    |
| 0.01600 |    3.9200667360e-07    |    1.6162604715e+02    |    1.8680436236e+02    |
| 0.01800 |    3.9199423012e-07    |    1.8520754174e+02    |    2.1015545698e+02    |
| 0.02000 |    3.9198009691e-07    |    2.0873750471e+02    |    2.3350675704e+02    |
| 0.02200 |    3.9196427695e-07    |    2.3223166718e+02    |    2.5685828498e+02    |
| 0.02400 |    3.9194677241e-07    |    2.5569997470e+02    |    2.8021006217e+02    |
| 0.02600 |    3.9192758484e-07    |    2.7914902963e+02    |    3.0356210879e+02    |
| 0.02800 |    3.9190671543e-07    |    3.0258339075e+02    |    3.2691444381e+02    |
| 0.03000 |    3.9188416513e-07    |    3.2600630950e+02    |    3.5026708480e+02    |
| 0.03200 |    3.9185993464e-07    |    3.4942016878e+02    |    3.7362004789e+02    |
| 0.03400 |    3.9183402455e-07    |    3.7282675575e+02    |    3.9697334761e+02    |
| 0.03600 |    3.9180643533e-07    |    3.9622743764e+02    |    4.2032699685e+02    |
| 0.03800 |    3.9177716738e-07    |    4.1962327847e+02    |    4.4368100670e+02    |
| 0.04000 |    3.9174622100e-07    |    4.4301511874e+02    |    4.6703538640e+02    |
| 0.04200 |    3.9171359648e-07    |    4.6640363098e+02    |    4.9039014319e+02    |
| 0.04400 |    3.9167929404e-07    |    4.8978935942e+02    |    5.1374528222e+02    |
| 0.04600 |    3.9164331387e-07    |    5.1317274867e+02    |    5.3710080646e+02    |
| 0.04800 |    3.9160565614e-07    |    5.3655416494e+02    |    5.6045671659e+02    |
| 0.05000 |    3.9156632100e-07    |    5.5993391183e+02    |    5.8381301088e+02    |
| 0.05200 |    3.9152530858e-07    |    5.8331224239e+02    |    6.0716968510e+02    |
| 0.05400 |    3.9148261898e-07    |    6.0668936829e+02    |    6.3052673243e+02    |
| 0.05600 |    3.9143825232e-07    |    6.3006546697e+02    |    6.5388414331e+02    |
| 0.05800 |    3.9139220869e-07    |    6.5344068715e+02    |    6.7724190541e+02    |
| 0.06000 |    3.9134448817e-07    |    6.7681515332e+02    |    7.0060000344e+02    |
| 0.06200 |    3.9129509084e-07    |    7.0018896915e+02    |    7.2395841910e+02    |
| 0.06400 |    3.9124401680e-07    |    7.2356222035e+02    |    7.4731713098e+02    |
| 0.06600 |    3.9119126610e-07    |    7.4693497688e+02    |    7.7067611443e+02    |
| 0.06800 |    3.9113683884e-07    |    7.7030729478e+02    |    7.9403534145e+02    |
| 0.07000 |    3.9108073508e-07    |    7.9367921768e+02    |    8.1739478063e+02    |
| 0.07200 |    3.9102295491e-07    |    8.1705077796e+02    |    8.4075439699e+02    |
| 0.07400 |    3.9096349841e-07    |    8.4042199779e+02    |    8.6411415193e+02    |
| 0.07600 |    3.9090236566e-07    |    8.6379288991e+02    |    8.8747400307e+02    |
| 0.07800 |    3.9083955675e-07    |    8.8716345830e+02    |    9.1083390419e+02    |
| 0.08000 |    3.9077507178e-07    |    9.1053369876e+02    |    9.3419380513e+02    |
| 0.08200 |    3.9070891085e-07    |    9.3390359932e+02    |    9.5755365163e+02    |
| 0.08400 |    3.9064107406e-07    |    9.5727314063e+02    |    9.8091338529e+02    |
| 0.08600 |    3.9057156155e-07    |    9.8064229627e+02    |    1.0042729434e+03    |
| 0.08800 |    3.9050037343e-07    |    1.0040110330e+03    |    1.0276322590e+03    |
| 0.09000 |    3.9042750983e-07    |    1.0273793108e+03    |    1.0509912605e+03    |
| 0.09200 |    3.9035297091e-07    |    1.0507470835e+03    |    1.0743498718e+03    |
| 0.09400 |    3.9027675683e-07    |    1.0741142982e+03    |    1.0977080120e+03    |
| 0.09600 |    3.9019886774e-07    |    1.0974808959e+03    |    1.1210655957e+03    |
| 0.09800 |    3.9011930384e-07    |    1.1208468115e+03    |    1.1444225324e+03    |
| 0.10000 |    3.9003806532e-07    |    1.1442119736e+03    |    1.1677787265e+03    |
| 0.10200 |    3.8995515240e-07    |    1.1675763048e+03    |    1.1911340775e+03    |
| 0.10400 |    3.8987056529e-07    |    1.1909397215e+03    |    1.2144884796e+03    |
| 0.10600 |    3.8978430424e-07    |    1.2143021341e+03    |    1.2378418218e+03    |
| 0.10800 |    3.8969636951e-07    |    1.2376634468e+03    |    1.2611939877e+03    |
| 0.11000 |    3.8960676138e-07    |    1.2610235578e+03    |    1.2845448551e+03    |
| 0.11200 |    3.8951548014e-07    |    1.2843823590e+03    |    1.3078942965e+03    |
| 0.11400 |    3.8942252611e-07    |    1.3077397361e+03    |    1.3312421786e+03    |
| 0.11600 |    3.8932789962e-07    |    1.3310955689e+03    |    1.3545883622e+03    |
| 0.11800 |    3.8923160104e-07    |    1.3544497304e+03    |    1.3779327024e+03    |
| 0.12000 |    3.8913363073e-07    |    1.3778020876e+03    |    1.4012750480e+03    |
| 0.12200 |    3.8903398911e-07    |    1.4011525009e+03    |    1.4246152419e+03    |
| 0.12400 |    3.8893267660e-07    |    1.4245008245e+03    |    1.4479531206e+03    |
| 0.12600 |    3.8882969365e-07    |    1.4478469059e+03    |    1.4712885145e+03    |
| 0.12800 |    3.8872504074e-07    |    1.4711905858e+03    |    1.4946212473e+03    |
| 0.13000 |    3.8861871837e-07    |    1.4945316987e+03    |    1.5179511363e+03    |
| 0.13200 |    3.8851072707e-07    |    1.5178700719e+03    |    1.5412779924e+03    |
| 0.13400 |    3.8840106741e-07    |    1.5412055260e+03    |    1.5646016194e+03    |
| 0.13600 |    3.8828973997e-07    |    1.5645378750e+03    |    1.5879218145e+03    |
| 0.13800 |    3.8817674538e-07    |    1.5878669254e+03    |    1.6112383679e+03    |
| 0.14000 |    3.8806208429e-07    |    1.6111924771e+03    |    1.6345510627e+03    |
| 0.14200 |    3.8794575738e-07    |    1.6345143225e+03    |    1.6578596752e+03    |
| 0.14400 |    3.8782776538e-07    |    1.6578322470e+03    |    1.6811639741e+03    |
| 0.14600 |    3.8770810904e-07    |    1.6811460286e+03    |    1.7044637209e+03    |
| 0.14800 |    3.8758678914e-07    |    1.7044554379e+03    |    1.7277586699e+03    |
| 0.15000 |    3.8746380652e-07    |    1.7277602379e+03    |    1.7510485676e+03    |
| 0.15200 |    3.8733916205e-07    |    1.7510601842e+03    |    1.7743331530e+03    |
| 0.15400 |    3.8721285661e-07    |    1.7743550246e+03    |    1.7976121574e+03    |
| 0.15600 |    3.8708489117e-07    |    1.7976444994e+03    |    1.8208853043e+03    |
| 0.15800 |    3.8695526671e-07    |    1.8209283406e+03    |    1.8441523093e+03    |
| 0.16000 |    3.8682398426e-07    |    1.8442062727e+03    |    1.8674128801e+03    |
| 0.16200 |    3.8669104488e-07    |    1.8674780120e+03    |    1.8906667162e+03    |
| 0.16400 |    3.8655644970e-07    |    1.8907432668e+03    |    1.9139135089e+03    |
| 0.16600 |    3.8642019989e-07    |    1.9140017370e+03    |    1.9371529413e+03    |
| 0.16800 |    3.8628229664e-07    |    1.9372531144e+03    |    1.9603846882e+03    |
| 0.17000 |    3.8614274123e-07    |    1.9604970825e+03    |    1.9836084158e+03    |
| 0.17200 |    3.8600153496e-07    |    1.9837333162e+03    |    2.0068237818e+03    |
| 0.17400 |    3.8585867920e-07    |    2.0069614819e+03    |    2.0300304355e+03    |
| 0.17600 |    3.8571417534e-07    |    2.0301812373e+03    |    2.0532280170e+03    |
| 0.17800 |    3.8556802487e-07    |    2.0533922316e+03    |    2.0764161581e+03    |
| 0.18000 |    3.8542022930e-07    |    2.0765941051e+03    |    2.0995944813e+03    |
| 0.18200 |    3.8527079020e-07    |    2.0997864891e+03    |    2.1227626004e+03    |
| 0.18400 |    3.8511970922e-07    |    2.1229690061e+03    |    2.1459201200e+03    |
| 0.18600 |    3.8496698804e-07    |    2.1461412695e+03    |    2.1690666355e+03    |
| 0.18800 |    3.8481262842e-07    |    2.1693028836e+03    |    2.1922017331e+03    |
| 0.19000 |    3.8465663217e-07    |    2.1924534434e+03    |    2.2153249898e+03    |
| 0.19200 |    3.8449900116e-07    |    2.2155925347e+03    |    2.2384359729e+03    |
| 0.19400 |    3.8433973734e-07    |    2.2387197339e+03    |    2.2615342405e+03    |
| 0.19600 |    3.8417884271e-07    |    2.2618346079e+03    |    2.2846193411e+03    |
| 0.19800 |    3.8401631934e-07    |    2.2849367142e+03    |    2.3076908133e+03    |
| 0.20000 |    3.8385216937e-07    |    2.3080256004e+03    |    2.3307481863e+03    |
| 0.20200 |    3.8368639501e-07    |    2.3311008048e+03    |    2.3537909793e+03    |
| 0.20400 |    3.8351899854e-07    |    2.3541618558e+03    |    2.3768187017e+03    |
| 0.20600 |    3.8334998231e-07    |    2.3772082717e+03    |    2.3998308529e+03    |
| 0.20800 |    3.8317934874e-07    |    2.4002395612e+03    |    2.4228269222e+03    |
| 0.21000 |    3.8300710034e-07    |    2.4232552230e+03    |    2.4458063890e+03    |
| 0.21200 |    3.8283323967e-07    |    2.4462547456e+03    |    2.4687687224e+03    |
| 0.21400 |    3.8265776940e-07    |    2.4692376074e+03    |    2.4917133812e+03    |
| 0.21600 |    3.8248069226e-07    |    2.4922032767e+03    |    2.5146398141e+03    |
| 0.21800 |    3.8230201106e-07    |    2.5151512116e+03    |    2.5375474593e+03    |
| 0.22000 |    3.8212172869e-07    |    2.5380808595e+03    |    2.5604357445e+03    |
| 0.22200 |    3.8193984813e-07    |    2.5609916579e+03    |    2.5833040870e+03    |
| 0.22400 |    3.8175637246e-07    |    2.5838830335e+03    |    2.6061518935e+03    |
| 0.22600 |    3.8157130480e-07    |    2.6067544027e+03    |    2.6289785601e+03    |
| 0.22800 |    3.8138464842e-07    |    2.6296051711e+03    |    2.6517834721e+03    |
| 0.23000 |    3.8119640663e-07    |    2.6524347338e+03    |    2.6745660042e+03    |
| 0.23200 |    3.8100658285e-07    |    2.6752424753e+03    |    2.6973255203e+03    |
| 0.23400 |    3.8081518059e-07    |    2.6980277692e+03    |    2.7200613735e+03    |
| 0.23600 |    3.8062220346e-07    |    2.7207899783e+03    |    2.7427729057e+03    |
| 0.23800 |    3.8042765515e-07    |    2.7435284547e+03    |    2.7654594481e+03    |
| 0.24000 |    3.8023153946e-07    |    2.7662425394e+03    |    2.7881203211e+03    |
| 0.24200 |    3.8003386029e-07    |    2.7889315625e+03    |    2.8107548335e+03    |
| 0.24400 |    3.7983462163e-07    |    2.8115948432e+03    |    2.8333622836e+03    |
| 0.24600 |    3.7963382758e-07    |    2.8342316896e+03    |    2.8559419581e+03    |
| 0.24800 |    3.7943148234e-07    |    2.8568413987e+03    |    2.8784931329e+03    |
| 0.25000 |    3.7922759020e-07    |    2.8794232565e+03    |    2.9010150724e+03    |
| 0.25200 |    3.7902215558e-07    |    2.9019765376e+03    |    2.9235070299e+03    |
| 0.25400 |    3.7881518299e-07    |    2.9245005055e+03    |    2.9459682475e+03    |
| 0.25600 |    3.7860667707e-07    |    2.9469944126e+03    |    2.9683979559e+03    |
| 0.25800 |    3.7839664253e-07    |    2.9694574999e+03    |    2.9907953744e+03    |
| 0.26000 |    3.7818508424e-07    |    2.9918889972e+03    |    3.0131597111e+03    |
| 0.26200 |    3.7797200715e-07    |    3.0142881229e+03    |    3.0354901626e+03    |
| 0.26400 |    3.7775741634e-07    |    3.0366540840e+03    |    3.0577859141e+03    |
| 0.26600 |    3.7754131700e-07    |    3.0589860763e+03    |    3.0800461395e+03    |
| 0.26800 |    3.7732371443e-07    |    3.0812832842e+03    |    3.1022700010e+03    |
| 0.27000 |    3.7710461408e-07    |    3.1035448805e+03    |    3.1244566497e+03    |
| 0.27200 |    3.7688402148e-07    |    3.1257700269e+03    |    3.1466052249e+03    |
| 0.27400 |    3.7666194231e-07    |    3.1479578733e+03    |    3.1687148548e+03    |
| 0.27600 |    3.7643838237e-07    |    3.1701075585e+03    |    3.1907846558e+03    |
| 0.27800 |    3.7621334757e-07    |    3.1922182098e+03    |    3.2128137329e+03    |
| 0.28000 |    3.7598684398e-07    |    3.2142889428e+03    |    3.2348011797e+03    |
| 0.28200 |    3.7575887775e-07    |    3.2363188620e+03    |    3.2567460784e+03    |
| 0.28400 |    3.7552945520e-07    |    3.2583070602e+03    |    3.2786474996e+03    |
| 0.28600 |    3.7529858277e-07    |    3.2802526191e+03    |    3.3005045024e+03    |
| 0.28800 |    3.7506626702e-07    |    3.3021546085e+03    |    3.3223161348e+03    |
| 0.29000 |    3.7483251466e-07    |    3.3240120872e+03    |    3.3440814329e+03    |
| 0.29200 |    3.7459733253e-07    |    3.3458241024e+03    |    3.3657994217e+03    |
| 0.29400 |    3.7436072761e-07    |    3.3675896901e+03    |    3.3874691149e+03    |
| 0.29600 |    3.7412270700e-07    |    3.3893078747e+03    |    3.4090895147e+03    |
| 0.29800 |    3.7388327796e-07    |    3.4109776695e+03    |    3.4306596119e+03    |
| 0.30000 |    3.7364244788e-07    |    3.4325980765e+03    |    3.4521783862e+03    |
| 0.30200 |    3.7340022431e-07    |    3.4541680862e+03    |    3.4736448060e+03    |
| 0.30400 |    3.7315661492e-07    |    3.4756866781e+03    |    3.4950578285e+03    |
| 0.30600 |    3.7291162753e-07    |    3.4971528204e+03    |    3.5164163997e+03    |
| 0.30800 |    3.7266527013e-07    |    3.5185654704e+03    |    3.5377194545e+03    |
| 0.31000 |    3.7241755082e-07    |    3.5399235739e+03    |    3.5589659169e+03    |
| 0.31200 |    3.7216847788e-07    |    3.5612260660e+03    |    3.5801546997e+03    |
| 0.31400 |    3.7191805972e-07    |    3.5824718707e+03    |    3.6012847048e+03    |
| 0.31600 |    3.7166630491e-07    |    3.6036599010e+03    |    3.6223548234e+03    |
| 0.31800 |    3.7141322217e-07    |    3.6247890592e+03    |    3.6433639357e+03    |
| 0.32000 |    3.7115882038e-07    |    3.6458582366e+03    |    3.6643109113e+03    |
| 0.32200 |    3.7090310857e-07    |    3.6668663140e+03    |    3.6851946090e+03    |
| 0.32400 |    3.7064609593e-07    |    3.6878121615e+03    |    3.7060138773e+03    |
| 0.32600 |    3.7038779179e-07    |    3.7086946384e+03    |    3.7267675540e+03    |
| 0.32800 |    3.7012820565e-07    |    3.7295125939e+03    |    3.7474544665e+03    |
| 0.33000 |    3.6986734719e-07    |    3.7502648665e+03    |    3.7680734322e+03    |
| 0.33200 |    3.6960522621e-07    |    3.7709502845e+03    |    3.7886232578e+03    |
| 0.33400 |    3.6934185271e-07    |    3.7915676661e+03    |    3.8091027405e+03    |
| 0.33600 |    3.6907723682e-07    |    3.8121158193e+03    |    3.8295106670e+03    |
| 0.33800 |    3.6881138885e-07    |    3.8325935422e+03    |    3.8498458144e+03    |
| 0.34000 |    3.6854431928e-07    |    3.8529996229e+03    |    3.8701069502e+03    |
| 0.34200 |    3.6827603874e-07    |    3.8733328397e+03    |    3.8902928319e+03    |
| 0.34400 |    3.6800655803e-07    |    3.8935919616e+03    |    3.9104022078e+03    |
| 0.34600 |    3.6773588813e-07    |    3.9137757476e+03    |    3.9304338167e+03    |
| 0.34800 |    3.6746404018e-07    |    3.9338829478e+03    |    3.9503863883e+03    |
| 0.35000 |    3.6719102547e-07    |    3.9539123027e+03    |    3.9702586430e+03    |
| 0.35200 |    3.6691685549e-07    |    3.9738625439e+03    |    3.9900492926e+03    |
| 0.35400 |    3.6664154188e-07    |    3.9937323939e+03    |    4.0097570398e+03    |
| 0.35600 |    3.6636509646e-07    |    4.0135205666e+03    |    4.0293805790e+03    |
| 0.35800 |    3.6608753120e-07    |    4.0332257670e+03    |    4.0489185958e+03    |
| 0.36000 |    3.6580885829e-07    |    4.0528466918e+03    |    4.0683697677e+03    |
| 0.36200 |    3.6552909003e-07    |    4.0723820294e+03    |    4.0877327642e+03    |
| 0.36400 |    3.6524823895e-07    |    4.0918304599e+03    |    4.1070062468e+03    |
| 0.36600 |    3.6496631771e-07    |    4.1111906556e+03    |    4.1261888691e+03    |
| 0.36800 |    3.6468333917e-07    |    4.1304612810e+03    |    4.1452792773e+03    |
| 0.37000 |    3.6439931636e-07    |    4.1496409928e+03    |    4.1642761103e+03    |
| 0.37200 |    3.6411426246e-07    |    4.1687284406e+03    |    4.1831779997e+03    |
| 0.37400 |    3.6382819087e-07    |    4.1877222666e+03    |    4.2019835703e+03    |
| 0.37600 |    3.6354111513e-07    |    4.2066211061e+03    |    4.2206914401e+03    |
| 0.37800 |    3.6325304897e-07    |    4.2254235877e+03    |    4.2393002206e+03    |
| 0.38000 |    3.6296400629e-07    |    4.2441283332e+03    |    4.2578085171e+03    |
| 0.38200 |    3.6267400116e-07    |    4.2627339583e+03    |    4.2762149287e+03    |
| 0.38400 |    3.6238304784e-07    |    4.2812390725e+03    |    4.2945180488e+03    |
| 0.38600 |    3.6209116075e-07    |    4.2996422795e+03    |    4.3127164652e+03    |
| 0.38800 |    3.6179835451e-07    |    4.3179421773e+03    |    4.3308087604e+03    |
| 0.39000 |    3.6150464388e-07    |    4.3361373584e+03    |    4.3487935119e+03    |
| 0.39200 |    3.6121004384e-07    |    4.3542264105e+03    |    4.3666692922e+03    |
| 0.39400 |    3.6091456950e-07    |    4.3722079161e+03    |    4.3844346694e+03    |
| 0.39600 |    3.6061823617e-07    |    4.3900804533e+03    |    4.4020882074e+03    |
| 0.39800 |    3.6032105934e-07    |    4.4078425958e+03    |    4.4196284661e+03    |
| 0.40000 |    3.6002305465e-07    |    4.4254929131e+03    |    4.4370540015e+03    |
| 0.40200 |    3.5972423795e-07    |    4.4430299713e+03    |    4.4543633664e+03    |
| 0.40400 |    3.5942462522e-07    |    4.4604523327e+03    |    4.4715551104e+03    |
| 0.40600 |    3.5912423264e-07    |    4.4777585564e+03    |    4.4886277805e+03    |
| 0.40800 |    3.5882307657e-07    |    4.4949471988e+03    |    4.5055799209e+03    |
| 0.41000 |    3.5852117353e-07    |    4.5120168136e+03    |    4.5224100737e+03    |
| 0.41200 |    3.5821854019e-07    |    4.5289659523e+03    |    4.5391167794e+03    |
| 0.41400 |    3.5791519343e-07    |    4.5457931644e+03    |    4.5556985766e+03    |
| 0.41600 |    3.5761115027e-07    |    4.5624969978e+03    |    4.5721540030e+03    |
| 0.41800 |    3.5730642792e-07    |    4.5790759991e+03    |    4.5884815952e+03    |
| 0.42000 |    3.5700104373e-07    |    4.5955287141e+03    |    4.6046798896e+03    |
| 0.42200 |    3.5669501525e-07    |    4.6118536877e+03    |    4.6207474221e+03    |
| 0.42400 |    3.5638836017e-07    |    4.6280494648e+03    |    4.6366827291e+03    |
| 0.42600 |    3.5608109635e-07    |    4.6441145903e+03    |    4.6524843474e+03    |
| 0.42800 |    3.5577324182e-07    |    4.6600476097e+03    |    4.6681508149e+03    |
| 0.43000 |    3.5546481476e-07    |    4.6758470690e+03    |    4.6836806705e+03    |
| 0.43200 |    3.5515583353e-07    |    4.6915115158e+03    |    4.6990724552e+03    |
| 0.43400 |    3.5484631663e-07    |    4.7070394992e+03    |    4.7143247118e+03    |
| 0.43600 |    3.5453628273e-07    |    4.7224295701e+03    |    4.7294359857e+03    |
| 0.43800 |    3.5422575064e-07    |    4.7376802819e+03    |    4.7444048252e+03    |
| 0.44000 |    3.5391473933e-07    |    4.7527901908e+03    |    4.7592297820e+03    |
| 0.44200 |    3.5360326795e-07    |    4.7677578562e+03    |    4.7739094112e+03    |
| 0.44400 |    3.5329135575e-07    |    4.7825818411e+03    |    4.7884422724e+03    |
| 0.44600 |    3.5297902218e-07    |    4.7972607123e+03    |    4.8028269295e+03    |
| 0.44800 |    3.5266628679e-07    |    4.8117930414e+03    |    4.8170619514e+03    |
| 0.45000 |    3.5235316932e-07    |    4.8261774045e+03    |    4.8311459125e+03    |
| 0.45200 |    3.5203968962e-07    |    4.8404123833e+03    |    4.8450773932e+03    |
| 0.45400 |    3.5172586769e-07    |    4.8544965649e+03    |    4.8588549798e+03    |
| 0.45600 |    3.5141172367e-07    |    4.8684285431e+03    |    4.8724772658e+03    |
| 0.45800 |    3.5109727784e-07    |    4.8822069177e+03    |    4.8859428517e+03    |
| 0.46000 |    3.5078255061e-07    |    4.8958302962e+03    |    4.8992503457e+03    |
| 0.46200 |    3.5046756252e-07    |    4.9092972932e+03    |    4.9123983641e+03    |
| 0.46400 |    3.5015233423e-07    |    4.9226065316e+03    |    4.9253855321e+03    |
| 0.46600 |    3.4983688655e-07    |    4.9357566427e+03    |    4.9382104836e+03    |
| 0.46800 |    3.4952124039e-07    |    4.9487462668e+03    |    4.9508718624e+03    |
| 0.47000 |    3.4920541680e-07    |    4.9615740536e+03    |    4.9633683223e+03    |
| 0.47200 |    3.4888943693e-07    |    4.9742386628e+03    |    4.9756985276e+03    |
| 0.47400 |    3.4857332206e-07    |    4.9867387646e+03    |    4.9878611537e+03    |
| 0.47600 |    3.4825709356e-07    |    4.9990730399e+03    |    4.9998548877e+03    |
| 0.47800 |    3.4794077294e-07    |    5.0112401815e+03    |    5.0116784285e+03    |
| 0.48000 |    3.4762438179e-07    |    5.0232388936e+03    |    5.0233304879e+03    |
| 0.48200 |    3.4730794182e-07    |    5.0350678933e+03    |    5.0348097907e+03    |
| 0.48400 |    3.4699147482e-07    |    5.0467259104e+03    |    5.0461150752e+03    |
| 0.48600 |    3.4667500270e-07    |    5.0582116884e+03    |    5.0572450939e+03    |
| 0.48800 |    3.4635854744e-07    |    5.0695239846e+03    |    5.0681986142e+03    |
| 0.49000 |    3.4604213112e-07    |    5.0806615711e+03    |    5.0789744184e+03    |
| 0.49200 |    3.4572577591e-07    |    5.0916232348e+03    |    5.0895713047e+03    |
| 0.49400 |    3.4540950406e-07    |    5.1024077785e+03    |    5.0999880875e+03    |
| 0.49600 |    3.4509333788e-07    |    5.1130140208e+03    |    5.1102235982e+03    |
| 0.49800 |    3.4477729977e-07    |    5.1234407974e+03    |    5.1202766852e+03    |
| 0.50000 |    3.4446141221e-07    |    5.1336869609e+03    |    5.1301462152e+03    |
| 0.50200 |    3.4414569773e-07    |    5.1437513818e+03    |    5.1398310732e+03    |
| 0.50400 |    3.4383017893e-07    |    5.1536329489e+03    |    5.1493301630e+03    |
| 0.50600 |    3.4351487845e-07    |    5.1633305700e+03    |    5.1586424083e+03    |
| 0.50800 |    3.4319981902e-07    |    5.1728431723e+03    |    5.1677667526e+03    |
| 0.51000 |    3.4288502339e-07    |    5.1821697027e+03    |    5.1767021603e+03    |
| 0.51200 |    3.4257051437e-07    |    5.1913091291e+03    |    5.1854476169e+03    |
| 0.51400 |    3.4225631479e-07    |    5.2002604402e+03    |    5.1940021297e+03    |
| 0.51600 |    3.4194244756e-07    |    5.2090226464e+03    |    5.2023647283e+03    |
| 0.51800 |    3.4162893558e-07    |    5.2175947805e+03    |    5.2105344653e+03    |
| 0.52000 |    3.4131580180e-07    |    5.2259758978e+03    |    5.2185104166e+03    |
| 0.52200 |    3.4100306918e-07    |    5.2341650773e+03    |    5.2262916822e+03    |
| 0.52400 |    3.4069076070e-07    |    5.2421614216e+03    |    5.2338773867e+03    |
| 0.52600 |    3.4037889938e-07    |    5.2499640580e+03    |    5.2412666798e+03    |
| 0.52800 |    3.4006750822e-07    |    5.2575721386e+03    |    5.2484587370e+03    |
| 0.53000 |    3.3975661022e-07    |    5.2649848415e+03    |    5.2554527598e+03    |
| 0.53200 |    3.3944622841e-07    |    5.2722013705e+03    |    5.2622479766e+03    |
| 0.53400 |    3.3913638578e-07    |    5.2792209565e+03    |    5.2688436435e+03    |
| 0.53600 |    3.3882710534e-07    |    5.2860428574e+03    |    5.2752390439e+03    |
| 0.53800 |    3.3851841007e-07    |    5.2926663592e+03    |    5.2814334903e+03    |
| 0.54000 |    3.3821032292e-07    |    5.2990907761e+03    |    5.2874263237e+03    |
| 0.54200 |    3.3790286682e-07    |    5.3053154513e+03    |    5.2932169149e+03    |
| 0.54400 |    3.3759606469e-07    |    5.3113397576e+03    |    5.2988046649e+03    |
| 0.54600 |    3.3728993938e-07    |    5.3171630978e+03    |    5.3041890052e+03    |
| 0.54800 |    3.3698451373e-07    |    5.3227849052e+03    |    5.3093693984e+03    |
| 0.55000 |    3.3667981050e-07    |    5.3282046444e+03    |    5.3143453389e+03    |
| 0.55200 |    3.3637585243e-07    |    5.3334218115e+03    |    5.3191163535e+03    |
| 0.55400 |    3.3607266218e-07    |    5.3384359350e+03    |    5.3236820014e+03    |
| 0.55600 |    3.3577026236e-07    |    5.3432465761e+03    |    5.3280418754e+03    |
| 0.55800 |    3.3546867550e-07    |    5.3478533291e+03    |    5.3321956020e+03    |
| 0.56000 |    3.3516792407e-07    |    5.3522558222e+03    |    5.3361428419e+03    |
| 0.56200 |    3.3486803045e-07    |    5.3564537179e+03    |    5.3398832906e+03    |
| 0.56400 |    3.3456901693e-07    |    5.3604467135e+03    |    5.3434166790e+03    |
| 0.56600 |    3.3427090573e-07    |    5.3642345417e+03    |    5.3467427737e+03    |
| 0.56800 |    3.3397371895e-07    |    5.3678169707e+03    |    5.3498613775e+03    |
| 0.57000 |    3.3367747861e-07    |    5.3711938053e+03    |    5.3527723299e+03    |
| 0.57200 |    3.3338220661e-07    |    5.3743648869e+03    |    5.3554755077e+03    |
| 0.57400 |    3.3308792474e-07    |    5.3773300941e+03    |    5.3579708253e+03    |
| 0.57600 |    3.3279465467e-07    |    5.3800893434e+03    |    5.3602582351e+03    |
| 0.57800 |    3.3250241794e-07    |    5.3826425892e+03    |    5.3623377279e+03    |
| 0.58000 |    3.3221123598e-07    |    5.3849898247e+03    |    5.3642093338e+03    |
| 0.58200 |    3.3192113006e-07    |    5.3871310819e+03    |    5.3658731218e+03    |
| 0.58400 |    3.3163212134e-07    |    5.3890664325e+03    |    5.3673292010e+03    |
| 0.58600 |    3.3134423079e-07    |    5.3907959879e+03    |    5.3685777204e+03    |
| 0.58800 |    3.3105747928e-07    |    5.3923198998e+03    |    5.3696188697e+03    |
| 0.59000 |    3.3077188747e-07    |    5.3936383607e+03    |    5.3704528792e+03    |
| 0.59200 |    3.3048747590e-07    |    5.3947516039e+03    |    5.3710800208e+03    |
| 0.59400 |    3.3020426491e-07    |    5.3956599042e+03    |    5.3715006078e+03    |
| 0.59600 |    3.2992227469e-07    |    5.3963635784e+03    |    5.3717149952e+03    |
| 0.59800 |    3.2964152523e-07    |    5.3968629851e+03    |    5.3717235806e+03    |
| 0.60000 |    3.2936203635e-07    |    5.3971585253e+03    |    5.3715268039e+03    |
| 0.60200 |    3.2908382767e-07    |    5.3972506431e+03    |    5.3711251478e+03    |
| 0.60400 |    3.2880691862e-07    |    5.3971398253e+03    |    5.3705191382e+03    |
| 0.60600 |    3.2853132841e-07    |    5.3968266022e+03    |    5.3697093442e+03    |
| 0.60800 |    3.2825707608e-07    |    5.3963115477e+03    |    5.3686963784e+03    |
| 0.61000 |    3.2798418042e-07    |    5.3955952795e+03    |    5.3674808973e+03    |
| 0.61200 |    3.2771266003e-07    |    5.3946784594e+03    |    5.3660636014e+03    |
| 0.61400 |    3.2744253326e-07    |    5.3935617936e+03    |    5.3644452354e+03    |
| 0.61600 |    3.2717381826e-07    |    5.3922460326e+03    |    5.3626265881e+03    |
| 0.61800 |    3.2690653293e-07    |    5.3907319717e+03    |    5.3606084930e+03    |
| 0.62000 |    3.2664069495e-07    |    5.3890204513e+03    |    5.3583918281e+03    |
| 0.62200 |    3.2637632172e-07    |    5.3871123564e+03    |    5.3559775162e+03    |
| 0.62400 |    3.2611343043e-07    |    5.3850086175e+03    |    5.3533665249e+03    |
| 0.62600 |    3.2585203800e-07    |    5.3827102101e+03    |    5.3505598665e+03    |
| 0.62800 |    3.2559216111e-07    |    5.3802181551e+03    |    5.3475585985e+03    |
| 0.63000 |    3.2533381614e-07    |    5.3775335190e+03    |    5.3443638231e+03    |
| 0.63200 |    3.2507701924e-07    |    5.3746574134e+03    |    5.3409766876e+03    |
| 0.63400 |    3.2482178627e-07    |    5.3715909957e+03    |    5.3373983841e+03    |
| 0.63600 |    3.2456813283e-07    |    5.3683354687e+03    |    5.3336301499e+03    |
| 0.63800 |    3.2431607422e-07    |    5.3648920806e+03    |    5.3296732667e+03    |
| 0.64000 |    3.2406562546e-07    |    5.3612621250e+03    |    5.3255290612e+03    |
| 0.64200 |    3.2381680130e-07    |    5.3574469409e+03    |    5.3211989047e+03    |
| 0.64400 |    3.2356961618e-07    |    5.3534479128e+03    |    5.3166842129e+03    |
| 0.64600 |    3.2332408425e-07    |    5.3492664701e+03    |    5.3119864460e+03    |
| 0.64800 |    3.2308021934e-07    |    5.3449040872e+03    |    5.3071071083e+03    |
| 0.65000 |    3.2283803501e-07    |    5.3403622836e+03    |    5.3020477478e+03    |
| 0.65200 |    3.2259754449e-07    |    5.3356426235e+03    |    5.2968099565e+03    |
| 0.65400 |    3.2235876070e-07    |    5.3307467153e+03    |    5.2913953697e+03    |
| 0.65600 |    3.2212169624e-07    |    5.3256762119e+03    |    5.2858056658e+03    |
| 0.65800 |    3.2188636342e-07    |    5.3204328101e+03    |    5.2800425662e+03    |
| 0.66000 |    3.2165277419e-07    |    5.3150182504e+03    |    5.2741078346e+03    |
| 0.66200 |    3.2142094019e-07    |    5.3094343168e+03    |    5.2680032769e+03    |
| 0.66400 |    3.2119087275e-07    |    5.3036828362e+03    |    5.2617307407e+03    |
| 0.66600 |    3.2096258285e-07    |    5.2977656783e+03    |    5.2552921149e+03    |
| 0.66800 |    3.2073608113e-07    |    5.2916847550e+03    |    5.2486893292e+03    |
| 0.67000 |    3.2051137792e-07    |    5.2854420202e+03    |    5.2419243536e+03    |
| 0.67200 |    3.2028848319e-07    |    5.2790394690e+03    |    5.2349991981e+03    |
| 0.67400 |    3.2006740658e-07    |    5.2724791376e+03    |    5.2279159118e+03    |
| 0.67600 |    3.1984815738e-07    |    5.2657631027e+03    |    5.2206765826e+03    |
| 0.67800 |    3.1963074454e-07    |    5.2588934807e+03    |    5.2132833367e+03    |
| 0.68000 |    3.1941517666e-07    |    5.2518724276e+03    |    5.2057383374e+03    |
| 0.68200 |    3.1920146200e-07    |    5.2447021379e+03    |    5.1980437853e+03    |
| 0.68400 |    3.1898960846e-07    |    5.2373848443e+03    |    5.1902019166e+03    |
| 0.68600 |    3.1877962359e-07    |    5.2299228172e+03    |    5.1822150035e+03    |
| 0.68800 |    3.1857151458e-07    |    5.2223183634e+03    |    5.1740853525e+03    |
| 0.69000 |    3.1836528830e-07    |    5.2145738263e+03    |    5.1658153042e+03    |
| 0.69200 |    3.1816095121e-07    |    5.2066915842e+03    |    5.1574072321e+03    |
| 0.69400 |    3.1795850946e-07    |    5.1986740502e+03    |    5.1488635421e+03    |
| 0.69600 |    3.1775796882e-07    |    5.1905236714e+03    |    5.1401866716e+03    |
| 0.69800 |    3.1755933471e-07    |    5.1822429276e+03    |    5.1313790882e+03    |
| 0.70000 |    3.1736261219e-07    |    5.1738343309e+03    |    5.1224432894e+03    |
| 0.70200 |    3.1716780596e-07    |    5.1653004247e+03    |    5.1133818011e+03    |
| 0.70400 |    3.1697492036e-07    |    5.1566437826e+03    |    5.1041971770e+03    |
| 0.70600 |    3.1678395938e-07    |    5.1478670079e+03    |    5.0948919973e+03    |
| 0.70800 |    3.1659492664e-07    |    5.1389727321e+03    |    5.0854688678e+03    |
| 0.71000 |    3.1640782541e-07    |    5.1299636145e+03    |    5.0759304189e+03    |
| 0.71200 |    3.1622265860e-07    |    5.1208423405e+03    |    5.0662793045e+03    |
| 0.71400 |    3.1603942876e-07    |    5.1116116213e+03    |    5.0565182007e+03    |
| 0.71600 |    3.1585813809e-07    |    5.1022741924e+03    |    5.0466498047e+03    |
| 0.71800 |    3.1567878842e-07    |    5.0928328123e+03    |    5.0366768339e+03    |
| 0.72000 |    3.1550138125e-07    |    5.0832902622e+03    |    5.0266020242e+03    |
| 0.72200 |    3.1532591770e-07    |    5.0736493438e+03    |    5.0164281294e+03    |
| 0.72400 |    3.1515239856e-07    |    5.0639128791e+03    |    5.0061579194e+03    |
| 0.72600 |    3.1498082425e-07    |    5.0540837085e+03    |    4.9957941791e+03    |
| 0.72800 |    3.1481119485e-07    |    5.0441646900e+03    |    4.9853397073e+03    |
| 0.73000 |    3.1464351010e-07    |    5.0341586979e+03    |    4.9747973151e+03    |
| 0.73200 |    3.1447776937e-07    |    5.0240686214e+03    |    4.9641698248e+03    |
| 0.73400 |    3.1431397172e-07    |    5.0138973635e+03    |    4.9534600682e+03    |
| 0.73600 |    3.1415211584e-07    |    5.0036478397e+03    |    4.9426708857e+03    |
| 0.73800 |    3.1399220009e-07    |    4.9933229764e+03    |    4.9318051244e+03    |
| 0.74000 |    3.1383422251e-07    |    4.9829257100e+03    |    4.9208656371e+03    |
| 0.74200 |    3.1367818077e-07    |    4.9724589854e+03    |    4.9098552804e+03    |
| 0.74400 |    3.1352407223e-07    |    4.9619257546e+03    |    4.8987769139e+03    |
| 0.74600 |    3.1337189393e-07    |    4.9513289752e+03    |    4.8876333980e+03    |
| 0.74800 |    3.1322164257e-07    |    4.9406716093e+03    |    4.8764275930e+03    |
| 0.75000 |    3.1307331451e-07    |    4.9299566219e+03    |    4.8651623571e+03    |
| 0.75200 |    3.1292690584e-07    |    4.9191869796e+03    |    4.8538405453e+03    |
| 0.75400 |    3.1278241227e-07    |    4.9083656492e+03    |    4.8424650078e+03    |
| 0.75600 |    3.1263982924e-07    |    4.8974955962e+03    |    4.8310385884e+03    |
| 0.75800 |    3.1249915187e-07    |    4.8865797833e+03    |    4.8195641227e+03    |
| 0.76000 |    3.1236037496e-07    |    4.8756211693e+03    |    4.8080444372e+03    |
| 0.76200 |    3.1222349303e-07    |    4.8646227073e+03    |    4.7964823471e+03    |
| 0.76400 |    3.1208850027e-07    |    4.8535873435e+03    |    4.7848806552e+03    |
| 0.76600 |    3.1195539059e-07    |    4.8425180155e+03    |    4.7732421500e+03    |
| 0.76800 |    3.1182415761e-07    |    4.8314176513e+03    |    4.7615696044e+03    |
| 0.77000 |    3.1169479467e-07    |    4.8202891675e+03    |    4.7498657742e+03    |
| 0.77200 |    3.1156729480e-07    |    4.8091354680e+03    |    4.7381333962e+03    |
| 0.77400 |    3.1144165076e-07    |    4.7979594426e+03    |    4.7263751870e+03    |
| 0.77600 |    3.1131785504e-07    |    4.7867639658e+03    |    4.7145938413e+03    |
| 0.77800 |    3.1119589987e-07    |    4.7755518949e+03    |    4.7027920304e+03    |
| 0.78000 |    3.1107577717e-07    |    4.7643260692e+03    |    4.6909724007e+03    |
| 0.78200 |    3.1095747864e-07    |    4.7530893082e+03    |    4.6791375723e+03    |
| 0.78400 |    3.1084099569e-07    |    4.7418444105e+03    |    4.6672901372e+03    |
| 0.78600 |    3.1072631950e-07    |    4.7305941525e+03    |    4.6554326581e+03    |
| 0.78800 |    3.1061344097e-07    |    4.7193412869e+03    |    4.6435676668e+03    |
| 0.79000 |    3.1050235079e-07    |    4.7080885417e+03    |    4.6316976631e+03    |
| 0.79200 |    3.1039303937e-07    |    4.6968386188e+03    |    4.6198251127e+03    |
| 0.79400 |    3.1028549690e-07    |    4.6855941928e+03    |    4.6079524464e+03    |
| 0.79600 |    3.1017971335e-07    |    4.6743579098e+03    |    4.5960820587e+03    |
| 0.79800 |    3.1007567843e-07    |    4.6631323862e+03    |    4.5842163060e+03    |
| 0.80000 |    3.0997338166e-07    |    4.6519202080e+03    |    4.5723575059e+03    |
| 0.80200 |    3.0987281231e-07    |    4.6407239293e+03    |    4.5605079355e+03    |
| 0.80400 |    3.0977395946e-07    |    4.6295460712e+03    |    4.5486698302e+03    |
| 0.80600 |    3.0967681196e-07    |    4.6183891215e+03    |    4.5368453826e+03    |
| 0.80800 |    3.0958135846e-07    |    4.6072555330e+03    |    4.5250367416e+03    |
| 0.81000 |    3.0948758741e-07    |    4.5961477230e+03    |    4.5132460107e+03    |
| 0.81200 |    3.0939548707e-07    |    4.5850680726e+03    |    4.5014752472e+03    |
| 0.81400 |    3.0930504549e-07    |    4.5740189257e+03    |    4.4897264614e+03    |
| 0.81600 |    3.0921625055e-07    |    4.5630025886e+03    |    4.4780016152e+03    |
| 0.81800 |    3.0912908993e-07    |    4.5520213289e+03    |    4.4663026214e+03    |
| 0.82000 |    3.0904355114e-07    |    4.5410773754e+03    |    4.4546313428e+03    |
| 0.82200 |    3.0895962151e-07    |    4.5301729174e+03    |    4.4429895912e+03    |
| 0.82400 |    3.0887728821e-07    |    4.5193101045e+03    |    4.4313791268e+03    |
| 0.82600 |    3.0879653822e-07    |    4.5084910458e+03    |    4.4198016574e+03    |
| 0.82800 |    3.0871735838e-07    |    4.4977178101e+03    |    4.4082588378e+03    |
| 0.83000 |    3.0863973537e-07    |    4.4869924256e+03    |    4.3967522691e+03    |
| 0.83200 |    3.0856365571e-07    |    4.4763168796e+03    |    4.3852834979e+03    |
| 0.83400 |    3.0848910575e-07    |    4.4656931188e+03    |    4.3738540165e+03    |
| 0.83600 |    3.0841607174e-07    |    4.4551230492e+03    |    4.3624652618e+03    |
| 0.83800 |    3.0834453976e-07    |    4.4446085365e+03    |    4.3511186153e+03    |
| 0.84000 |    3.0827449574e-07    |    4.4341514061e+03    |    4.3398154026e+03    |
| 0.84200 |    3.0820592550e-07    |    4.4237534437e+03    |    4.3285568934e+03    |
| 0.84400 |    3.0813881472e-07    |    4.4134163958e+03    |    4.3173443012e+03    |
| 0.84600 |    3.0807314895e-07    |    4.4031419702e+03    |    4.3061787833e+03    |
| 0.84800 |    3.0800891364e-07    |    4.3929318368e+03    |    4.2950614405e+03    |
| 0.85000 |    3.0794609409e-07    |    4.3827876285e+03    |    4.2839933177e+03    |
| 0.85200 |    3.0788467550e-07    |    4.3727109421e+03    |    4.2729754035e+03    |
| 0.85400 |    3.0782464296e-07    |    4.3627033395e+03    |    4.2620086305e+03    |
| 0.85600 |    3.0776598145e-07    |    4.3527663487e+03    |    4.2510938760e+03    |
| 0.85800 |    3.0770867585e-07    |    4.3429014654e+03    |    4.2402319616e+03    |
| 0.86000 |    3.0765271093e-07    |    4.3331101545e+03    |    4.2294236543e+03    |
| 0.86200 |    3.0759807136e-07    |    4.3233938515e+03    |    4.2186696666e+03    |
| 0.86400 |    3.0754474174e-07    |    4.3137539646e+03    |    4.2079706570e+03    |
| 0.86600 |    3.0749270656e-07    |    4.3041918766e+03    |    4.1973272309e+03    |
| 0.86800 |    3.0744195021e-07    |    4.2947089466e+03    |    4.1867399411e+03    |
| 0.87000 |    3.0739245703e-07    |    4.2853065130e+03    |    4.1762092884e+03    |
| 0.87200 |    3.0734421125e-07    |    4.2759858953e+03    |    4.1657357228e+03    |
| 0.87400 |    3.0729719704e-07    |    4.2667483972e+03    |    4.1553196441e+03    |
| 0.87600 |    3.0725139848e-07    |    4.2575953091e+03    |    4.1449614028e+03    |
| 0.87800 |    3.0720679958e-07    |    4.2485279112e+03    |    4.1346613013e+03    |
| 0.88000 |    3.0716338431e-07    |    4.2395474767e+03    |    4.1244195947e+03    |
| 0.88200 |    3.0712113653e-07    |    4.2306552756e+03    |    4.1142364921e+03    |
| 0.88400 |    3.0708004008e-07    |    4.2218525775e+03    |    4.1041121578e+03    |
| 0.88600 |    3.0704007870e-07    |    4.2131406563e+03    |    4.0940467123e+03    |
| 0.88800 |    3.0700123611e-07    |    4.2045207940e+03    |    4.0840402336e+03    |
| 0.89000 |    3.0696349595e-07    |    4.1959942849e+03    |    4.0740927587e+03    |
| 0.89200 |    3.0692684183e-07    |    4.1875624407e+03    |    4.0642042845e+03    |
| 0.89400 |    3.0689125729e-07    |    4.1792265950e+03    |    4.0543747696e+03    |
| 0.89600 |    3.0685672585e-07    |    4.1709881087e+03    |    4.0446041356e+03    |
| 0.89800 |    3.0682323098e-07    |    4.1628483757e+03    |    4.0348922683e+03    |
| 0.90000 |    3.0679075609e-07    |    4.1548088289e+03    |    4.0252390194e+03    |
| 0.90200 |    3.0675928459e-07    |    4.1468709459e+03    |    4.0156442076e+03    |
| 0.90400 |    3.0672879983e-07    |    4.1390362567e+03    |    4.0061076205e+03    |
| 0.90600 |    3.0669928515e-07    |    4.1313063497e+03    |    3.9966290160e+03    |
| 0.90800 |    3.0667072384e-07    |    4.1236828805e+03    |    3.9872081234e+03    |
| 0.91000 |    3.0664309920e-07    |    4.1161675789e+03    |    3.9778446455e+03    |
| 0.91200 |    3.0661639449e-07    |    4.1087622585e+03    |    3.9685382594e+03    |
| 0.91400 |    3.0659059295e-07    |    4.1014688253e+03    |    3.9592886185e+03    |
| 0.91600 |    3.0656567781e-07    |    4.0942892881e+03    |    3.9500953540e+03    |
| 0.91800 |    3.0654163230e-07    |    4.0872257689e+03    |    3.9409580758e+03    |
| 0.92000 |    3.0651843963e-07    |    4.0802805146e+03    |    3.9318763744e+03    |
| 0.92200 |    3.0649608302e-07    |    4.0734559090e+03    |    3.9228498222e+03    |
| 0.92400 |    3.0647454569e-07    |    4.0667544865e+03    |    3.9138779749e+03    |
| 0.92600 |    3.0645381084e-07    |    4.0601789462e+03    |    3.9049603725e+03    |
| 0.92800 |    3.0643386170e-07    |    4.0537321674e+03    |    3.8960965412e+03    |
| 0.93000 |    3.0641468152e-07    |    4.0474172270e+03    |    3.8872859941e+03    |
| 0.93200 |    3.0639625355e-07    |    4.0412374172e+03    |    3.8785282327e+03    |
| 0.93400 |    3.0637856106e-07    |    4.0351962657e+03    |    3.8698227481e+03    |
| 0.93600 |    3.0636158735e-07    |    4.0292975579e+03    |    3.8611690219e+03    |
| 0.93800 |    3.0634531575e-07    |    4.0235453603e+03    |    3.8525665276e+03    |
| 0.94000 |    3.0632972960e-07    |    4.0179440469e+03    |    3.8440147312e+03    |
| 0.94200 |    3.0631481232e-07    |    4.0124983277e+03    |    3.8355130928e+03    |
| 0.94400 |    3.0630054733e-07    |    4.0072132811e+03    |    3.8270610668e+03    |
| 0.94600 |    3.0628691812e-07    |    4.0020943879e+03    |    3.8186581032e+03    |
| 0.94800 |    3.0627390822e-07    |    3.9971475707e+03    |    3.8103036485e+03    |
| 0.95000 |    3.0626150121e-07    |    3.9923792369e+03    |    3.8019971459e+03    |
| 0.95200 |    3.0624968076e-07    |    3.9877963260e+03    |    3.7937380368e+03    |
| 0.95400 |    3.0623843057e-07    |    3.9834063629e+03    |    3.7855257609e+03    |
| 0.95600 |    3.0622773444e-07    |    3.9792175180e+03    |    3.7773597571e+03    |
| 0.95800 |    3.0621757621e-07    |    3.9752386730e+03    |    3.7692394636e+03    |
| 0.96000 |    3.0620793986e-07    |    3.9714794965e+03    |    3.7611643192e+03    |
| 0.96200 |    3.0619880940e-07    |    3.9679505277e+03    |    3.7531337632e+03    |
| 0.96400 |    3.0619016897e-07    |    3.9646632719e+03    |    3.7451472359e+03    |
| 0.96600 |    3.0618200279e-07    |    3.9616303083e+03    |    3.7372041793e+03    |
| 0.96800 |    3.0617429520e-07    |    3.9588654123e+03    |    3.7293040373e+03    |
| 0.97000 |    3.0616703066e-07    |    3.9563836947e+03    |    3.7214462558e+03    |
| 0.97200 |    3.0616019373e-07    |    3.9542017610e+03    |    3.7136302837e+03    |
| 0.97400 |    3.0615376910e-07    |    3.9523378937e+03    |    3.7058555724e+03    |
| 0.97600 |    3.0614774160e-07    |    3.9508122623e+03    |    3.6981215768e+03    |
| 0.97800 |    3.0614209619e-07    |    3.9496471648e+03    |    3.6904277551e+03    |
| 0.98000 |    3.0613681800e-07    |    3.9488673079e+03    |    3.6827735692e+03    |
| 0.98200 |    3.0613189230e-07    |    3.9485001321e+03    |    3.6751584851e+03    |
| 0.98400 |    3.0612730451e-07    |    3.9485761915e+03    |    3.6675819728e+03    |
| 0.98600 |    3.0612304024e-07    |    3.9491295982e+03    |    3.6600435071e+03    |
| 0.98800 |    3.0611908527e-07    |    3.9501985451e+03    |    3.6525425673e+03    |
| 0.99000 |    3.0611542556e-07    |    3.9518259235e+03    |    3.6450786376e+03    |
| 0.99200 |    3.0611204728e-07    |    3.9540600573e+03    |    3.6376512074e+03    |
| 0.99400 |    3.0610893679e-07    |    3.9569555781e+03    |    3.6302597718e+03    |
| 0.99600 |    3.0610608067e-07    |    3.9605744755e+03    |    3.6229038312e+03    |
| 0.99800 |    3.0610346571e-07    |    3.9649873653e+03    |    3.6155828921e+03    |
| 1.00000 |    3.0610107895e-07    |    3.9591837586e+03    |    3.6082964673e+03    |
--------------------------------------------------------------------------------------