Число узлов n = 1001
--------------------------------------------------------------------------------------
|    x    |          u(z)          |          f(z)          |     f(z) integral      |
--------------------------------------------------------------------------------------
| 0.00000 |    3.9205332801e-07    |    0.0000000000e+00    |    0.0000000000e+00    |
| 0.00100 |    3.9205308075e-07    |    1.2378369618e+01    |    1.1675139916e+01    |
| 0.00200 |    3.9205243988e-07    |    2.3631574471e+01    |    2.3350283280e+01    |
| 0.00300 |    3.9205138522e-07    |    3.5206262785e+01    |    3.5025433463e+01    |
| 0.00400 |    3.9204991388e-07    |    4.6834540697e+01    |    4.6700593809e+01    |
| 0.00500 |    3.9204802491e-07    |    5.8482315552e+01    |    5.8375767668e+01    |
| 0.00600 |    3.9204571787e-07    |    7.0139474293e+01    |    7.0050958381e+01    |
| 0.00700 |    3.9204299252e-07    |    8.1801898753e+01    |    8.1726169275e+01    |
| 0.00800 |    3.9203984871e-07    |    9.3467586590e+01    |    9.3401403658e+01    |
| 0.00900 |    3.9203628636e-07    |    1.0513544489e+02    |    1.0507666482e+02    |
| 0.01000 |    3.9203230541e-07    |    1.1680482614e+02    |    1.1675195601e+02    |
| 0.01100 |    3.9202790580e-07    |    1.2847532249e+02    |    1.2842728048e+02    |
| 0.01200 |    3.9202308750e-07    |    1.4014666451e+02    |    1.4010264141e+02    |
| 0.01300 |    3.9201785049e-07    |    1.5181866737e+02    |    1.5177804197e+02    |
| 0.01400 |    3.9201219475e-07    |    1.6349120031e+02    |    1.6345348529e+02    |
| 0.01500 |    3.9200612026e-07    |    1.7516416846e+02    |    1.7512897445e+02    |
| 0.01600 |    3.9199962700e-07    |    1.8683750154e+02    |    1.8680451249e+02    |
| 0.01700 |    3.9199271496e-07    |    1.9851114655e+02    |    1.9848010239e+02    |
| 0.01800 |    3.9198538413e-07    |    2.1018506292e+02    |    2.1015574710e+02    |
| 0.01900 |    3.9197763451e-07    |    2.2185921924e+02    |    2.2183144948e+02    |
| 0.02000 |    3.9196946609e-07    |    2.3353359092e+02    |    2.3350721238e+02    |
| 0.02100 |    3.9196087885e-07    |    2.4520815855e+02    |    2.4518303854e+02    |
| 0.02200 |    3.9195187279e-07    |    2.5688290667e+02    |    2.5685893066e+02    |
| 0.02300 |    3.9194244791e-07    |    2.6855782296e+02    |    2.6853489138e+02    |
| 0.02400 |    3.9193260420e-07    |    2.8023289749e+02    |    2.8021092324e+02    |
| 0.02500 |    3.9192234165e-07    |    2.9190812228e+02    |    2.9188702873e+02    |
| 0.02600 |    3.9191166027e-07    |    3.0358349086e+02    |    3.0356321024e+02    |
| 0.02700 |    3.9190056004e-07    |    3.1525899803e+02    |    3.1523947011e+02    |
| 0.02800 |    3.9188904095e-07    |    3.2693463955e+02    |    3.2691581057e+02    |
| 0.02900 |    3.9187710302e-07    |    3.3861041200e+02    |    3.3859223377e+02    |
| 0.03000 |    3.9186474623e-07    |    3.5028631261e+02    |    3.5026874176e+02    |
| 0.03100 |    3.9185197057e-07    |    3.6196233914e+02    |    3.6194533651e+02    |
| 0.03200 |    3.9183877605e-07    |    3.7363848979e+02    |    3.7362201989e+02    |
| 0.03300 |    3.9182516266e-07    |    3.8531476308e+02    |    3.8529879366e+02    |
| 0.03400 |    3.9181113040e-07    |    3.9699115783e+02    |    3.9697565948e+02    |
| 0.03500 |    3.9179667926e-07    |    4.0866767306e+02    |    4.0865261891e+02    |
| 0.03600 |    3.9178180923e-07    |    4.2034430797e+02    |    4.2032967338e+02    |
| 0.03700 |    3.9176652033e-07    |    4.3202106191e+02    |    4.3200682423e+02    |
| 0.03800 |    3.9175081254e-07    |    4.4369793427e+02    |    4.4368407267e+02    |
| 0.03900 |    3.9173468585e-07    |    4.5537492456e+02    |    4.5536141979e+02    |
| 0.04000 |    3.9171814028e-07    |    4.6705203228e+02    |    4.6703886656e+02    |
| 0.04100 |    3.9170117581e-07    |    4.7872925699e+02    |    4.7871641382e+02    |
| 0.04200 |    3.9168379243e-07    |    4.9040659820e+02    |    4.9039406228e+02    |
| 0.04300 |    3.9166599016e-07    |    5.0208405542e+02    |    5.0207181251e+02    |
| 0.04400 |    3.9164776898e-07    |    5.1376162813e+02    |    5.1374966496e+02    |
| 0.04500 |    3.9162912890e-07    |    5.2543931573e+02    |    5.2542761992e+02    |
| 0.04600 |    3.9161006990e-07    |    5.3711711757e+02    |    5.3710567756e+02    |
| 0.04700 |    3.9159059199e-07    |    5.4879503293e+02    |    5.4878383788e+02    |
| 0.04800 |    3.9157069517e-07    |    5.6047306098e+02    |    5.6046210075e+02    |
| 0.04900 |    3.9155037944e-07    |    5.7215120081e+02    |    5.7214046587e+02    |
| 0.05000 |    3.9152964479e-07    |    5.8382945139e+02    |    5.8381893279e+02    |
| 0.05100 |    3.9150849122e-07    |    5.9550781159e+02    |    5.9549750091e+02    |
| 0.05200 |    3.9148691872e-07    |    6.0718628016e+02    |    6.0717616945e+02    |
| 0.05300 |    3.9146492731e-07    |    6.1886485570e+02    |    6.1885493749e+02    |
| 0.05400 |    3.9144251698e-07    |    6.3054353669e+02    |    6.3053380390e+02    |
| 0.05500 |    3.9141968772e-07    |    6.4222232146e+02    |    6.4221276742e+02    |
| 0.05600 |    3.9139643954e-07    |    6.5390120820e+02    |    6.5389182659e+02    |
| 0.05700 |    3.9137277243e-07    |    6.6558019494e+02    |    6.6557097977e+02    |
| 0.05800 |    3.9134868641e-07    |    6.7725927955e+02    |    6.7725022515e+02    |
| 0.05900 |    3.9132418146e-07    |    6.8893845974e+02    |    6.8892956073e+02    |
| 0.06000 |    3.9129925759e-07    |    7.0061773306e+02    |    7.0060898432e+02    |
| 0.06100 |    3.9127391479e-07    |    7.1229709685e+02    |    7.1228849353e+02    |
| 0.06200 |    3.9124815308e-07    |    7.2397654832e+02    |    7.2396808579e+02    |
| 0.06300 |    3.9122197245e-07    |    7.3565608445e+02    |    7.3564775832e+02    |
| 0.06400 |    3.9119537290e-07    |    7.4733570208e+02    |    7.4732750814e+02    |
| 0.06500 |    3.9116835443e-07    |    7.5901539780e+02    |    7.5900733207e+02    |
| 0.06600 |    3.9114091706e-07    |    7.7069516805e+02    |    7.7068722672e+02    |
| 0.06700 |    3.9111306078e-07    |    7.8237500906e+02    |    7.8236718849e+02    |
| 0.06800 |    3.9108478559e-07    |    7.9405491685e+02    |    7.9404721354e+02    |
| 0.06900 |    3.9105609150e-07    |    8.0573488722e+02    |    8.0572729786e+02    |
| 0.07000 |    3.9102697851e-07    |    8.1741491576e+02    |    8.1740743718e+02    |
| 0.07100 |    3.9099744663e-07    |    8.2909499788e+02    |    8.2908762702e+02    |
| 0.07200 |    3.9096749587e-07    |    8.4077512871e+02    |    8.4076786266e+02    |
| 0.07300 |    3.9093712622e-07    |    8.5245530321e+02    |    8.5244813917e+02    |
| 0.07400 |    3.9090633770e-07    |    8.6413551607e+02    |    8.6412845138e+02    |
| 0.07500 |    3.9087513031e-07    |    8.7581576178e+02    |    8.7580879386e+02    |
| 0.07600 |    3.9084350405e-07    |    8.8749603458e+02    |    8.8748916096e+02    |
| 0.07700 |    3.9081145895e-07    |    8.9917632848e+02    |    8.9916954678e+02    |
| 0.07800 |    3.9077899500e-07    |    9.1085663722e+02    |    9.1084994519e+02    |
| 0.07900 |    3.9074611221e-07    |    9.2253695434e+02    |    9.2253034977e+02    |
| 0.08000 |    3.9071281060e-07    |    9.3421727308e+02    |    9.3421075389e+02    |
| 0.08100 |    3.9067909017e-07    |    9.4589758648e+02    |    9.4589115063e+02    |
| 0.08200 |    3.9064495093e-07    |    9.5757788727e+02    |    9.5757153282e+02    |
| 0.08300 |    3.9061039290e-07    |    9.6925816796e+02    |    9.6925189303e+02    |
| 0.08400 |    3.9057541609e-07    |    9.8093842079e+02    |    9.8093222357e+02    |
| 0.08500 |    3.9054002051e-07    |    9.9261863771e+02    |    9.9261251647e+02    |
| 0.08600 |    3.9050420617e-07    |    1.0042988104e+03    |    1.0042927635e+03    |
| 0.08700 |    3.9046797310e-07    |    1.0159789303e+03    |    1.0159729561e+03    |
| 0.08800 |    3.9043132129e-07    |    1.0276589886e+03    |    1.0276530855e+03    |
| 0.08900 |    3.9039425078e-07    |    1.0393389761e+03    |    1.0393331426e+03    |
| 0.09000 |    3.9035676157e-07    |    1.0510188834e+03    |    1.0510131180e+03    |
| 0.09100 |    3.9031885369e-07    |    1.0626987008e+03    |    1.0626930022e+03    |
| 0.09200 |    3.9028052715e-07    |    1.0743784183e+03    |    1.0743727851e+03    |
| 0.09300 |    3.9024178196e-07    |    1.0860580256e+03    |    1.0860524564e+03    |
| 0.09400 |    3.9020261816e-07    |    1.0977375121e+03    |    1.0977320057e+03    |
| 0.09500 |    3.9016303577e-07    |    1.1094168669e+03    |    1.1094114222e+03    |
| 0.09600 |    3.9012303479e-07    |    1.1210960789e+03    |    1.1210906945e+03    |
| 0.09700 |    3.9008261527e-07    |    1.1327751365e+03    |    1.1327698113e+03    |
| 0.09800 |    3.9004177721e-07    |    1.1444540279e+03    |    1.1444487609e+03    |
| 0.09900 |    3.9000052065e-07    |    1.1561327409e+03    |    1.1561275310e+03    |
| 0.10000 |    3.8995884561e-07    |    1.1678112633e+03    |    1.1678061094e+03    |
| 0.10100 |    3.8991675212e-07    |    1.1794895821e+03    |    1.1794844832e+03    |
| 0.10200 |    3.8987424021e-07    |    1.1911676843e+03    |    1.1911626395e+03    |
| 0.10300 |    3.8983130990e-07    |    1.2028455565e+03    |    1.2028405647e+03    |
| 0.10400 |    3.8978796123e-07    |    1.2145231849e+03    |    1.2145182453e+03    |
| 0.10500 |    3.8974419422e-07    |    1.2262005555e+03    |    1.2261956672e+03    |
| 0.10600 |    3.8970000891e-07    |    1.2378776538e+03    |    1.2378728159e+03    |
| 0.10700 |    3.8965540534e-07    |    1.2495544651e+03    |    1.2495496768e+03    |
| 0.10800 |    3.8961038353e-07    |    1.2612309742e+03    |    1.2612262348e+03    |
| 0.10900 |    3.8956494352e-07    |    1.2729071659e+03    |    1.2729024744e+03    |
| 0.11000 |    3.8951908536e-07    |    1.2845830241e+03    |    1.2845783799e+03    |
| 0.11100 |    3.8947280908e-07    |    1.2962585329e+03    |    1.2962539351e+03    |
| 0.11200 |    3.8942611471e-07    |    1.3079336756e+03    |    1.3079291236e+03    |
| 0.11300 |    3.8937900231e-07    |    1.3196084355e+03    |    1.3196039285e+03    |
| 0.11400 |    3.8933147191e-07    |    1.3312827952e+03    |    1.3312783327e+03    |
| 0.11500 |    3.8928352356e-07    |    1.3429567373e+03    |    1.3429523185e+03    |
| 0.11600 |    3.8923515730e-07    |    1.3546302437e+03    |    1.3546258680e+03    |
| 0.11700 |    3.8918637318e-07    |    1.3663032961e+03    |    1.3662989629e+03    |
| 0.11800 |    3.8913717125e-07    |    1.3779758758e+03    |    1.3779715844e+03    |
| 0.11900 |    3.8908755156e-07    |    1.3896479637e+03    |    1.3896437136e+03    |
| 0.12000 |    3.8903751416e-07    |    1.4013195403e+03    |    1.4013153309e+03    |
| 0.12100 |    3.8898705910e-07    |    1.4129905858e+03    |    1.4129864166e+03    |
| 0.12200 |    3.8893618643e-07    |    1.4246610800e+03    |    1.4246569503e+03    |
| 0.12300 |    3.8888489622e-07    |    1.4363310021e+03    |    1.4363269115e+03    |
| 0.12400 |    3.8883318852e-07    |    1.4480003312e+03    |    1.4479962792e+03    |
| 0.12500 |    3.8878106339e-07    |    1.4596690458e+03    |    1.4596650319e+03    |
| 0.12600 |    3.8872852090e-07    |    1.4713371241e+03    |    1.4713331478e+03    |
| 0.12700 |    3.8867556110e-07    |    1.4830045438e+03    |    1.4830006047e+03    |
| 0.12800 |    3.8862218405e-07    |    1.4946712824e+03    |    1.4946673800e+03    |
| 0.12900 |    3.8856838984e-07    |    1.5063373168e+03    |    1.5063334506e+03    |
| 0.13000 |    3.8851417851e-07    |    1.5180026234e+03    |    1.5179987930e+03    |
| 0.13100 |    3.8845955015e-07    |    1.5296671785e+03    |    1.5296633835e+03    |
| 0.13200 |    3.8840450483e-07    |    1.5413309577e+03    |    1.5413271976e+03    |
| 0.13300 |    3.8834904262e-07    |    1.5529939362e+03    |    1.5529902108e+03    |
| 0.13400 |    3.8829316359e-07    |    1.5646560890e+03    |    1.5646523978e+03    |
| 0.13500 |    3.8823686783e-07    |    1.5763173904e+03    |    1.5763137330e+03    |
| 0.13600 |    3.8818015541e-07    |    1.5879778145e+03    |    1.5879741905e+03    |
| 0.13700 |    3.8812302642e-07    |    1.5996373347e+03    |    1.5996337439e+03    |
| 0.13800 |    3.8806548094e-07    |    1.6112959242e+03    |    1.6112923661e+03    |
| 0.13900 |    3.8800751905e-07    |    1.6229535557e+03    |    1.6229500301e+03    |
| 0.14000 |    3.8794914084e-07    |    1.6346102014e+03    |    1.6346067078e+03    |
| 0.14100 |    3.8789034641e-07    |    1.6462658330e+03    |    1.6462623712e+03    |
| 0.14200 |    3.8783113585e-07    |    1.6579204219e+03    |    1.6579169916e+03    |
| 0.14300 |    3.8777150924e-07    |    1.6695739390e+03    |    1.6695705398e+03    |
| 0.14400 |    3.8771146670e-07    |    1.6812263546e+03    |    1.6812229863e+03    |
| 0.14500 |    3.8765100831e-07    |    1.6928776388e+03    |    1.6928743010e+03    |
| 0.14600 |    3.8759013418e-07    |    1.7045277609e+03    |    1.7045244535e+03    |
| 0.14700 |    3.8752884442e-07    |    1.7161766901e+03    |    1.7161734127e+03    |
| 0.14800 |    3.8746713912e-07    |    1.7278243949e+03    |    1.7278211473e+03    |
| 0.14900 |    3.8740501840e-07    |    1.7394708434e+03    |    1.7394676252e+03    |
| 0.15000 |    3.8734248238e-07    |    1.7511160031e+03    |    1.7511128142e+03    |
| 0.15100 |    3.8727953115e-07    |    1.7627598412e+03    |    1.7627566813e+03    |
| 0.15200 |    3.8721616485e-07    |    1.7744023244e+03    |    1.7743991933e+03    |
| 0.15300 |    3.8715238358e-07    |    1.7860434188e+03    |    1.7860403162e+03    |
| 0.15400 |    3.8708818747e-07    |    1.7976830900e+03    |    1.7976800158e+03    |
| 0.15500 |    3.8702357665e-07    |    1.8093213034e+03    |    1.8093182573e+03    |
| 0.15600 |    3.8695855124e-07    |    1.8209580235e+03    |    1.8209550053e+03    |
| 0.15700 |    3.8689311137e-07    |    1.8325932146e+03    |    1.8325902241e+03    |
| 0.15800 |    3.8682725717e-07    |    1.8442268403e+03    |    1.8442238773e+03    |
| 0.15900 |    3.8676098877e-07    |    1.8558588638e+03    |    1.8558559281e+03    |
| 0.16000 |    3.8669430633e-07    |    1.8674892479e+03    |    1.8674863394e+03    |
| 0.16100 |    3.8662720997e-07    |    1.8791179547e+03    |    1.8791150731e+03    |
| 0.16200 |    3.8655969984e-07    |    1.8907449459e+03    |    1.8907420910e+03    |
| 0.16300 |    3.8649177608e-07    |    1.9023701827e+03    |    1.9023673543e+03    |
| 0.16400 |    3.8642343885e-07    |    1.9139936256e+03    |    1.9139908237e+03    |
| 0.16500 |    3.8635468830e-07    |    1.9256152348e+03    |    1.9256124591e+03    |
| 0.16600 |    3.8628552459e-07    |    1.9372349699e+03    |    1.9372322203e+03    |
| 0.16700 |    3.8621594786e-07    |    1.9488527899e+03    |    1.9488500663e+03    |
| 0.16800 |    3.8614595829e-07    |    1.9604686535e+03    |    1.9604659556e+03    |
| 0.16900 |    3.8607555604e-07    |    1.9720825185e+03    |    1.9720798463e+03    |
| 0.17000 |    3.8600474127e-07    |    1.9836943426e+03    |    1.9836916959e+03    |
| 0.17100 |    3.8593351416e-07    |    1.9953040826e+03    |    1.9953014613e+03    |
| 0.17200 |    3.8586187489e-07    |    2.0069116949e+03    |    2.0069090989e+03    |
| 0.17300 |    3.8578982362e-07    |    2.0185171355e+03    |    2.0185145645e+03    |
| 0.17400 |    3.8571736055e-07    |    2.0301203595e+03    |    2.0301178135e+03    |
| 0.17500 |    3.8564448585e-07    |    2.0417213218e+03    |    2.0417188007e+03    |
| 0.17600 |    3.8557119972e-07    |    2.0533199766e+03    |    2.0533174802e+03    |
| 0.17700 |    3.8549750234e-07    |    2.0649162776e+03    |    2.0649138058e+03    |
| 0.17800 |    3.8542339391e-07    |    2.0765101778e+03    |    2.0765077306e+03    |
| 0.17900 |    3.8534887464e-07    |    2.0881016298e+03    |    2.0880992070e+03    |
| 0.18000 |    3.8527394471e-07    |    2.0996905855e+03    |    2.0996881871e+03    |
| 0.18100 |    3.8519860434e-07    |    2.1112769965e+03    |    2.1112746223e+03    |
| 0.18200 |    3.8512285373e-07    |    2.1228608136e+03    |    2.1228584635e+03    |
| 0.18300 |    3.8504669311e-07    |    2.1344419870e+03    |    2.1344396609e+03    |
| 0.18400 |    3.8497012268e-07    |    2.1460204664e+03    |    2.1460181643e+03    |
| 0.18500 |    3.8489314267e-07    |    2.1575962011e+03    |    2.1575939228e+03    |
| 0.18600 |    3.8481575330e-07    |    2.1691691395e+03    |    2.1691668850e+03    |
| 0.18700 |    3.8473795480e-07    |    2.1807392296e+03    |    2.1807369988e+03    |
| 0.18800 |    3.8465974740e-07    |    2.1923064188e+03    |    2.1923042117e+03    |
| 0.18900 |    3.8458113133e-07    |    2.2038706540e+03    |    2.2038684704e+03    |
| 0.19000 |    3.8450210685e-07    |    2.2154318813e+03    |    2.2154297213e+03    |
| 0.19100 |    3.8442267419e-07    |    2.2269900464e+03    |    2.2269879098e+03    |
| 0.19200 |    3.8434283360e-07    |    2.2385450944e+03    |    2.2385429811e+03    |
| 0.19300 |    3.8426258533e-07    |    2.2500969696e+03    |    2.2500948796e+03    |
| 0.19400 |    3.8418192964e-07    |    2.2616456159e+03    |    2.2616435492e+03    |
| 0.19500 |    3.8410086679e-07    |    2.2731909766e+03    |    2.2731889330e+03    |
| 0.19600 |    3.8401939705e-07    |    2.2847329942e+03    |    2.2847309739e+03    |
| 0.19700 |    3.8393752068e-07    |    2.2962716110e+03    |    2.2962696137e+03    |
| 0.19800 |    3.8385523796e-07    |    2.3078067681e+03    |    2.3078047939e+03    |
| 0.19900 |    3.8377254916e-07    |    2.3193384066e+03    |    2.3193364553e+03    |
| 0.20000 |    3.8368945458e-07    |    2.3308664665e+03    |    2.3308645382e+03    |
| 0.20100 |    3.8360595449e-07    |    2.3423908875e+03    |    2.3423889821e+03    |
| 0.20200 |    3.8352204918e-07    |    2.3539116086e+03    |    2.3539097261e+03    |
| 0.20300 |    3.8343773896e-07    |    2.3654285681e+03    |    2.3654267084e+03    |
| 0.20400 |    3.8335302412e-07    |    2.3769417037e+03    |    2.3769398668e+03    |
| 0.20500 |    3.8326790498e-07    |    2.3884509525e+03    |    2.3884491383e+03    |
| 0.20600 |    3.8318238183e-07    |    2.3999562510e+03    |    2.3999544596e+03    |
| 0.20700 |    3.8309645499e-07    |    2.4114575351e+03    |    2.4114557664e+03    |
| 0.20800 |    3.8301012478e-07    |    2.4229547400e+03    |    2.4229529940e+03    |
| 0.20900 |    3.8292339153e-07    |    2.4344478002e+03    |    2.4344460769e+03    |
| 0.21000 |    3.8283625557e-07    |    2.4459366498e+03    |    2.4459349491e+03    |
| 0.21100 |    3.8274871723e-07    |    2.4574212220e+03    |    2.4574195439e+03    |
| 0.21200 |    3.8266077684e-07    |    2.4689014495e+03    |    2.4688997940e+03    |
| 0.21300 |    3.8257243476e-07    |    2.4803772643e+03    |    2.4803756314e+03    |
| 0.21400 |    3.8248369133e-07    |    2.4918485978e+03    |    2.4918469875e+03    |
| 0.21500 |    3.8239454690e-07    |    2.5033153808e+03    |    2.5033137931e+03    |
| 0.21600 |    3.8230500184e-07    |    2.5147775433e+03    |    2.5147759782e+03    |
| 0.21700 |    3.8221505651e-07    |    2.5262350148e+03    |    2.5262334722e+03    |
| 0.21800 |    3.8212471127e-07    |    2.5376877240e+03    |    2.5376862041e+03    |
| 0.21900 |    3.8203396651e-07    |    2.5491355992e+03    |    2.5491341018e+03    |
| 0.22000 |    3.8194282260e-07    |    2.5605785677e+03    |    2.5605770929e+03    |
| 0.22100 |    3.8185127993e-07    |    2.5720165565e+03    |    2.5720151041e+03    |
| 0.22200 |    3.8175933889e-07    |    2.5834494915e+03    |    2.5834480618e+03    |
| 0.22300 |    3.8166699988e-07    |    2.5948772985e+03    |    2.5948758913e+03    |
| 0.22400 |    3.8157426329e-07    |    2.6062999021e+03    |    2.6062985174e+03    |
| 0.22500 |    3.8148112954e-07    |    2.6177172265e+03    |    2.6177158644e+03    |
| 0.22600 |    3.8138759903e-07    |    2.6291291953e+03    |    2.6291278558e+03    |
| 0.22700 |    3.8129367219e-07    |    2.6405357313e+03    |    2.6405344143e+03    |
| 0.22800 |    3.8119934944e-07    |    2.6519367565e+03    |    2.6519354622e+03    |
| 0.22900 |    3.8110463122e-07    |    2.6633321926e+03    |    2.6633309209e+03    |
| 0.23000 |    3.8100951794e-07    |    2.6747219603e+03    |    2.6747207112e+03    |
| 0.23100 |    3.8091401007e-07    |    2.6861059798e+03    |    2.6861047533e+03    |
| 0.23200 |    3.8081810804e-07    |    2.6974841704e+03    |    2.6974829666e+03    |
| 0.23300 |    3.8072181231e-07    |    2.7088564510e+03    |    2.7088552699e+03    |
| 0.23400 |    3.8062512334e-07    |    2.7202227397e+03    |    2.7202215813e+03    |
| 0.23500 |    3.8052804159e-07    |    2.7315829538e+03    |    2.7315818182e+03    |
| 0.23600 |    3.8043056754e-07    |    2.7429370102e+03    |    2.7429358972e+03    |
| 0.23700 |    3.8033270166e-07    |    2.7542848248e+03    |    2.7542837346e+03    |
| 0.23800 |    3.8023444443e-07    |    2.7656263129e+03    |    2.7656252456e+03    |
| 0.23900 |    3.8013579635e-07    |    2.7769613894e+03    |    2.7769603448e+03    |
| 0.24000 |    3.8003675791e-07    |    2.7882899680e+03    |    2.7882889463e+03    |
| 0.24100 |    3.7993732962e-07    |    2.7996119622e+03    |    2.7996109633e+03    |
| 0.24200 |    3.7983751198e-07    |    2.8109272844e+03    |    2.8109263085e+03    |
| 0.24300 |    3.7973730550e-07    |    2.8222358466e+03    |    2.8222348937e+03    |
| 0.24400 |    3.7963671071e-07    |    2.8335375600e+03    |    2.8335366300e+03    |
| 0.24500 |    3.7953572815e-07    |    2.8448323351e+03    |    2.8448314281e+03    |
| 0.24600 |    3.7943435833e-07    |    2.8561200816e+03    |    2.8561191977e+03    |
| 0.24700 |    3.7933260180e-07    |    2.8674007088e+03    |    2.8673998479e+03    |
| 0.24800 |    3.7923045912e-07    |    2.8786741249e+03    |    2.8786732872e+03    |
| 0.24900 |    3.7912793082e-07    |    2.8899402377e+03    |    2.8899394231e+03    |
| 0.25000 |    3.7902501749e-07    |    2.9011989542e+03    |    2.9011981628e+03    |
| 0.25100 |    3.7892171968e-07    |    2.9124501806e+03    |    2.9124494125e+03    |
| 0.25200 |    3.7881803796e-07    |    2.9236938226e+03    |    2.9236930778e+03    |
| 0.25300 |    3.7871397292e-07    |    2.9349297851e+03    |    2.9349290636e+03    |
| 0.25400 |    3.7860952516e-07    |    2.9461579721e+03    |    2.9461572741e+03    |
| 0.25500 |    3.7850469525e-07    |    2.9573782873e+03    |    2.9573776126e+03    |
| 0.25600 |    3.7839948381e-07    |    2.9685906333e+03    |    2.9685899821e+03    |
| 0.25700 |    3.7829389144e-07    |    2.9797949122e+03    |    2.9797942845e+03    |
| 0.25800 |    3.7818791876e-07    |    2.9909910254e+03    |    2.9909904213e+03    |
| 0.25900 |    3.7808156640e-07    |    3.0021788734e+03    |    3.0021782929e+03    |
| 0.26000 |    3.7797483499e-07    |    3.0133583562e+03    |    3.0133577993e+03    |
| 0.26100 |    3.7786772515e-07    |    3.0245293729e+03    |    3.0245288398e+03    |
| 0.26200 |    3.7776023754e-07    |    3.0356918222e+03    |    3.0356913129e+03    |
| 0.26300 |    3.7765237282e-07    |    3.0468456017e+03    |    3.0468451162e+03    |
| 0.26400 |    3.7754413163e-07    |    3.0579906086e+03    |    3.0579901470e+03    |
| 0.26500 |    3.7743551466e-07    |    3.0691267391e+03    |    3.0691263014e+03    |
| 0.26600 |    3.7732652256e-07    |    3.0802538889e+03    |    3.0802534752e+03    |
| 0.26700 |    3.7721715603e-07    |    3.0913719530e+03    |    3.0913715634e+03    |
| 0.26800 |    3.7710741576e-07    |    3.1024808254e+03    |    3.1024804600e+03    |
| 0.26900 |    3.7699730243e-07    |    3.1135803999e+03    |    3.1135800585e+03    |
| 0.27000 |    3.7688681677e-07    |    3.1246705690e+03    |    3.1246702519e+03    |
| 0.27100 |    3.7677595947e-07    |    3.1357512248e+03    |    3.1357509320e+03    |
| 0.27200 |    3.7666473126e-07    |    3.1468222587e+03    |    3.1468219903e+03    |
| 0.27300 |    3.7655313288e-07    |    3.1578835614e+03    |    3.1578833174e+03    |
| 0.27400 |    3.7644116505e-07    |    3.1689350226e+03    |    3.1689348031e+03    |
| 0.27500 |    3.7632882851e-07    |    3.1799765317e+03    |    3.1799763367e+03    |
| 0.27600 |    3.7621612403e-07    |    3.1910079769e+03    |    3.1910078066e+03    |
| 0.27700 |    3.7610305236e-07    |    3.2020292463e+03    |    3.2020291006e+03    |
| 0.27800 |    3.7598961427e-07    |    3.2130402266e+03    |    3.2130401057e+03    |
| 0.27900 |    3.7587581053e-07    |    3.2240408043e+03    |    3.2240407082e+03    |
| 0.28000 |    3.7576164193e-07    |    3.2350308650e+03    |    3.2350307938e+03    |
| 0.28100 |    3.7564710926e-07    |    3.2460102935e+03    |    3.2460102472e+03    |
| 0.28200 |    3.7553221333e-07    |    3.2569789741e+03    |    3.2569789528e+03    |
| 0.28300 |    3.7541695493e-07    |    3.2679367901e+03    |    3.2679367939e+03    |
| 0.28400 |    3.7530133489e-07    |    3.2788836243e+03    |    3.2788836532e+03    |
| 0.28500 |    3.7518535403e-07    |    3.2898193587e+03    |    3.2898194129e+03    |
| 0.28600 |    3.7506901319e-07    |    3.3007438746e+03    |    3.3007439541e+03    |
| 0.28700 |    3.7495231321e-07    |    3.3116570526e+03    |    3.3116571575e+03    |
| 0.28800 |    3.7483525493e-07    |    3.3225587727e+03    |    3.3225589030e+03    |
| 0.28900 |    3.7471783923e-07    |    3.3334489138e+03    |    3.3334490697e+03    |
| 0.29000 |    3.7460006696e-07    |    3.3443273546e+03    |    3.3443275361e+03    |
| 0.29100 |    3.7448193900e-07    |    3.3551939727e+03    |    3.3551941799e+03    |
| 0.29200 |    3.7436345623e-07    |    3.3660486452e+03    |    3.3660488781e+03    |
| 0.29300 |    3.7424461956e-07    |    3.3768912484e+03    |    3.3768915071e+03    |
| 0.29400 |    3.7412542988e-07    |    3.3877216578e+03    |    3.3877219424e+03    |
| 0.29500 |    3.7400588810e-07    |    3.3985397484e+03    |    3.3985400591e+03    |
| 0.29600 |    3.7388599514e-07    |    3.4093453944e+03    |    3.4093457311e+03    |
| 0.29700 |    3.7376575194e-07    |    3.4201384693e+03    |    3.4201388321e+03    |
| 0.29800 |    3.7364515942e-07    |    3.4309188458e+03    |    3.4309192349e+03    |
| 0.29900 |    3.7352421854e-07    |    3.4416863960e+03    |    3.4416868114e+03    |
| 0.30000 |    3.7340293025e-07    |    3.4524409914e+03    |    3.4524414331e+03    |
| 0.30100 |    3.7328129551e-07    |    3.4631825025e+03    |    3.4631829707e+03    |
| 0.30200 |    3.7315931531e-07    |    3.4739107993e+03    |    3.4739112940e+03    |
| 0.30300 |    3.7303699061e-07    |    3.4846257511e+03    |    3.4846262725e+03    |
| 0.30400 |    3.7291432242e-07    |    3.4953272265e+03    |    3.4953277746e+03    |
| 0.30500 |    3.7279131174e-07    |    3.5060150933e+03    |    3.5060156682e+03    |
| 0.30600 |    3.7266795956e-07    |    3.5166892188e+03    |    3.5166898206e+03    |
| 0.30700 |    3.7254426692e-07    |    3.5273494695e+03    |    3.5273500982e+03    |
| 0.30800 |    3.7242023485e-07    |    3.5379957110e+03    |    3.5379963668e+03    |
| 0.30900 |    3.7229586437e-07    |    3.5486278087e+03    |    3.5486284916e+03    |
| 0.31000 |    3.7217115654e-07    |    3.5592456267e+03    |    3.5592463369e+03    |
| 0.31100 |    3.7204611242e-07    |    3.5698490290e+03    |    3.5698497664e+03    |
| 0.31200 |    3.7192073307e-07    |    3.5804378786e+03    |    3.5804386434e+03    |
| 0.31300 |    3.7179501956e-07    |    3.5910120377e+03    |    3.5910128300e+03    |
| 0.31400 |    3.7166897299e-07    |    3.6015713682e+03    |    3.6015721881e+03    |
| 0.31500 |    3.7154259444e-07    |    3.6121157311e+03    |    3.6121165786e+03    |
| 0.31600 |    3.7141588502e-07    |    3.6226449866e+03    |    3.6226458618e+03    |
| 0.31700 |    3.7128884585e-07    |    3.6331589945e+03    |    3.6331598975e+03    |
| 0.31800 |    3.7116147805e-07    |    3.6436576137e+03    |    3.6436585447e+03    |
| 0.31900 |    3.7103378276e-07    |    3.6541407026e+03    |    3.6541416616e+03    |
| 0.32000 |    3.7090576111e-07    |    3.6646081188e+03    |    3.6646091059e+03    |
| 0.32100 |    3.7077741425e-07    |    3.6750597194e+03    |    3.6750607347e+03    |
| 0.32200 |    3.7064874336e-07    |    3.6854953607e+03    |    3.6854964042e+03    |
| 0.32300 |    3.7051974961e-07    |    3.6959148983e+03    |    3.6959159702e+03    |
| 0.32400 |    3.7039043417e-07    |    3.7063181873e+03    |    3.7063192876e+03    |
| 0.32500 |    3.7026079824e-07    |    3.7167050821e+03    |    3.7167062109e+03    |
| 0.32600 |    3.7013084303e-07    |    3.7270754363e+03    |    3.7270765938e+03    |
| 0.32700 |    3.7000056974e-07    |    3.7374291031e+03    |    3.7374302893e+03    |
| 0.32800 |    3.6986997960e-07    |    3.7477659349e+03    |    3.7477671500e+03    |
| 0.32900 |    3.6973907384e-07    |    3.7580857835e+03    |    3.7580870275e+03    |
| 0.33000 |    3.6960785370e-07    |    3.7683885000e+03    |    3.7683897730e+03    |
| 0.33100 |    3.6947632043e-07    |    3.7786739350e+03    |    3.7786752371e+03    |
| 0.33200 |    3.6934447531e-07    |    3.7889419384e+03    |    3.7889432696e+03    |
| 0.33300 |    3.6921231959e-07    |    3.7991923593e+03    |    3.7991937199e+03    |
| 0.33400 |    3.6907985458e-07    |    3.8094250466e+03    |    3.8094264365e+03    |
| 0.33500 |    3.6894708154e-07    |    3.8196398481e+03    |    3.8196412675e+03    |
| 0.33600 |    3.6881400181e-07    |    3.8298366113e+03    |    3.8298380603e+03    |
| 0.33700 |    3.6868061667e-07    |    3.8400151830e+03    |    3.8400166616e+03    |
| 0.33800 |    3.6854692747e-07    |    3.8501754093e+03    |    3.8501769177e+03    |
| 0.33900 |    3.6841293554e-07    |    3.8603171359e+03    |    3.8603186741e+03    |
| 0.34000 |    3.6827864221e-07    |    3.8704402077e+03    |    3.8704417758e+03    |
| 0.34100 |    3.6814404885e-07    |    3.8805444690e+03    |    3.8805460672e+03    |
| 0.34200 |    3.6800915682e-07    |    3.8906297638e+03    |    3.8906313920e+03    |
| 0.34300 |    3.6787396750e-07    |    3.9006959350e+03    |    3.9006975935e+03    |
| 0.34400 |    3.6773848228e-07    |    3.9107428255e+03    |    3.9107445143e+03    |
| 0.34500 |    3.6760270255e-07    |    3.9207702771e+03    |    3.9207719963e+03    |
| 0.34600 |    3.6746662972e-07    |    3.9307781313e+03    |    3.9307798811e+03    |
| 0.34700 |    3.6733026521e-07    |    3.9407662291e+03    |    3.9407680095e+03    |
| 0.34800 |    3.6719361044e-07    |    3.9507344107e+03    |    3.9507362218e+03    |
| 0.34900 |    3.6705666687e-07    |    3.9606825159e+03    |    3.9606843578e+03    |
| 0.35000 |    3.6691943593e-07    |    3.9706103838e+03    |    3.9706122566e+03    |
| 0.35100 |    3.6678191909e-07    |    3.9805178532e+03    |    3.9805197569e+03    |
| 0.35200 |    3.6664411783e-07    |    3.9904047620e+03    |    3.9904066968e+03    |
| 0.35300 |    3.6650603362e-07    |    4.0002709478e+03    |    4.0002729138e+03    |
| 0.35400 |    3.6636766795e-07    |    4.0101162477e+03    |    4.0101182450e+03    |
| 0.35500 |    3.6622902233e-07    |    4.0199404981e+03    |    4.0199425267e+03    |
| 0.35600 |    3.6609009828e-07    |    4.0297435349e+03    |    4.0297455950e+03    |
| 0.35700 |    3.6595089732e-07    |    4.0395251936e+03    |    4.0395272853e+03    |
| 0.35800 |    3.6581142098e-07    |    4.0492853090e+03    |    4.0492874324e+03    |
| 0.35900 |    3.6567167081e-07    |    4.0590237156e+03    |    4.0590258707e+03    |
| 0.36000 |    3.6553164838e-07    |    4.0687402472e+03    |    4.0687424342e+03    |
| 0.36100 |    3.6539135524e-07    |    4.0784347372e+03    |    4.0784369561e+03    |
| 0.36200 |    3.6525079299e-07    |    4.0881070186e+03    |    4.0881092695e+03    |
| 0.36300 |    3.6510996319e-07    |    4.0977569236e+03    |    4.0977592067e+03    |
| 0.36400 |    3.6496886747e-07    |    4.1073842842e+03    |    4.1073865995e+03    |
| 0.36500 |    3.6482750743e-07    |    4.1169889318e+03    |    4.1169912795e+03    |
| 0.36600 |    3.6468588469e-07    |    4.1265706974e+03    |    4.1265730775e+03    |
| 0.36700 |    3.6454400089e-07    |    4.1361294116e+03    |    4.1361318242e+03    |
| 0.36800 |    3.6440185767e-07    |    4.1456649042e+03    |    4.1456673495e+03    |
| 0.36900 |    3.6425945669e-07    |    4.1551770049e+03    |    4.1551794829e+03    |
| 0.37000 |    3.6411679961e-07    |    4.1646655429e+03    |    4.1646680537e+03    |
| 0.37100 |    3.6397388811e-07    |    4.1741303468e+03    |    4.1741328905e+03    |
| 0.37200 |    3.6383072388e-07    |    4.1835712449e+03    |    4.1835738216e+03    |
| 0.37300 |    3.6368730862e-07    |    4.1929880650e+03    |    4.1929906749e+03    |
| 0.37400 |    3.6354364404e-07    |    4.2023806346e+03    |    4.2023832776e+03    |
| 0.37500 |    3.6339973186e-07    |    4.2117487806e+03    |    4.2117514569e+03    |
| 0.37600 |    3.6325557381e-07    |    4.2210923296e+03    |    4.2210950393e+03    |
| 0.37700 |    3.6311117163e-07    |    4.2304111078e+03    |    4.2304138510e+03    |
| 0.37800 |    3.6296652709e-07    |    4.2397049411e+03    |    4.2397077178e+03    |
| 0.37900 |    3.6282164193e-07    |    4.2489736547e+03    |    4.2489764652e+03    |
| 0.38000 |    3.6267651795e-07    |    4.2582170738e+03    |    4.2582199181e+03    |
| 0.38100 |    3.6253115693e-07    |    4.2674350231e+03    |    4.2674379012e+03    |
| 0.38200 |    3.6238556066e-07    |    4.2766273268e+03    |    4.2766302388e+03    |
| 0.38300 |    3.6223973095e-07    |    4.2857938088e+03    |    4.2857967549e+03    |
| 0.38400 |    3.6209366963e-07    |    4.2949342928e+03    |    4.2949372731e+03    |
| 0.38500 |    3.6194737853e-07    |    4.3040486021e+03    |    4.3040516166e+03    |
| 0.38600 |    3.6180085948e-07    |    4.3131365594e+03    |    4.3131396083e+03    |
| 0.38700 |    3.6165411435e-07    |    4.3221979875e+03    |    4.3222010709e+03    |
| 0.38800 |    3.6150714498e-07    |    4.3312327087e+03    |    4.3312358265e+03    |
| 0.38900 |    3.6135995327e-07    |    4.3402405448e+03    |    4.3402436973e+03    |
| 0.39000 |    3.6121254109e-07    |    4.3492213176e+03    |    4.3492245048e+03    |
| 0.39100 |    3.6106491034e-07    |    4.3581748485e+03    |    4.3581780705e+03    |
| 0.39200 |    3.6091706294e-07    |    4.3671009585e+03    |    4.3671042154e+03    |
| 0.39300 |    3.6076900079e-07    |    4.3759994684e+03    |    4.3760027603e+03    |
| 0.39400 |    3.6062072582e-07    |    4.3848701989e+03    |    4.3848735259e+03    |
| 0.39500 |    3.6047223999e-07    |    4.3937129702e+03    |    4.3937163324e+03    |
| 0.39600 |    3.6032354524e-07    |    4.4025276024e+03    |    4.4025309999e+03    |
| 0.39700 |    3.6017464352e-07    |    4.4113139153e+03    |    4.4113173481e+03    |
| 0.39800 |    3.6002553683e-07    |    4.4200717284e+03    |    4.4200751967e+03    |
| 0.39900 |    3.5987622713e-07    |    4.4288008611e+03    |    4.4288043649e+03    |
| 0.40000 |    3.5972671642e-07    |    4.4375011325e+03    |    4.4375046720e+03    |
| 0.40100 |    3.5957700672e-07    |    4.4461723617e+03    |    4.4461759369e+03    |
| 0.40200 |    3.5942710003e-07    |    4.4548143672e+03    |    4.4548179783e+03    |
| 0.40300 |    3.5927699838e-07    |    4.4634269678e+03    |    4.4634306147e+03    |
| 0.40400 |    3.5912670382e-07    |    4.4720099817e+03    |    4.4720136647e+03    |
| 0.40500 |    3.5897621838e-07    |    4.4805632272e+03    |    4.4805669463e+03    |
| 0.40600 |    3.5882554414e-07    |    4.4890865223e+03    |    4.4890902776e+03    |
| 0.40700 |    3.5867468315e-07    |    4.4975796850e+03    |    4.4975834766e+03    |
| 0.40800 |    3.5852363751e-07    |    4.5060425330e+03    |    4.5060463609e+03    |
| 0.40900 |    3.5837240930e-07    |    4.5144748840e+03    |    4.5144787484e+03    |
| 0.41000 |    3.5822100062e-07    |    4.5228765556e+03    |    4.5228804565e+03    |
| 0.41100 |    3.5806941359e-07    |    4.5312473650e+03    |    4.5312513026e+03    |
| 0.41200 |    3.5791765034e-07    |    4.5395871298e+03    |    4.5395911041e+03    |
| 0.41300 |    3.5776571298e-07    |    4.5478956671e+03    |    4.5478996781e+03    |
| 0.41400 |    3.5761360368e-07    |    4.5561727941e+03    |    4.5561768420e+03    |
| 0.41500 |    3.5746132458e-07    |    4.5644183279e+03    |    4.5644224128e+03    |
| 0.41600 |    3.5730887786e-07    |    4.5726320855e+03    |    4.5726362075e+03    |
| 0.41700 |    3.5715626567e-07    |    4.5808138840e+03    |    4.5808180432e+03    |
| 0.41800 |    3.5700349023e-07    |    4.5889635404e+03    |    4.5889677368e+03    |
| 0.41900 |    3.5685055371e-07    |    4.5970808716e+03    |    4.5970851053e+03    |
| 0.42000 |    3.5669745832e-07    |    4.6051656946e+03    |    4.6051699657e+03    |
| 0.42100 |    3.5654420630e-07    |    4.6132178263e+03    |    4.6132221349e+03    |
| 0.42200 |    3.5639079985e-07    |    4.6212370836e+03    |    4.6212414298e+03    |
| 0.42300 |    3.5623724122e-07    |    4.6292232836e+03    |    4.6292276675e+03    |
| 0.42400 |    3.5608353266e-07    |    4.6371762434e+03    |    4.6371806650e+03    |
| 0.42500 |    3.5592967643e-07    |    4.6450957798e+03    |    4.6451002393e+03    |
| 0.42600 |    3.5577567479e-07    |    4.6529817102e+03    |    4.6529862076e+03    |
| 0.42700 |    3.5562153003e-07    |    4.6608338517e+03    |    4.6608383870e+03    |
| 0.42800 |    3.5546724442e-07    |    4.6686520215e+03    |    4.6686565949e+03    |
| 0.42900 |    3.5531282028e-07    |    4.6764360371e+03    |    4.6764406486e+03    |
| 0.43000 |    3.5515825990e-07    |    4.6841857159e+03    |    4.6841903657e+03    |
| 0.43100 |    3.5500356561e-07    |    4.6919008755e+03    |    4.6919055636e+03    |
| 0.43200 |    3.5484873973e-07    |    4.6995813337e+03    |    4.6995860602e+03    |
| 0.43300 |    3.5469378461e-07    |    4.7072269083e+03    |    4.7072316733e+03    |
| 0.43400 |    3.5453870258e-07    |    4.7148374174e+03    |    4.7148422210e+03    |
| 0.43500 |    3.5438349601e-07    |    4.7224126791e+03    |    4.7224175213e+03    |
| 0.43600 |    3.5422816727e-07    |    4.7299525119e+03    |    4.7299573928e+03    |
| 0.43700 |    3.5407271873e-07    |    4.7374567343e+03    |    4.7374616540e+03    |
| 0.43800 |    3.5391715277e-07    |    4.7449251651e+03    |    4.7449301237e+03    |
| 0.43900 |    3.5376147180e-07    |    4.7523576232e+03    |    4.7523626208e+03    |
| 0.44000 |    3.5360567821e-07    |    4.7597539280e+03    |    4.7597589646e+03    |
| 0.44100 |    3.5344977442e-07    |    4.7671138988e+03    |    4.7671189745e+03    |
| 0.44200 |    3.5329376286e-07    |    4.7744373555e+03    |    4.7744424703e+03    |
| 0.44300 |    3.5313764596e-07    |    4.7817241179e+03    |    4.7817292720e+03    |
| 0.44400 |    3.5298142616e-07    |    4.7889740065e+03    |    4.7889791999e+03    |
| 0.44500 |    3.5282510591e-07    |    4.7961868417e+03    |    4.7961920745e+03    |
| 0.44600 |    3.5266868767e-07    |    4.8033624445e+03    |    4.8033677168e+03    |
| 0.44700 |    3.5251217391e-07    |    4.8105006361e+03    |    4.8105059479e+03    |
| 0.44800 |    3.5235556711e-07    |    4.8176012380e+03    |    4.8176065895e+03    |
| 0.44900 |    3.5219886976e-07    |    4.8246640722e+03    |    4.8246694634e+03    |
| 0.45000 |    3.5204208434e-07    |    4.8316889609e+03    |    4.8316943919e+03    |
| 0.45100 |    3.5188521338e-07    |    4.8386757268e+03    |    4.8386811976e+03    |
| 0.45200 |    3.5172825937e-07    |    4.8456241930e+03    |    4.8456297037e+03    |
| 0.45300 |    3.5157122484e-07    |    4.8525341828e+03    |    4.8525397335e+03    |
| 0.45400 |    3.5141411233e-07    |    4.8594055202e+03    |    4.8594111110e+03    |
| 0.45500 |    3.5125692437e-07    |    4.8662380296e+03    |    4.8662436604e+03    |
| 0.45600 |    3.5109966350e-07    |    4.8730315356e+03    |    4.8730372066e+03    |
| 0.45700 |    3.5094233228e-07    |    4.8797858635e+03    |    4.8797915748e+03    |
| 0.45800 |    3.5078493328e-07    |    4.8865008390e+03    |    4.8865065907e+03    |
| 0.45900 |    3.5062746907e-07    |    4.8931762884e+03    |    4.8931820804e+03    |
| 0.46000 |    3.5046994223e-07    |    4.8998120383e+03    |    4.8998178708e+03    |
| 0.46100 |    3.5031235534e-07    |    4.9064079160e+03    |    4.9064137891e+03    |
| 0.46200 |    3.5015471100e-07    |    4.9129637493e+03    |    4.9129696629e+03    |
| 0.46300 |    3.4999701181e-07    |    4.9194793665e+03    |    4.9194853208e+03    |
| 0.46400 |    3.4983926039e-07    |    4.9259545966e+03    |    4.9259605916e+03    |
| 0.46500 |    3.4968145936e-07    |    4.9323892689e+03    |    4.9323953047e+03    |
| 0.46600 |    3.4952361133e-07    |    4.9387832137e+03    |    4.9387892903e+03    |
| 0.46700 |    3.4936571895e-07    |    4.9451362615e+03    |    4.9451423791e+03    |
| 0.46800 |    3.4920778485e-07    |    4.9514482438e+03    |    4.9514544024e+03    |
| 0.46900 |    3.4904981168e-07    |    4.9577189925e+03    |    4.9577251922e+03    |
| 0.47000 |    3.4889180211e-07    |    4.9639483403e+03    |    4.9639545811e+03    |
| 0.47100 |    3.4873375878e-07    |    4.9701361205e+03    |    4.9701424024e+03    |
| 0.47200 |    3.4857568438e-07    |    4.9762821670e+03    |    4.9762884902e+03    |
| 0.47300 |    3.4841758157e-07    |    4.9823863147e+03    |    4.9823926791e+03    |
| 0.47400 |    3.4825945305e-07    |    4.9884483989e+03    |    4.9884548047e+03    |
| 0.47500 |    3.4810130149e-07    |    4.9944682558e+03    |    4.9944747030e+03    |
| 0.47600 |    3.4794312961e-07    |    5.0004457224e+03    |    5.0004522110e+03    |
| 0.47700 |    3.4778494009e-07    |    5.0063806363e+03    |    5.0063871665e+03    |
| 0.47800 |    3.4762673565e-07    |    5.0122728360e+03    |    5.0122794078e+03    |
| 0.47900 |    3.4746851901e-07    |    5.0181221609e+03    |    5.0181287744e+03    |
| 0.48000 |    3.4731029289e-07    |    5.0239284511e+03    |    5.0239351062e+03    |
| 0.48100 |    3.4715206002e-07    |    5.0296915475e+03    |    5.0296982444e+03    |
| 0.48200 |    3.4699382312e-07    |    5.0354112918e+03    |    5.0354180306e+03    |
| 0.48300 |    3.4683558495e-07    |    5.0410875269e+03    |    5.0410943075e+03    |
| 0.48400 |    3.4667734824e-07    |    5.0467200961e+03    |    5.0467269187e+03    |
| 0.48500 |    3.4651911575e-07    |    5.0523088441e+03    |    5.0523157086e+03    |
| 0.48600 |    3.4636089024e-07    |    5.0578536160e+03    |    5.0578605226e+03    |
| 0.48700 |    3.4620267446e-07    |    5.0633542584e+03    |    5.0633612070e+03    |
| 0.48800 |    3.4604447119e-07    |    5.0688106183e+03    |    5.0688176091e+03    |
| 0.48900 |    3.4588628320e-07    |    5.0742225441e+03    |    5.0742295771e+03    |
| 0.49000 |    3.4572811327e-07    |    5.0795898849e+03    |    5.0795969602e+03    |
| 0.49100 |    3.4556996418e-07    |    5.0849124909e+03    |    5.0849196085e+03    |
| 0.49200 |    3.4541183871e-07    |    5.0901902134e+03    |    5.0901973734e+03    |
| 0.49300 |    3.4525373967e-07    |    5.0954229046e+03    |    5.0954301070e+03    |
| 0.49400 |    3.4509566985e-07    |    5.1006104179e+03    |    5.1006176627e+03    |
| 0.49500 |    3.4493763204e-07    |    5.1057526075e+03    |    5.1057598949e+03    |
| 0.49600 |    3.4477962907e-07    |    5.1108493290e+03    |    5.1108566590e+03    |
| 0.49700 |    3.4462166373e-07    |    5.1159004389e+03    |    5.1159078115e+03    |
| 0.49800 |    3.4446373884e-07    |    5.1209057950e+03    |    5.1209132102e+03    |
| 0.49900 |    3.4430585723e-07    |    5.1258652560e+03    |    5.1258727139e+03    |
| 0.50000 |    3.4414802171e-07    |    5.1307786818e+03    |    5.1307861826e+03    |
| 0.50100 |    3.4399023511e-07    |    5.1356459338e+03    |    5.1356534773e+03    |
| 0.50200 |    3.4383250027e-07    |    5.1404668741e+03    |    5.1404744605e+03    |
| 0.50300 |    3.4367482001e-07    |    5.1452413663e+03    |    5.1452489956e+03    |
| 0.50400 |    3.4351719717e-07    |    5.1499692751e+03    |    5.1499769475e+03    |
| 0.50500 |    3.4335963459e-07    |    5.1546504667e+03    |    5.1546581820e+03    |
| 0.50600 |    3.4320213512e-07    |    5.1592848081e+03    |    5.1592925665e+03    |
| 0.50700 |    3.4304470160e-07    |    5.1638721680e+03    |    5.1638799696e+03    |
| 0.50800 |    3.4288733688e-07    |    5.1684124162e+03    |    5.1684202609e+03    |
| 0.50900 |    3.4273004381e-07    |    5.1729054237e+03    |    5.1729133117e+03    |
| 0.51000 |    3.4257282526e-07    |    5.1773510632e+03    |    5.1773589943e+03    |
| 0.51100 |    3.4241568407e-07    |    5.1817492082e+03    |    5.1817571827e+03    |
| 0.51200 |    3.4225862310e-07    |    5.1860997341e+03    |    5.1861077519e+03    |
| 0.51300 |    3.4210164522e-07    |    5.1904025173e+03    |    5.1904105785e+03    |
| 0.51400 |    3.4194475329e-07    |    5.1946574358e+03    |    5.1946655404e+03    |
| 0.51500 |    3.4178795017e-07    |    5.1988643689e+03    |    5.1988725170e+03    |
| 0.51600 |    3.4163123874e-07    |    5.2030231974e+03    |    5.2030313890e+03    |
| 0.51700 |    3.4147462185e-07    |    5.2071338035e+03    |    5.2071420388e+03    |
| 0.51800 |    3.4131810239e-07    |    5.2111960710e+03    |    5.2112043499e+03    |
| 0.51900 |    3.4116168322e-07    |    5.2152098850e+03    |    5.2152182075e+03    |
| 0.52000 |    3.4100536722e-07    |    5.2191751322e+03    |    5.2191834984e+03    |
| 0.52100 |    3.4084915725e-07    |    5.2230917007e+03    |    5.2231001107e+03    |
| 0.52200 |    3.4069305620e-07    |    5.2269594804e+03    |    5.2269679342e+03    |
| 0.52300 |    3.4053706694e-07    |    5.2307783625e+03    |    5.2307868601e+03    |
| 0.52400 |    3.4038119234e-07    |    5.2345482398e+03    |    5.2345567813e+03    |
| 0.52500 |    3.4022543528e-07    |    5.2382690068e+03    |    5.2382775923e+03    |
| 0.52600 |    3.4006979864e-07    |    5.2419405596e+03    |    5.2419491891e+03    |
| 0.52700 |    3.3991428529e-07    |    5.2455627959e+03    |    5.2455714694e+03    |
| 0.52800 |    3.3975889812e-07    |    5.2491356149e+03    |    5.2491443324e+03    |
| 0.52900 |    3.3960363999e-07    |    5.2526589176e+03    |    5.2526676793e+03    |
| 0.53000 |    3.3944851378e-07    |    5.2561326067e+03    |    5.2561414126e+03    |
| 0.53100 |    3.3929352237e-07    |    5.2595565866e+03    |    5.2595654366e+03    |
| 0.53200 |    3.3913866864e-07    |    5.2629307632e+03    |    5.2629396575e+03    |
| 0.53300 |    3.3898395546e-07    |    5.2662550444e+03    |    5.2662639830e+03    |
| 0.53400 |    3.3882938569e-07    |    5.2695293396e+03    |    5.2695383226e+03    |
| 0.53500 |    3.3867496222e-07    |    5.2727535603e+03    |    5.2727625876e+03    |
| 0.53600 |    3.3852068791e-07    |    5.2759276194e+03    |    5.2759366911e+03    |
| 0.53700 |    3.3836656563e-07    |    5.2790514318e+03    |    5.2790605480e+03    |
| 0.53800 |    3.3821259825e-07    |    5.2821249142e+03    |    5.2821340750e+03    |
| 0.53900 |    3.3805878864e-07    |    5.2851479851e+03    |    5.2851571905e+03    |
| 0.54000 |    3.3790513966e-07    |    5.2881205649e+03    |    5.2881298149e+03    |
| 0.54100 |    3.3775165417e-07    |    5.2910425758e+03    |    5.2910518704e+03    |
| 0.54200 |    3.3759833503e-07    |    5.2939139418e+03    |    5.2939232812e+03    |
| 0.54300 |    3.3744518510e-07    |    5.2967345891e+03    |    5.2967439732e+03    |
| 0.54400 |    3.3729220723e-07    |    5.2995044455e+03    |    5.2995138744e+03    |
| 0.54500 |    3.3713940428e-07    |    5.3022234408e+03    |    5.3022329146e+03    |
| 0.54600 |    3.3698677909e-07    |    5.3048915069e+03    |    5.3049010256e+03    |
| 0.54700 |    3.3683433450e-07    |    5.3075085775e+03    |    5.3075181412e+03    |
| 0.54800 |    3.3668207337e-07    |    5.3100745885e+03    |    5.3100841971e+03    |
| 0.54900 |    3.3652999853e-07    |    5.3125894774e+03    |    5.3125991311e+03    |
| 0.55000 |    3.3637811281e-07    |    5.3150531841e+03    |    5.3150628829e+03    |
| 0.55100 |    3.3622641905e-07    |    5.3174656504e+03    |    5.3174753944e+03    |
| 0.55200 |    3.3607492007e-07    |    5.3198268202e+03    |    5.3198366094e+03    |
| 0.55300 |    3.3592361871e-07    |    5.3221366393e+03    |    5.3221464737e+03    |
| 0.55400 |    3.3577251776e-07    |    5.3243950556e+03    |    5.3244049354e+03    |
| 0.55500 |    3.3562162007e-07    |    5.3266020194e+03    |    5.3266119445e+03    |
| 0.55600 |    3.3547092842e-07    |    5.3287574828e+03    |    5.3287674533e+03    |
| 0.55700 |    3.3532044563e-07    |    5.3308614001e+03    |    5.3308714161e+03    |
| 0.55800 |    3.3517017450e-07    |    5.3329137277e+03    |    5.3329237893e+03    |
| 0.55900 |    3.3502011782e-07    |    5.3349144244e+03    |    5.3349245316e+03    |
| 0.56000 |    3.3487027839e-07    |    5.3368634509e+03    |    5.3368736037e+03    |
| 0.56100 |    3.3472065898e-07    |    5.3387607701e+03    |    5.3387709687e+03    |
| 0.56200 |    3.3457126238e-07    |    5.3406063474e+03    |    5.3406165917e+03    |
| 0.56300 |    3.3442209136e-07    |    5.3424001500e+03    |    5.3424104401e+03    |
| 0.56400 |    3.3427314869e-07    |    5.3441421477e+03    |    5.3441524837e+03    |
| 0.56500 |    3.3412443712e-07    |    5.3458323124e+03    |    5.3458426943e+03    |
| 0.56600 |    3.3397595942e-07    |    5.3474706182e+03    |    5.3474810462e+03    |
| 0.56700 |    3.3382771833e-07    |    5.3490570416e+03    |    5.3490675156e+03    |
| 0.56800 |    3.3367971658e-07    |    5.3505915612e+03    |    5.3506020814e+03    |
| 0.56900 |    3.3353195693e-07    |    5.3520741583e+03    |    5.3520847247e+03    |
| 0.57000 |    3.3338444208e-07    |    5.3535048161e+03    |    5.3535154288e+03    |
| 0.57100 |    3.3323717477e-07    |    5.3548835204e+03    |    5.3548941794e+03    |
| 0.57200 |    3.3309015771e-07    |    5.3562102592e+03    |    5.3562209647e+03    |
| 0.57300 |    3.3294339359e-07    |    5.3574850230e+03    |    5.3574957749e+03    |
| 0.57400 |    3.3279688513e-07    |    5.3587078046e+03    |    5.3587186031e+03    |
| 0.57500 |    3.3265063500e-07    |    5.3598785992e+03    |    5.3598894443e+03    |
| 0.57600 |    3.3250464589e-07    |    5.3609974044e+03    |    5.3610082962e+03    |
| 0.57700 |    3.3235892047e-07    |    5.3620642202e+03    |    5.3620751588e+03    |
| 0.57800 |    3.3221346141e-07    |    5.3630790492e+03    |    5.3630900347e+03    |
| 0.57900 |    3.3206827136e-07    |    5.3640418962e+03    |    5.3640529286e+03    |
| 0.58000 |    3.3192335298e-07    |    5.3649527686e+03    |    5.3649638480e+03    |
| 0.58100 |    3.3177870889e-07    |    5.3658116762e+03    |    5.3658228028e+03    |
| 0.58200 |    3.3163434172e-07    |    5.3666186315e+03    |    5.3666298053e+03    |
| 0.58300 |    3.3149025411e-07    |    5.3673736492e+03    |    5.3673848702e+03    |
| 0.58400 |    3.3134644865e-07    |    5.3680767466e+03    |    5.3680880151e+03    |
| 0.58500 |    3.3120292794e-07    |    5.3687279437e+03    |    5.3687392596e+03    |
| 0.58600 |    3.3105969459e-07    |    5.3693272628e+03    |    5.3693386262e+03    |
| 0.58700 |    3.3091675116e-07    |    5.3698747288e+03    |    5.3698861399e+03    |
| 0.58800 |    3.3077410024e-07    |    5.3703703693e+03    |    5.3703818281e+03    |
| 0.58900 |    3.3063174437e-07    |    5.3708142142e+03    |    5.3708257209e+03    |
| 0.59000 |    3.3048968611e-07    |    5.3712062964e+03    |    5.3712178510e+03    |
| 0.59100 |    3.3034792800e-07    |    5.3715466508e+03    |    5.3715582535e+03    |
| 0.59200 |    3.3020647256e-07    |    5.3718353155e+03    |    5.3718469663e+03    |
| 0.59300 |    3.3006532231e-07    |    5.3720723308e+03    |    5.3720840299e+03    |
| 0.59400 |    3.2992447977e-07    |    5.3722577398e+03    |    5.3722694872e+03    |
| 0.59500 |    3.2978394741e-07    |    5.3723915881e+03    |    5.3724033840e+03    |
| 0.59600 |    3.2964372773e-07    |    5.3724739242e+03    |    5.3724857686e+03    |
| 0.59700 |    3.2950382319e-07    |    5.3725047989e+03    |    5.3725166920e+03    |
| 0.59800 |    3.2936423626e-07    |    5.3724842658e+03    |    5.3724962078e+03    |
| 0.59900 |    3.2922496938e-07    |    5.3724123814e+03    |    5.3724243723e+03    |
| 0.60000 |    3.2908602498e-07    |    5.3722892046e+03    |    5.3723012445e+03    |
| 0.60100 |    3.2894740549e-07    |    5.3721147969e+03    |    5.3721268861e+03    |
| 0.60200 |    3.2880911332e-07    |    5.3718892228e+03    |    5.3719013613e+03    |
| 0.60300 |    3.2867115086e-07    |    5.3716125494e+03    |    5.3716247373e+03    |
| 0.60400 |    3.2853352050e-07    |    5.3712848463e+03    |    5.3712970839e+03    |
| 0.60500 |    3.2839622460e-07    |    5.3709061861e+03    |    5.3709184734e+03    |
| 0.60600 |    3.2825926554e-07    |    5.3704766439e+03    |    5.3704889811e+03    |
| 0.60700 |    3.2812264564e-07    |    5.3699962977e+03    |    5.3700086849e+03    |
| 0.60800 |    3.2798636724e-07    |    5.3694652282e+03    |    5.3694776655e+03    |
| 0.60900 |    3.2785043265e-07    |    5.3688835187e+03    |    5.3688960063e+03    |
| 0.61000 |    3.2771484419e-07    |    5.3682512555e+03    |    5.3682637935e+03    |
| 0.61100 |    3.2757960413e-07    |    5.3675685273e+03    |    5.3675811160e+03    |
| 0.61200 |    3.2744471476e-07    |    5.3668354260e+03    |    5.3668480654e+03    |
| 0.61300 |    3.2731017833e-07    |    5.3660520459e+03    |    5.3660647363e+03    |
| 0.61400 |    3.2717599709e-07    |    5.3652184843e+03    |    5.3652312258e+03    |
| 0.61500 |    3.2704217326e-07    |    5.3643348411e+03    |    5.3643476338e+03    |
| 0.61600 |    3.2690870907e-07    |    5.3634012191e+03    |    5.3634140633e+03    |
| 0.61700 |    3.2677560672e-07    |    5.3624177239e+03    |    5.3624306197e+03    |
| 0.61800 |    3.2664286838e-07    |    5.3613844638e+03    |    5.3613974114e+03    |
| 0.61900 |    3.2651049624e-07    |    5.3603015500e+03    |    5.3603145496e+03    |
| 0.62000 |    3.2637849244e-07    |    5.3591690963e+03    |    5.3591821481e+03    |
| 0.62100 |    3.2624685913e-07    |    5.3579872196e+03    |    5.3580003237e+03    |
| 0.62200 |    3.2611559842e-07    |    5.3567560392e+03    |    5.3567691960e+03    |
| 0.62300 |    3.2598471243e-07    |    5.3554756777e+03    |    5.3554888872e+03    |
| 0.62400 |    3.2585420325e-07    |    5.3541462601e+03    |    5.3541595226e+03    |
| 0.62500 |    3.2572407295e-07    |    5.3527679143e+03    |    5.3527812300e+03    |
| 0.62600 |    3.2559432360e-07    |    5.3513407712e+03    |    5.3513541402e+03    |
| 0.62700 |    3.2546495722e-07    |    5.3498649642e+03    |    5.3498783869e+03    |
| 0.62800 |    3.2533597586e-07    |    5.3483406298e+03    |    5.3483541063e+03    |
| 0.62900 |    3.2520738151e-07    |    5.3467679071e+03    |    5.3467814377e+03    |
| 0.63000 |    3.2507917617e-07    |    5.3451469382e+03    |    5.3451605231e+03    |
| 0.63100 |    3.2495136181e-07    |    5.3434778678e+03    |    5.3434915072e+03    |
| 0.63200 |    3.2482394040e-07    |    5.3417608436e+03    |    5.3417745378e+03    |
| 0.63300 |    3.2469691387e-07    |    5.3399960159e+03    |    5.3400097651e+03    |
| 0.63400 |    3.2457028414e-07    |    5.3381835381e+03    |    5.3381973425e+03    |
| 0.63500 |    3.2444405312e-07    |    5.3363235660e+03    |    5.3363374260e+03    |
| 0.63600 |    3.2431822269e-07    |    5.3344162587e+03    |    5.3344301745e+03    |
| 0.63700 |    3.2419279473e-07    |    5.3324617777e+03    |    5.3324757495e+03    |
| 0.63800 |    3.2406777109e-07    |    5.3304602874e+03    |    5.3304743156e+03    |
| 0.63900 |    3.2394315359e-07    |    5.3284119550e+03    |    5.3284260398e+03    |
| 0.64000 |    3.2381894406e-07    |    5.3263169507e+03    |    5.3263310924e+03    |
| 0.64100 |    3.2369514429e-07    |    5.3241754472e+03    |    5.3241896460e+03    |
| 0.64200 |    3.2357175605e-07    |    5.3219876200e+03    |    5.3220018763e+03    |
| 0.64300 |    3.2344878111e-07    |    5.3197536475e+03    |    5.3197679617e+03    |
| 0.64400 |    3.2332622121e-07    |    5.3174737110e+03    |    5.3174880832e+03    |
| 0.64500 |    3.2320407807e-07    |    5.3151479941e+03    |    5.3151624248e+03    |
| 0.64600 |    3.2308235339e-07    |    5.3127766838e+03    |    5.3127911731e+03    |
| 0.64700 |    3.2296104885e-07    |    5.3103599692e+03    |    5.3103745176e+03    |
| 0.64800 |    3.2284016612e-07    |    5.3078980427e+03    |    5.3079126504e+03    |
| 0.64900 |    3.2271970684e-07    |    5.3053910990e+03    |    5.3054057665e+03    |
| 0.65000 |    3.2259967264e-07    |    5.3028393359e+03    |    5.3028540634e+03    |
| 0.65100 |    3.2248006512e-07    |    5.3002429536e+03    |    5.3002577416e+03    |
| 0.65200 |    3.2236088587e-07    |    5.2976021553e+03    |    5.2976170040e+03    |
| 0.65300 |    3.2224213646e-07    |    5.2949171467e+03    |    5.2949320566e+03    |
| 0.65400 |    3.2212381843e-07    |    5.2921881364e+03    |    5.2922031077e+03    |
| 0.65500 |    3.2200593330e-07    |    5.2894153354e+03    |    5.2894303686e+03    |
| 0.65600 |    3.2188848259e-07    |    5.2865989575e+03    |    5.2866140531e+03    |
| 0.65700 |    3.2177146777e-07    |    5.2837392194e+03    |    5.2837543777e+03    |
| 0.65800 |    3.2165489032e-07    |    5.2808363402e+03    |    5.2808515615e+03    |
| 0.65900 |    3.2153875168e-07    |    5.2778905417e+03    |    5.2779058264e+03    |
| 0.66000 |    3.2142305327e-07    |    5.2749020482e+03    |    5.2749173969e+03    |
| 0.66100 |    3.2130779651e-07    |    5.2718710870e+03    |    5.2718864999e+03    |
| 0.66200 |    3.2119298276e-07    |    5.2687978876e+03    |    5.2688133653e+03    |
| 0.66300 |    3.2107861340e-07    |    5.2656826822e+03    |    5.2656982251e+03    |
| 0.66400 |    3.2096468976e-07    |    5.2625257059e+03    |    5.2625413144e+03    |
| 0.66500 |    3.2085121318e-07    |    5.2593271959e+03    |    5.2593428705e+03    |
| 0.66600 |    3.2073818494e-07    |    5.2560873922e+03    |    5.2561031334e+03    |
| 0.66700 |    3.2062560632e-07    |    5.2528065374e+03    |    5.2528223456e+03    |
| 0.66800 |    3.2051347859e-07    |    5.2494848764e+03    |    5.2495007521e+03    |
| 0.66900 |    3.2040180298e-07    |    5.2461226568e+03    |    5.2461386006e+03    |
| 0.67000 |    3.2029058071e-07    |    5.2427201287e+03    |    5.2427361409e+03    |
| 0.67100 |    3.2017981296e-07    |    5.2392775444e+03    |    5.2392936256e+03    |
| 0.67200 |    3.2006950092e-07    |    5.2357951589e+03    |    5.2358113097e+03    |
| 0.67300 |    3.1995964573e-07    |    5.2322732298e+03    |    5.2322894506e+03    |
| 0.67400 |    3.1985024853e-07    |    5.2287120166e+03    |    5.2287283080e+03    |
| 0.67500 |    3.1974131041e-07    |    5.2251117818e+03    |    5.2251281443e+03    |
| 0.67600 |    3.1963283247e-07    |    5.2214727898e+03    |    5.2214892240e+03    |
| 0.67700 |    3.1952481577e-07    |    5.2177953076e+03    |    5.2178118141e+03    |
| 0.67800 |    3.1941726136e-07    |    5.2140796046e+03    |    5.2140961839e+03    |
| 0.67900 |    3.1931017024e-07    |    5.2103259523e+03    |    5.2103426050e+03    |
| 0.68000 |    3.1920354344e-07    |    5.2065346247e+03    |    5.2065513514e+03    |
| 0.68100 |    3.1909738191e-07    |    5.2027058981e+03    |    5.2027226994e+03    |
| 0.68200 |    3.1899168661e-07    |    5.1988400508e+03    |    5.1988569273e+03    |
| 0.68300 |    3.1888645849e-07    |    5.1949373636e+03    |    5.1949543160e+03    |
| 0.68400 |    3.1878169844e-07    |    5.1909981194e+03    |    5.1910151483e+03    |
| 0.68500 |    3.1867740736e-07    |    5.1870226034e+03    |    5.1870397094e+03    |
| 0.68600 |    3.1857358612e-07    |    5.1830111027e+03    |    5.1830282865e+03    |
| 0.68700 |    3.1847023555e-07    |    5.1789639070e+03    |    5.1789811692e+03    |
| 0.68800 |    3.1836735648e-07    |    5.1748813076e+03    |    5.1748986490e+03    |
| 0.68900 |    3.1826494972e-07    |    5.1707635983e+03    |    5.1707810196e+03    |
| 0.69000 |    3.1816301603e-07    |    5.1666110748e+03    |    5.1666285766e+03    |
| 0.69100 |    3.1806155618e-07    |    5.1624240347e+03    |    5.1624416178e+03    |
| 0.69200 |    3.1796057089e-07    |    5.1582027780e+03    |    5.1582204431e+03    |
| 0.69300 |    3.1786006088e-07    |    5.1539476063e+03    |    5.1539653541e+03    |
| 0.69400 |    3.1776002684e-07    |    5.1496588235e+03    |    5.1496766547e+03    |
| 0.69500 |    3.1766046943e-07    |    5.1453367350e+03    |    5.1453546505e+03    |
| 0.69600 |    3.1756138929e-07    |    5.1409816486e+03    |    5.1409996492e+03    |
| 0.69700 |    3.1746278706e-07    |    5.1365938737e+03    |    5.1366119600e+03    |
| 0.69800 |    3.1736466332e-07    |    5.1321737215e+03    |    5.1321918945e+03    |
| 0.69900 |    3.1726701865e-07    |    5.1277215052e+03    |    5.1277397657e+03    |
| 0.70000 |    3.1716985360e-07    |    5.1232375398e+03    |    5.1232558885e+03    |
| 0.70100 |    3.1707316872e-07    |    5.1187221417e+03    |    5.1187405795e+03    |
| 0.70200 |    3.1697696450e-07    |    5.1141756296e+03    |    5.1141941573e+03    |
| 0.70300 |    3.1688124144e-07    |    5.1095983234e+03    |    5.1096169420e+03    |
| 0.70400 |    3.1678600000e-07    |    5.1049905448e+03    |    5.1050092552e+03    |
| 0.70500 |    3.1669124061e-07    |    5.1003526174e+03    |    5.1003714204e+03    |
| 0.70600 |    3.1659696371e-07    |    5.0956848661e+03    |    5.0957037626e+03    |
| 0.70700 |    3.1650316968e-07    |    5.0909876174e+03    |    5.0910066084e+03    |
| 0.70800 |    3.1640985891e-07    |    5.0862611994e+03    |    5.0862802858e+03    |
| 0.70900 |    3.1631703174e-07    |    5.0815059418e+03    |    5.0815251246e+03    |
| 0.71000 |    3.1622468851e-07    |    5.0767221755e+03    |    5.0767414556e+03    |
| 0.71100 |    3.1613282952e-07    |    5.0719102331e+03    |    5.0719296116e+03    |
| 0.71200 |    3.1604145505e-07    |    5.0670704485e+03    |    5.0670899263e+03    |
| 0.71300 |    3.1595056538e-07    |    5.0622031568e+03    |    5.0622227350e+03    |
| 0.71400 |    3.1586016075e-07    |    5.0573086947e+03    |    5.0573283742e+03    |
| 0.71500 |    3.1577024136e-07    |    5.0523873999e+03    |    5.0524071820e+03    |
| 0.71600 |    3.1568080742e-07    |    5.0474396117e+03    |    5.0474594973e+03    |
| 0.71700 |    3.1559185911e-07    |    5.0424656703e+03    |    5.0424856605e+03    |
| 0.71800 |    3.1550339657e-07    |    5.0374659171e+03    |    5.0374860130e+03    |
| 0.71900 |    3.1541541994e-07    |    5.0324406949e+03    |    5.0324608977e+03    |
| 0.72000 |    3.1532792932e-07    |    5.0273903474e+03    |    5.0274106581e+03    |
| 0.72100 |    3.1524092480e-07    |    5.0223152192e+03    |    5.0223356391e+03    |
| 0.72200 |    3.1515440645e-07    |    5.0172156563e+03    |    5.0172361865e+03    |
| 0.72300 |    3.1506837431e-07    |    5.0120920054e+03    |    5.0121126471e+03    |
| 0.72400 |    3.1498282839e-07    |    5.0069446142e+03    |    5.0069653686e+03    |
| 0.72500 |    3.1489776870e-07    |    5.0017738314e+03    |    5.0017946997e+03    |
| 0.72600 |    3.1481319522e-07    |    4.9965800063e+03    |    4.9966009898e+03    |
| 0.72700 |    3.1472910790e-07    |    4.9913634895e+03    |    4.9913845894e+03    |
| 0.72800 |    3.1464550668e-07    |    4.9861246318e+03    |    4.9861458495e+03    |
| 0.72900 |    3.1456239146e-07    |    4.9808637851e+03    |    4.9808851219e+03    |
| 0.73000 |    3.1447976214e-07    |    4.9755813020e+03    |    4.9756027591e+03    |
| 0.73100 |    3.1439761858e-07    |    4.9702775355e+03    |    4.9702991143e+03    |
| 0.73200 |    3.1431596065e-07    |    4.9649528395e+03    |    4.9649745413e+03    |
| 0.73300 |    3.1423478816e-07    |    4.9596075682e+03    |    4.9596293945e+03    |
| 0.73400 |    3.1415410091e-07    |    4.9542420765e+03    |    4.9542640287e+03    |
| 0.73500 |    3.1407389870e-07    |    4.9488567197e+03    |    4.9488787992e+03    |
| 0.73600 |    3.1399418129e-07    |    4.9434518536e+03    |    4.9434740619e+03    |
| 0.73700 |    3.1391494841e-07    |    4.9380278344e+03    |    4.9380501728e+03    |
| 0.73800 |    3.1383619980e-07    |    4.9325850184e+03    |    4.9326074886e+03    |
| 0.73900 |    3.1375793515e-07    |    4.9271237626e+03    |    4.9271463660e+03    |
| 0.74000 |    3.1368015414e-07    |    4.9216444239e+03    |    4.9216671621e+03    |
| 0.74100 |    3.1360285643e-07    |    4.9161473596e+03    |    4.9161702341e+03    |
| 0.74200 |    3.1352604166e-07    |    4.9106329271e+03    |    4.9106559395e+03    |
| 0.74300 |    3.1344970945e-07    |    4.9051014840e+03    |    4.9051246359e+03    |
| 0.74400 |    3.1337385939e-07    |    4.8995533878e+03    |    4.8995766809e+03    |
| 0.74500 |    3.1329849107e-07    |    4.8939889963e+03    |    4.8940124322e+03    |
| 0.74600 |    3.1322360404e-07    |    4.8884086669e+03    |    4.8884322472e+03    |
| 0.74700 |    3.1314919784e-07    |    4.8828127572e+03    |    4.8828364838e+03    |
| 0.74800 |    3.1307527199e-07    |    4.8772016247e+03    |    4.8772254992e+03    |
| 0.74900 |    3.1300182597e-07    |    4.8715756267e+03    |    4.8715996508e+03    |
| 0.75000 |    3.1292885928e-07    |    4.8659351201e+03    |    4.8659592957e+03    |
| 0.75100 |    3.1285637137e-07    |    4.8602804617e+03    |    4.8603047906e+03    |
| 0.75200 |    3.1278436167e-07    |    4.8546120082e+03    |    4.8546364922e+03    |
| 0.75300 |    3.1271282960e-07    |    4.8489301156e+03    |    4.8489547565e+03    |
| 0.75400 |    3.1264177457e-07    |    4.8432351396e+03    |    4.8432599394e+03    |
| 0.75500 |    3.1257119596e-07    |    4.8375274356e+03    |    4.8375523961e+03    |
| 0.75600 |    3.1250109312e-07    |    4.8318073583e+03    |    4.8318324815e+03    |
| 0.75700 |    3.1243146539e-07    |    4.8260752620e+03    |    4.8261005499e+03    |
| 0.75800 |    3.1236231210e-07    |    4.8203315003e+03    |    4.8203569549e+03    |
| 0.75900 |    3.1229363256e-07    |    4.8145764264e+03    |    4.8146020497e+03    |
| 0.76000 |    3.1222542604e-07    |    4.8088103924e+03    |    4.8088361865e+03    |
| 0.76100 |    3.1215769182e-07    |    4.8030337500e+03    |    4.8030597170e+03    |
| 0.76200 |    3.1209042914e-07    |    4.7972468500e+03    |    4.7972729920e+03    |
| 0.76300 |    3.1202363722e-07    |    4.7914500424e+03    |    4.7914763615e+03    |
| 0.76400 |    3.1195731530e-07    |    4.7856436763e+03    |    4.7856701747e+03    |
| 0.76500 |    3.1189146254e-07    |    4.7798280998e+03    |    4.7798547798e+03    |
| 0.76600 |    3.1182607814e-07    |    4.7740036601e+03    |    4.7740305238e+03    |
| 0.76700 |    3.1176116124e-07    |    4.7681707033e+03    |    4.7681977531e+03    |
| 0.76800 |    3.1169671099e-07    |    4.7623295745e+03    |    4.7623568127e+03    |
| 0.76900 |    3.1163272651e-07    |    4.7564806177e+03    |    4.7565080466e+03    |
| 0.77000 |    3.1156920690e-07    |    4.7506241756e+03    |    4.7506517977e+03    |
| 0.77100 |    3.1150615125e-07    |    4.7447605898e+03    |    4.7447884073e+03    |
| 0.77200 |    3.1144355863e-07    |    4.7388902005e+03    |    4.7389182160e+03    |
| 0.77300 |    3.1138142808e-07    |    4.7330133467e+03    |    4.7330415627e+03    |
| 0.77400 |    3.1131975866e-07    |    4.7271303660e+03    |    4.7271587850e+03    |
| 0.77500 |    3.1125854936e-07    |    4.7212415946e+03    |    4.7212702191e+03    |
| 0.77600 |    3.1119779921e-07    |    4.7153473671e+03    |    4.7153761998e+03    |
| 0.77700 |    3.1113750717e-07    |    4.7094480168e+03    |    4.7094770603e+03    |
| 0.77800 |    3.1107767222e-07    |    4.7035438753e+03    |    4.7035731323e+03    |
| 0.77900 |    3.1101829331e-07    |    4.6976352727e+03    |    4.6976647458e+03    |
| 0.78000 |    3.1095936938e-07    |    4.6917225373e+03    |    4.6917522294e+03    |
| 0.78100 |    3.1090089935e-07    |    4.6858059959e+03    |    4.6858359097e+03    |
| 0.78200 |    3.1084288212e-07    |    4.6798859733e+03    |    4.6799161116e+03    |
| 0.78300 |    3.1078531657e-07    |    4.6739627928e+03    |    4.6739931586e+03    |
| 0.78400 |    3.1072820158e-07    |    4.6680367756e+03    |    4.6680673717e+03    |
| 0.78500 |    3.1067153602e-07    |    4.6621082412e+03    |    4.6621390706e+03    |
| 0.78600 |    3.1061531871e-07    |    4.6561775070e+03    |    4.6562085728e+03    |
| 0.78700 |    3.1055954848e-07    |    4.6502448887e+03    |    4.6502761939e+03    |
| 0.78800 |    3.1050422415e-07    |    4.6443106997e+03    |    4.6443422474e+03    |
| 0.78900 |    3.1044934451e-07    |    4.6383752514e+03    |    4.6384070447e+03    |
| 0.79000 |    3.1039490835e-07    |    4.6324388533e+03    |    4.6324708954e+03    |
| 0.79100 |    3.1034091442e-07    |    4.6265018125e+03    |    4.6265341067e+03    |
| 0.79200 |    3.1028736148e-07    |    4.6205644340e+03    |    4.6205969835e+03    |
| 0.79300 |    3.1023424827e-07    |    4.6146270205e+03    |    4.6146598287e+03    |
| 0.79400 |    3.1018157352e-07    |    4.6086898726e+03    |    4.6087229429e+03    |
| 0.79500 |    3.1012933592e-07    |    4.6027532884e+03    |    4.6027866241e+03    |
| 0.79600 |    3.1007753417e-07    |    4.5968175637e+03    |    4.5968511684e+03    |
| 0.79700 |    3.1002616696e-07    |    4.5908829918e+03    |    4.5909168691e+03    |
| 0.79800 |    3.0997523296e-07    |    4.5849498638e+03    |    4.5849840172e+03    |
| 0.79900 |    3.0992473081e-07    |    4.5790184681e+03    |    4.5790529012e+03    |
| 0.80000 |    3.0987465915e-07    |    4.5730890906e+03    |    4.5731238072e+03    |
| 0.80100 |    3.0982501663e-07    |    4.5671620147e+03    |    4.5671970186e+03    |
| 0.80200 |    3.0977580183e-07    |    4.5612375212e+03    |    4.5612728161e+03    |
| 0.80300 |    3.0972701338e-07    |    4.5553158882e+03    |    4.5553514780e+03    |
| 0.80400 |    3.0967864985e-07    |    4.5493973912e+03    |    4.5494332799e+03    |
| 0.80500 |    3.0963070982e-07    |    4.5434823029e+03    |    4.5435184944e+03    |
| 0.80600 |    3.0958319186e-07    |    4.5375708932e+03    |    4.5376073916e+03    |
| 0.80700 |    3.0953609451e-07    |    4.5316634294e+03    |    4.5317002389e+03    |
| 0.80800 |    3.0948941631e-07    |    4.5257601759e+03    |    4.5257973006e+03    |
| 0.80900 |    3.0944315578e-07    |    4.5198613942e+03    |    4.5198988383e+03    |
| 0.81000 |    3.0939731145e-07    |    4.5139673429e+03    |    4.5140051108e+03    |
| 0.81100 |    3.0935188180e-07    |    4.5080782778e+03    |    4.5081163738e+03    |
| 0.81200 |    3.0930686534e-07    |    4.5021944516e+03    |    4.5022328802e+03    |
| 0.81300 |    3.0926226054e-07    |    4.4963161140e+03    |    4.4963548797e+03    |
| 0.81400 |    3.0921806586e-07    |    4.4904435119e+03    |    4.4904826193e+03    |
| 0.81500 |    3.0917427976e-07    |    4.4845768890e+03    |    4.4846163428e+03    |
| 0.81600 |    3.0913090069e-07    |    4.4787164858e+03    |    4.4787562908e+03    |
| 0.81700 |    3.0908792707e-07    |    4.4728625401e+03    |    4.4729027009e+03    |
| 0.81800 |    3.0904535734e-07    |    4.4670152860e+03    |    4.4670558077e+03    |
| 0.81900 |    3.0900318989e-07    |    4.4611749550e+03    |    4.4612158425e+03    |
| 0.82000 |    3.0896142314e-07    |    4.4553417751e+03    |    4.4553830333e+03    |
| 0.82100 |    3.0892005546e-07    |    4.4495159710e+03    |    4.4495576053e+03    |
| 0.82200 |    3.0887908525e-07    |    4.4436977646e+03    |    4.4437397800e+03    |
| 0.82300 |    3.0883851087e-07    |    4.4378873741e+03    |    4.4379297760e+03    |
| 0.82400 |    3.0879833068e-07    |    4.4320850146e+03    |    4.4321278083e+03    |
| 0.82500 |    3.0875854302e-07    |    4.4262908979e+03    |    4.4263340890e+03    |
| 0.82600 |    3.0871914624e-07    |    4.4205052326e+03    |    4.4205488266e+03    |
| 0.82700 |    3.0868013867e-07    |    4.4147282237e+03    |    4.4147722263e+03    |
| 0.82800 |    3.0864151863e-07    |    4.4089600730e+03    |    4.4090044899e+03    |
| 0.82900 |    3.0860328442e-07    |    4.4032009790e+03    |    4.4032458161e+03    |
| 0.83000 |    3.0856543435e-07    |    4.3974511366e+03    |    4.3974963998e+03    |
| 0.83100 |    3.0852796670e-07    |    4.3917107375e+03    |    4.3917564328e+03    |
| 0.83200 |    3.0849087977e-07    |    4.3859799698e+03    |    4.3860261034e+03    |
| 0.83300 |    3.0845417183e-07    |    4.3802590183e+03    |    4.3803055964e+03    |
| 0.83400 |    3.0841784113e-07    |    4.3745480642e+03    |    4.3745950933e+03    |
| 0.83500 |    3.0838188595e-07    |    4.3688472855e+03    |    4.3688947720e+03    |
| 0.83600 |    3.0834630451e-07    |    4.3631568565e+03    |    4.3632048069e+03    |
| 0.83700 |    3.0831109507e-07    |    4.3574769480e+03    |    4.3575253690e+03    |
| 0.83800 |    3.0827625585e-07    |    4.3518077274e+03    |    4.3518566259e+03    |
| 0.83900 |    3.0824178508e-07    |    4.3461493587e+03    |    4.3461987415e+03    |
| 0.84000 |    3.0820768097e-07    |    4.3405020021e+03    |    4.3405518765e+03    |
| 0.84100 |    3.0817394172e-07    |    4.3348658147e+03    |    4.3349161877e+03    |
| 0.84200 |    3.0814056553e-07    |    4.3292409498e+03    |    4.3292918286e+03    |
| 0.84300 |    3.0810755061e-07    |    4.3236275571e+03    |    4.3236789493e+03    |
| 0.84400 |    3.0807489511e-07    |    4.3180257831e+03    |    4.3180776962e+03    |
| 0.84500 |    3.0804259724e-07    |    4.3124357705e+03    |    4.3124882122e+03    |
| 0.84600 |    3.0801065514e-07    |    4.3068576586e+03    |    4.3069106367e+03    |
| 0.84700 |    3.0797906698e-07    |    4.3012915831e+03    |    4.3013451058e+03    |
| 0.84800 |    3.0794783092e-07    |    4.2957376764e+03    |    4.2957917516e+03    |
| 0.84900 |    3.0791694510e-07    |    4.2901960671e+03    |    4.2902507032e+03    |
| 0.85000 |    3.0788640766e-07    |    4.2846668805e+03    |    4.2847220858e+03    |
| 0.85100 |    3.0785621674e-07    |    4.2791502382e+03    |    4.2792060214e+03    |
| 0.85200 |    3.0782637045e-07    |    4.2736462585e+03    |    4.2737026284e+03    |
| 0.85300 |    3.0779686692e-07    |    4.2681550562e+03    |    4.2682120215e+03    |
| 0.85400 |    3.0776770427e-07    |    4.2626767423e+03    |    4.2627343122e+03    |
| 0.85500 |    3.0773888059e-07    |    4.2572114247e+03    |    4.2572696085e+03    |
| 0.85600 |    3.0771039399e-07    |    4.2517592078e+03    |    4.2518180149e+03    |
| 0.85700 |    3.0768224256e-07    |    4.2463201922e+03    |    4.2463796323e+03    |
| 0.85800 |    3.0765442439e-07    |    4.2408944756e+03    |    4.2409545583e+03    |
| 0.85900 |    3.0762693756e-07    |    4.2354821518e+03    |    4.2355428872e+03    |
| 0.86000 |    3.0759978014e-07    |    4.2300833114e+03    |    4.2301447097e+03    |
| 0.86100 |    3.0757295022e-07    |    4.2246980417e+03    |    4.2247601133e+03    |
| 0.86200 |    3.0754644584e-07    |    4.2193264265e+03    |    4.2193891819e+03    |
| 0.86300 |    3.0752026507e-07    |    4.2139685462e+03    |    4.2140319962e+03    |
| 0.86400 |    3.0749440597e-07    |    4.2086244779e+03    |    4.2086886337e+03    |
| 0.86500 |    3.0746886658e-07    |    4.2032942955e+03    |    4.2033591682e+03    |
| 0.86600 |    3.0744364495e-07    |    4.1979780695e+03    |    4.1980436706e+03    |
| 0.86700 |    3.0741873910e-07    |    4.1926758672e+03    |    4.1927422083e+03    |
| 0.86800 |    3.0739414708e-07    |    4.1873877525e+03    |    4.1874548457e+03    |
| 0.86900 |    3.0736986691e-07    |    4.1821137863e+03    |    4.1821816436e+03    |
| 0.87000 |    3.0734589662e-07    |    4.1768540260e+03    |    4.1769226601e+03    |
| 0.87100 |    3.0732223422e-07    |    4.1716085263e+03    |    4.1716779497e+03    |
| 0.87200 |    3.0729887773e-07    |    4.1663773383e+03    |    4.1664475639e+03    |
| 0.87300 |    3.0727582515e-07    |    4.1611605101e+03    |    4.1612315513e+03    |
| 0.87400 |    3.0725307449e-07    |    4.1559580869e+03    |    4.1560299572e+03    |
| 0.87500 |    3.0723062375e-07    |    4.1507701107e+03    |    4.1508428239e+03    |
| 0.87600 |    3.0720847092e-07    |    4.1455966205e+03    |    4.1456701907e+03    |
| 0.87700 |    3.0718661400e-07    |    4.1404376523e+03    |    4.1405120939e+03    |
| 0.87800 |    3.0716505098e-07    |    4.1352932392e+03    |    4.1353685668e+03    |
| 0.87900 |    3.0714377983e-07    |    4.1301634112e+03    |    4.1302396400e+03    |
| 0.88000 |    3.0712279853e-07    |    4.1250481957e+03    |    4.1251253410e+03    |
| 0.88100 |    3.0710210507e-07    |    4.1199476170e+03    |    4.1200256946e+03    |
| 0.88200 |    3.0708169741e-07    |    4.1148616966e+03    |    4.1149407226e+03    |
| 0.88300 |    3.0706157353e-07    |    4.1097904535e+03    |    4.1098704442e+03    |
| 0.88400 |    3.0704173138e-07    |    4.1047339035e+03    |    4.1048148758e+03    |
| 0.88500 |    3.0702216893e-07    |    4.0996920602e+03    |    4.0997740312e+03    |
| 0.88600 |    3.0700288413e-07    |    4.0946649340e+03    |    4.0947479214e+03    |
| 0.88700 |    3.0698387495e-07    |    4.0896525332e+03    |    4.0897365549e+03    |
| 0.88800 |    3.0696513932e-07    |    4.0846548631e+03    |    4.0847399376e+03    |
| 0.88900 |    3.0694667521e-07    |    4.0796719267e+03    |    4.0797580728e+03    |
| 0.89000 |    3.0692848056e-07    |    4.0747037244e+03    |    4.0747909613e+03    |
| 0.89100 |    3.0691055330e-07    |    4.0697502541e+03    |    4.0698386017e+03    |
| 0.89200 |    3.0689289139e-07    |    4.0648115114e+03    |    4.0649009898e+03    |
| 0.89300 |    3.0687549275e-07    |    4.0598874895e+03    |    4.0599781194e+03    |
| 0.89400 |    3.0685835532e-07    |    4.0549781791e+03    |    4.0550699818e+03    |
| 0.89500 |    3.0684147703e-07    |    4.0500835689e+03    |    4.0501765659e+03    |
| 0.89600 |    3.0682485582e-07    |    4.0452036450e+03    |    4.0452978588e+03    |
| 0.89700 |    3.0680848961e-07    |    4.0403383917e+03    |    4.0404338449e+03    |
| 0.89800 |    3.0679237632e-07    |    4.0354877907e+03    |    4.0355845068e+03    |
| 0.89900 |    3.0677651389e-07    |    4.0306518220e+03    |    4.0307498248e+03    |
| 0.90000 |    3.0676090022e-07    |    4.0258304633e+03    |    4.0259297775e+03    |
| 0.90100 |    3.0674553324e-07    |    4.0210236904e+03    |    4.0211243410e+03    |
| 0.90200 |    3.0673041087e-07    |    4.0162314769e+03    |    4.0163334898e+03    |
| 0.90300 |    3.0671553102e-07    |    4.0114537947e+03    |    4.0115571964e+03    |
| 0.90400 |    3.0670089160e-07    |    4.0066906138e+03    |    4.0067954314e+03    |
| 0.90500 |    3.0668649054e-07    |    4.0019419023e+03    |    4.0020481637e+03    |
| 0.90600 |    3.0667232573e-07    |    3.9972076264e+03    |    3.9973153602e+03    |
| 0.90700 |    3.0665839509e-07    |    3.9924877507e+03    |    3.9925969863e+03    |
| 0.90800 |    3.0664469653e-07    |    3.9877822381e+03    |    3.9878930056e+03    |
| 0.90900 |    3.0663122796e-07    |    3.9830910498e+03    |    3.9832033802e+03    |
| 0.91000 |    3.0661798728e-07    |    3.9784141453e+03    |    3.9785280704e+03    |
| 0.91100 |    3.0660497239e-07    |    3.9737514828e+03    |    3.9738670351e+03    |
| 0.91200 |    3.0659218120e-07    |    3.9691030186e+03    |    3.9692202318e+03    |
| 0.91300 |    3.0657961162e-07    |    3.9644687078e+03    |    3.9645876164e+03    |
| 0.91400 |    3.0656726155e-07    |    3.9598485040e+03    |    3.9599691433e+03    |
| 0.91500 |    3.0655512888e-07    |    3.9552423594e+03    |    3.9553647659e+03    |
| 0.91600 |    3.0654321153e-07    |    3.9506502249e+03    |    3.9507744360e+03    |
| 0.91700 |    3.0653150740e-07    |    3.9460720499e+03    |    3.9461981042e+03    |
| 0.91800 |    3.0652001438e-07    |    3.9415077828e+03    |    3.9416357200e+03    |
| 0.91900 |    3.0650873038e-07    |    3.9369573707e+03    |    3.9370872314e+03    |
| 0.92000 |    3.0649765330e-07    |    3.9324207595e+03    |    3.9325525857e+03    |
| 0.92100 |    3.0648678104e-07    |    3.9278978939e+03    |    3.9280317288e+03    |
| 0.92200 |    3.0647611150e-07    |    3.9233887176e+03    |    3.9235246056e+03    |
| 0.92300 |    3.0646564260e-07    |    3.9188931732e+03    |    3.9190311601e+03    |
| 0.92400 |    3.0645537222e-07    |    3.9144112023e+03    |    3.9145513353e+03    |
| 0.92500 |    3.0644529827e-07    |    3.9099427456e+03    |    3.9100850733e+03    |
| 0.92600 |    3.0643541867e-07    |    3.9054877426e+03    |    3.9056323151e+03    |
| 0.92700 |    3.0642573130e-07    |    3.9010461323e+03    |    3.9011930011e+03    |
| 0.92800 |    3.0641623409e-07    |    3.8966178526e+03    |    3.8967670709e+03    |
| 0.92900 |    3.0640692493e-07    |    3.8922028405e+03    |    3.8923544632e+03    |
| 0.93000 |    3.0639780174e-07    |    3.8878010324e+03    |    3.8879551161e+03    |
| 0.93100 |    3.0638886242e-07    |    3.8834123637e+03    |    3.8835689667e+03    |
| 0.93200 |    3.0638010489e-07    |    3.8790367694e+03    |    3.8791959520e+03    |
| 0.93300 |    3.0637152707e-07    |    3.8746741835e+03    |    3.8748360078e+03    |
| 0.93400 |    3.0636312685e-07    |    3.8703245395e+03    |    3.8704890698e+03    |
| 0.93500 |    3.0635490217e-07    |    3.8659877702e+03    |    3.8661550727e+03    |
| 0.93600 |    3.0634685094e-07    |    3.8616638078e+03    |    3.8618339511e+03    |
| 0.93700 |    3.0633897108e-07    |    3.8573525840e+03    |    3.8575256389e+03    |
| 0.93800 |    3.0633126051e-07    |    3.8530540299e+03    |    3.8532300694e+03    |
| 0.93900 |    3.0632371716e-07    |    3.8487680760e+03    |    3.8489471759e+03    |
| 0.94000 |    3.0631633896e-07    |    3.8444946525e+03    |    3.8446768909e+03    |
| 0.94100 |    3.0630912385e-07    |    3.8402336888e+03    |    3.8404191468e+03    |
| 0.94200 |    3.0630206974e-07    |    3.8359851143e+03    |    3.8361738754e+03    |
| 0.94300 |    3.0629517459e-07    |    3.8317488574e+03    |    3.8319410085e+03    |
| 0.94400 |    3.0628843632e-07    |    3.8275248467e+03    |    3.8277204774e+03    |
| 0.94500 |    3.0628185289e-07    |    3.8233130101e+03    |    3.8235122133e+03    |
| 0.94600 |    3.0627542224e-07    |    3.8191132749e+03    |    3.8193161470e+03    |
| 0.94700 |    3.0626914232e-07    |    3.8149255685e+03    |    3.8151322093e+03    |
| 0.94800 |    3.0626301109e-07    |    3.8107498177e+03    |    3.8109603306e+03    |
| 0.94900 |    3.0625702650e-07    |    3.8065859489e+03    |    3.8068004412e+03    |
| 0.95000 |    3.0625118652e-07    |    3.8024338884e+03    |    3.8026524715e+03    |
| 0.95100 |    3.0624548911e-07    |    3.7982935621e+03    |    3.7985163514e+03    |
| 0.95200 |    3.0623993224e-07    |    3.7941648955e+03    |    3.7943920110e+03    |
| 0.95300 |    3.0623451389e-07    |    3.7900478140e+03    |    3.7902793802e+03    |
| 0.95400 |    3.0622923205e-07    |    3.7859422427e+03    |    3.7861783889e+03    |
| 0.95500 |    3.0622408469e-07    |    3.7818481062e+03    |    3.7820889668e+03    |
| 0.95600 |    3.0621906981e-07    |    3.7777653290e+03    |    3.7780110439e+03    |
| 0.95700 |    3.0621418540e-07    |    3.7736938353e+03    |    3.7739445498e+03    |
| 0.95800 |    3.0620942946e-07    |    3.7696335491e+03    |    3.7698894144e+03    |
| 0.95900 |    3.0620480001e-07    |    3.7655843939e+03    |    3.7658455676e+03    |
| 0.96000 |    3.0620029505e-07    |    3.7615462932e+03    |    3.7618129392e+03    |
| 0.96100 |    3.0619591261e-07    |    3.7575191702e+03    |    3.7577914592e+03    |
| 0.96200 |    3.0619165071e-07    |    3.7535029475e+03    |    3.7537810575e+03    |
| 0.96300 |    3.0618750738e-07    |    3.7494975478e+03    |    3.7497816642e+03    |
| 0.96400 |    3.0618348066e-07    |    3.7455028931e+03    |    3.7457932096e+03    |
| 0.96500 |    3.0617956860e-07    |    3.7415189053e+03    |    3.7418156239e+03    |
| 0.96600 |    3.0617576924e-07    |    3.7375455061e+03    |    3.7378488376e+03    |
| 0.96700 |    3.0617208066e-07    |    3.7335826166e+03    |    3.7338927811e+03    |
| 0.96800 |    3.0616850091e-07    |    3.7296301575e+03    |    3.7299473852e+03    |
| 0.96900 |    3.0616502807e-07    |    3.7256880492e+03    |    3.7260125806e+03    |
| 0.97000 |    3.0616166022e-07    |    3.7217562116e+03    |    3.7220882984e+03    |
| 0.97100 |    3.0615839546e-07    |    3.7178345642e+03    |    3.7181744698e+03    |
| 0.97200 |    3.0615523188e-07    |    3.7139230258e+03    |    3.7142710261e+03    |
| 0.97300 |    3.0615216760e-07    |    3.7100215149e+03    |    3.7103778989e+03    |
| 0.97400 |    3.0614920072e-07    |    3.7061299494e+03    |    3.7064950198e+03    |
| 0.97500 |    3.0614632938e-07    |    3.7022482463e+03    |    3.7026223208e+03    |
| 0.97600 |    3.0614355171e-07    |    3.6983763221e+03    |    3.6987597341e+03    |
| 0.97700 |    3.0614086585e-07    |    3.6945140925e+03    |    3.6949071921e+03    |
| 0.97800 |    3.0613826996e-07    |    3.6906614724e+03    |    3.6910646274e+03    |
| 0.97900 |    3.0613576220e-07    |    3.6868183756e+03    |    3.6872319728e+03    |
| 0.98000 |    3.0613334074e-07    |    3.6829847153e+03    |    3.6834091615e+03    |
| 0.98100 |    3.0613100377e-07    |    3.6791604035e+03    |    3.6795961268e+03    |
| 0.98200 |    3.0612874949e-07    |    3.6753453508e+03    |    3.6757928024e+03    |
| 0.98300 |    3.0612657609e-07    |    3.6715394667e+03    |    3.6719991221e+03    |
| 0.98400 |    3.0612448180e-07    |    3.6677426593e+03    |    3.6682150201e+03    |
| 0.98500 |    3.0612246485e-07    |    3.6639548350e+03    |    3.6644404310e+03    |
| 0.98600 |    3.0612052348e-07    |    3.6601758989e+03    |    3.6606752894e+03    |
| 0.98700 |    3.0611865593e-07    |    3.6564057541e+03    |    3.6569195304e+03    |
| 0.98800 |    3.0611686047e-07    |    3.6526443016e+03    |    3.6531730894e+03    |
| 0.98900 |    3.0611513538e-07    |    3.6488914401e+03    |    3.6494359021e+03    |
| 0.99000 |    3.0611347895e-07    |    3.6451470661e+03    |    3.6457079044e+03    |
| 0.99100 |    3.0611188947e-07    |    3.6414110733e+03    |    3.6419890328e+03    |
| 0.99200 |    3.0611036528e-07    |    3.6376833526e+03    |    3.6382792239e+03    |
| 0.99300 |    3.0610890468e-07    |    3.6339637916e+03    |    3.6345784147e+03    |
| 0.99400 |    3.0610750604e-07    |    3.6302522738e+03    |    3.6308865427e+03    |
| 0.99500 |    3.0610616769e-07    |    3.6265486796e+03    |    3.6272035455e+03    |
| 0.99600 |    3.0610488803e-07    |    3.6228528848e+03    |    3.6235293613e+03    |
| 0.99700 |    3.0610366542e-07    |    3.6191647600e+03    |    3.6198639286e+03    |
| 0.99800 |    3.0610249827e-07    |    3.6154841707e+03    |    3.6162071863e+03    |
| 0.99900 |    3.0610138500e-07    |    3.6118109762e+03    |    3.6125590736e+03    |
| 1.00000 |    3.0610032405e-07    |    3.6054404773e+03    |    3.6089195302e+03    |
--------------------------------------------------------------------------------------