Число узлов n = 21
--------------------------------------------------------------------------------------
|    x    |          u(z)          |          f(z)          |     f(z) integral      |
--------------------------------------------------------------------------------------
| 0.00000 |    3.9209549382e-07    |    0.0000000000e+00    |    0.0000000000e+00    |
| 0.05000 |    3.9147742452e-07    |    6.1892755181e+02    |    5.8388644608e+02    |
| 0.10000 |    3.8987517281e-07    |    1.1815403670e+03    |    1.1678224764e+03    |
| 0.15000 |    3.8723975780e-07    |    1.7589971403e+03    |    1.7508322089e+03    |
| 0.20000 |    3.8357257153e-07    |    2.3347677133e+03    |    2.3299155332e+03    |
| 0.25000 |    3.7889608223e-07    |    2.9010420341e+03    |    2.8990994304e+03    |
| 0.30000 |    3.7326257175e-07    |    3.4474557771e+03    |    3.4486346080e+03    |
| 0.35000 |    3.6676746966e-07    |    3.9597387156e+03    |    3.9645226030e+03    |
| 0.40000 |    3.5956279653e-07    |    4.4196652304e+03    |    4.4286376550e+03    |
| 0.45000 |    3.5186658285e-07    |    4.8060513225e+03    |    4.8197690660e+03    |
| 0.50000 |    3.4396319288e-07    |    5.0969901309e+03    |    5.1158917431e+03    |
| 0.55000 |    3.3618940290e-07    |    5.2734086838e+03    |    5.2978017570e+03    |
| 0.60000 |    3.2890314927e-07    |    5.3236367499e+03    |    5.3538538723e+03    |
| 0.65000 |    3.2243689210e-07    |    5.2480232592e+03    |    5.2848786000e+03    |
| 0.70000 |    3.1704492356e-07    |    5.0618348415e+03    |    5.1075455195e+03    |
| 0.75000 |    3.1286056166e-07    |    4.7940835195e+03    |    4.8538605660e+03    |
| 0.80000 |    3.0987958414e-07    |    4.4801998490e+03    |    4.5649084656e+03    |
| 0.85000 |    3.0797612298e-07    |    4.1481524013e+03    |    4.2793621560e+03    |
| 0.90000 |    3.0693990976e-07    |    3.7999066447e+03    |    4.0217536895e+03    |
| 0.95000 |    3.0651402015e-07    |    3.3969205431e+03    |    3.7985531736e+03    |
| 1.00000 |    3.0642456076e-07    |   -5.4879797913e+03    |    3.6046561545e+03    |
--------------------------------------------------------------------------------------