Число узлов n = 201
--------------------------------------------------------------------------------------
|    x    |          u(z)          |          f(z)          |     f(z) integral      |
--------------------------------------------------------------------------------------
| 0.00000 |    3.9205467389e-07    |    0.0000000000e+00    |    0.0000000000e+00    |
| 0.00500 |    3.9204849240e-07    |    6.1891903118e+01    |    5.8375822780e+01    |
| 0.01000 |    3.9203247065e-07    |    1.1815841662e+02    |    1.1675207282e+02    |
| 0.01500 |    3.9200610399e-07    |    1.7603313961e+02    |    1.7512915816e+02    |
| 0.02000 |    3.9196932015e-07    |    2.3417697460e+02    |    2.3350746392e+02    |
| 0.02500 |    3.9192209486e-07    |    2.9241979723e+02    |    2.9188734652e+02    |
| 0.03000 |    3.9186441692e-07    |    3.5071134061e+02    |    3.5026912227e+02    |
| 0.03500 |    3.9179628014e-07    |    4.0903126165e+02    |    4.0865305693e+02    |
| 0.04000 |    3.9171768068e-07    |    4.6736973554e+02    |    4.6703935536e+02    |
| 0.04500 |    3.9162861593e-07    |    5.2572141359e+02    |    5.2542815128e+02    |
| 0.05000 |    3.9152908408e-07    |    5.8408309292e+02    |    5.8381949711e+02    |
| 0.05500 |    3.9141908382e-07    |    6.4245267749e+02    |    6.4221335373e+02    |
| 0.06000 |    3.9129861425e-07    |    7.0082866191e+02    |    7.0060958032e+02    |
| 0.06500 |    3.9116767482e-07    |    7.5920985200e+02    |    7.5900792414e+02    |
| 0.07000 |    3.9102626531e-07    |    8.1759520207e+02    |    8.1740801038e+02    |
| 0.07500 |    3.9087438582e-07    |    8.7598371385e+02    |    8.7580933198e+02    |
| 0.08000 |    3.9071203684e-07    |    9.3437436974e+02    |    9.3421123945e+02    |
| 0.08500 |    3.9053921925e-07    |    9.9276608628e+02    |    9.9261293070e+02    |
| 0.09000 |    3.9035593437e-07    |    1.0511576797e+03    |    1.0510134409e+03    |
| 0.09500 |    3.9016218401e-07    |    1.1095478394e+03    |    1.1094116324e+03    |
| 0.10000 |    3.8995797054e-07    |    1.1679351061e+03    |    1.1678061845e+03    |
| 0.10500 |    3.8974329695e-07    |    1.2263178537e+03    |    1.2261955833e+03    |
| 0.11000 |    3.8951816690e-07    |    1.2846942731e+03    |    1.2845781120e+03    |
| 0.11500 |    3.8928258482e-07    |    1.3430623579e+03    |    1.3429518405e+03    |
| 0.12000 |    3.8903655597e-07    |    1.4014198908e+03    |    1.4013146152e+03    |
| 0.12500 |    3.8878008652e-07    |    1.4597644316e+03    |    1.4596640499e+03    |
| 0.13000 |    3.8851318364e-07    |    1.5180933050e+03    |    1.5179975148e+03    |
| 0.13500 |    3.8823585560e-07    |    1.5764035893e+03    |    1.5763121274e+03    |
| 0.14000 |    3.8794811184e-07    |    1.6346921056e+03    |    1.6346047426e+03    |
| 0.14500 |    3.8764996307e-07    |    1.6929554069e+03    |    1.6928719427e+03    |
| 0.15000 |    3.8734142139e-07    |    1.7511897681e+03    |    1.7511100282e+03    |
| 0.15500 |    3.8702250038e-07    |    1.8093911755e+03    |    1.8093150078e+03    |
| 0.16000 |    3.8669321519e-07    |    1.8675553174e+03    |    1.8674825894e+03    |
| 0.16500 |    3.8635358268e-07    |    1.9256775736e+03    |    1.9256081706e+03    |
| 0.17000 |    3.8600362152e-07    |    1.9837530069e+03    |    1.9836868297e+03    |
| 0.17500 |    3.8564335231e-07    |    2.0417763530e+03    |    2.0417133165e+03    |
| 0.18000 |    3.8527279767e-07    |    2.0997420120e+03    |    2.0996820435e+03    |
| 0.18500 |    3.8489198242e-07    |    2.1576440392e+03    |    2.1575870775e+03    |
| 0.19000 |    3.8450093364e-07    |    2.2154761366e+03    |    2.2154221306e+03    |
| 0.19500 |    3.8409968086e-07    |    2.2732316444e+03    |    2.2731805527e+03    |
| 0.20000 |    3.8368825614e-07    |    2.3309035334e+03    |    2.3308553226e+03    |
| 0.20500 |    3.8326669423e-07    |    2.3884843962e+03    |    2.3884390411e+03    |
| 0.21000 |    3.8283503270e-07    |    2.4459664404e+03    |    2.4459239229e+03    |
| 0.21500 |    3.8239331206e-07    |    2.5033414813e+03    |    2.5033017896e+03    |
| 0.22000 |    3.8194157594e-07    |    2.5606009343e+03    |    2.5605640629e+03    |
| 0.22500 |    3.8147987119e-07    |    2.6177358092e+03    |    2.6177017582e+03    |
| 0.23000 |    3.8100824803e-07    |    2.6747367034e+03    |    2.6747054779e+03    |
| 0.23500 |    3.8052676021e-07    |    2.7315937961e+03    |    2.7315654063e+03    |
| 0.24000 |    3.8003546516e-07    |    2.7882968435e+03    |    2.7882713037e+03    |
| 0.24500 |    3.7953442410e-07    |    2.8448351730e+03    |    2.8448125019e+03    |
| 0.25000 |    3.7902370221e-07    |    2.9011976794e+03    |    2.9011778996e+03    |
| 0.25500 |    3.7850336880e-07    |    2.9573728209e+03    |    2.9573559584e+03    |
| 0.26000 |    3.7797349742e-07    |    3.0133486154e+03    |    3.0133346997e+03    |
| 0.26500 |    3.7743416600e-07    |    3.0691126378e+03    |    3.0691017014e+03    |
| 0.27000 |    3.7688545705e-07    |    3.1246520178e+03    |    3.1246440962e+03    |
| 0.27500 |    3.7632745776e-07    |    3.1799534383e+03    |    3.1799485698e+03    |
| 0.28000 |    3.7576026015e-07    |    3.2350031347e+03    |    3.2350013599e+03    |
| 0.28500 |    3.7518396123e-07    |    3.2897868942e+03    |    3.2897882561e+03    |
| 0.29000 |    3.7459866312e-07    |    3.3442900565e+03    |    3.3442946003e+03    |
| 0.29500 |    3.7400447322e-07    |    3.3984975153e+03    |    3.3985052882e+03    |
| 0.30000 |    3.7340150432e-07    |    3.4523937203e+03    |    3.4524047714e+03    |
| 0.30500 |    3.7278987473e-07    |    3.5059626798e+03    |    3.5059770598e+03    |
| 0.31000 |    3.7216970844e-07    |    3.5591879652e+03    |    3.5592057262e+03    |
| 0.31500 |    3.7154113520e-07    |    3.6120527148e+03    |    3.6120739106e+03    |
| 0.32000 |    3.7090429070e-07    |    3.6645396406e+03    |    3.6645643259e+03    |
| 0.32500 |    3.7025931664e-07    |    3.7166310339e+03    |    3.7166592649e+03    |
| 0.33000 |    3.6960636085e-07    |    3.7683087739e+03    |    3.7683406074e+03    |
| 0.33500 |    3.6894557742e-07    |    3.8195543359e+03    |    3.8195898298e+03    |
| 0.34000 |    3.6827712676e-07    |    3.8703488015e+03    |    3.8703880143e+03    |
| 0.34500 |    3.6760117574e-07    |    3.9206728694e+03    |    3.9207158603e+03    |
| 0.35000 |    3.6691789773e-07    |    3.9705068679e+03    |    3.9705536965e+03    |
| 0.35500 |    3.6622747269e-07    |    4.0198307681e+03    |    4.0198814943e+03    |
| 0.36000 |    3.6553008726e-07    |    4.0686241985e+03    |    4.0686788825e+03    |
| 0.36500 |    3.6482593481e-07    |    4.1168664613e+03    |    4.1169251633e+03    |
| 0.37000 |    3.6411521546e-07    |    4.1645365491e+03    |    4.1645993293e+03    |
| 0.37500 |    3.6339813615e-07    |    4.2116131639e+03    |    4.2116800825e+03    |
| 0.38000 |    3.6267491067e-07    |    4.2580747369e+03    |    4.2581458537e+03    |
| 0.38500 |    3.6194575967e-07    |    4.3038994500e+03    |    4.3039748244e+03    |
| 0.39000 |    3.6121091065e-07    |    4.3490652582e+03    |    4.3491449493e+03    |
| 0.39500 |    3.6047059797e-07    |    4.3935499143e+03    |    4.3936339805e+03    |
| 0.40000 |    3.5972506285e-07    |    4.4373309940e+03    |    4.4374194930e+03    |
| 0.40500 |    3.5897455329e-07    |    4.4803859235e+03    |    4.4804789123e+03    |
| 0.41000 |    3.5821932404e-07    |    4.5226920079e+03    |    4.5227895426e+03    |
| 0.41500 |    3.5745963657e-07    |    4.5642264612e+03    |    4.5643285969e+03    |
| 0.42000 |    3.5669575896e-07    |    4.6049664382e+03    |    4.6050732289e+03    |
| 0.42500 |    3.5592796580e-07    |    4.6448890675e+03    |    4.6450005661e+03    |
| 0.43000 |    3.5515653810e-07    |    4.6839714858e+03    |    4.6840877441e+03    |
| 0.43500 |    3.5438176317e-07    |    4.7221908746e+03    |    4.7223119430e+03    |
| 0.44000 |    3.5360393447e-07    |    4.7595244974e+03    |    4.7596504248e+03    |
| 0.44500 |    3.5282335144e-07    |    4.7959497385e+03    |    4.7960805727e+03    |
| 0.45000 |    3.5204031932e-07    |    4.8314441443e+03    |    4.8315799315e+03    |
| 0.45500 |    3.5125514900e-07    |    4.8659854643e+03    |    4.8661262493e+03    |
| 0.46000 |    3.5046815676e-07    |    4.8995516950e+03    |    4.8996975210e+03    |
| 0.46500 |    3.4967966405e-07    |    4.9321211242e+03    |    4.9322720329e+03    |
| 0.47000 |    3.4888999725e-07    |    4.9636723770e+03    |    4.9638284086e+03    |
| 0.47500 |    3.4809948740e-07    |    4.9941844628e+03    |    4.9943456561e+03    |
| 0.48000 |    3.4730846991e-07    |    5.0236368238e+03    |    5.0238032160e+03    |
| 0.48500 |    3.4651728426e-07    |    5.0520093844e+03    |    5.0521810113e+03    |
| 0.49000 |    3.4572627368e-07    |    5.0792826011e+03    |    5.0794594971e+03    |
| 0.49500 |    3.4493578481e-07    |    5.1054375144e+03    |    5.1056197127e+03    |
| 0.50000 |    3.4414616731e-07    |    5.1304558008e+03    |    5.1306433334e+03    |
| 0.50500 |    3.4335777353e-07    |    5.1543198256e+03    |    5.1545127232e+03    |
| 0.51000 |    3.4257095811e-07    |    5.1770126963e+03    |    5.1772109890e+03    |
| 0.51500 |    3.4178607752e-07    |    5.1985183170e+03    |    5.1987220338e+03    |
| 0.52000 |    3.4100348970e-07    |    5.2188214420e+03    |    5.2190306116e+03    |
| 0.52500 |    3.4022355356e-07    |    5.2379077314e+03    |    5.2381223819e+03    |
| 0.53000 |    3.3944662859e-07    |    5.2557638047e+03    |    5.2559839642e+03    |
| 0.53500 |    3.3867307430e-07    |    5.2723772961e+03    |    5.2726029927e+03    |
| 0.54000 |    3.3790324982e-07    |    5.2877369082e+03    |    5.2879681706e+03    |
| 0.54500 |    3.3713751336e-07    |    5.3018324661e+03    |    5.3020693237e+03    |
| 0.55000 |    3.3637622170e-07    |    5.3146549706e+03    |    5.3148974539e+03    |
| 0.55500 |    3.3561972969e-07    |    5.3261966502e+03    |    5.3264447914e+03    |
| 0.56000 |    3.3486838973e-07    |    5.3364510129e+03    |    5.3367048459e+03    |
| 0.56500 |    3.3412255120e-07    |    5.3454128954e+03    |    5.3456724568e+03    |
| 0.57000 |    3.3338255996e-07    |    5.3530785123e+03    |    5.3533438416e+03    |
| 0.57500 |    3.3264875780e-07    |    5.3594455026e+03    |    5.3597166428e+03    |
| 0.58000 |    3.3192148185e-07    |    5.3645129740e+03    |    5.3647899724e+03    |
| 0.58500 |    3.3120106409e-07    |    5.3682815460e+03    |    5.3685644547e+03    |
| 0.59000 |    3.3048783078e-07    |    5.3707533899e+03    |    5.3710422663e+03    |
| 0.59500 |    3.2978210189e-07    |    5.3719322652e+03    |    5.3722271733e+03    |
| 0.60000 |    3.2908419061e-07    |    5.3718235548e+03    |    5.3721245654e+03    |
| 0.60500 |    3.2839440275e-07    |    5.3704342952e+03    |    5.3707414873e+03    |
| 0.61000 |    3.2771303627e-07    |    5.3677732040e+03    |    5.3680866653e+03    |
| 0.61500 |    3.2704038074e-07    |    5.3638507030e+03    |    5.3641705311e+03    |
| 0.62000 |    3.2637671681e-07    |    5.3586789379e+03    |    5.3590052414e+03    |
| 0.62500 |    3.2572231575e-07    |    5.3522717926e+03    |    5.3526046918e+03    |
| 0.63000 |    3.2507743896e-07    |    5.3446448991e+03    |    5.3449845279e+03    |
| 0.63500 |    3.2444233751e-07    |    5.3358156432e+03    |    5.3361621496e+03    |
| 0.64000 |    3.2381725169e-07    |    5.3258031634e+03    |    5.3261567112e+03    |
| 0.64500 |    3.2320241061e-07    |    5.3146283455e+03    |    5.3149891158e+03    |
| 0.65000 |    3.2259803178e-07    |    5.3023138110e+03    |    5.3026820032e+03    |
| 0.65500 |    3.2200432076e-07    |    5.2888838993e+03    |    5.2892597332e+03    |
| 0.66000 |    3.2142147080e-07    |    5.2743646437e+03    |    5.2747483607e+03    |
| 0.66500 |    3.2084966254e-07    |    5.2587837411e+03    |    5.2591756061e+03    |
| 0.67000 |    3.2028906369e-07    |    5.2421705149e+03    |    5.2425708183e+03    |
| 0.67500 |    3.1973982881e-07    |    5.2245558709e+03    |    5.2249649302e+03    |
| 0.68000 |    3.1920209907e-07    |    5.2059722468e+03    |    5.2063904087e+03    |
| 0.68500 |    3.1867600205e-07    |    5.1864535536e+03    |    5.1868811964e+03    |
| 0.69000 |    3.1816165160e-07    |    5.1660351110e+03    |    5.1664726463e+03    |
| 0.69500 |    3.1765914771e-07    |    5.1447535746e+03    |    5.1452014503e+03    |
| 0.70000 |    3.1716857644e-07    |    5.1226468563e+03    |    5.1231055588e+03    |
| 0.70500 |    3.1669000983e-07    |    5.0997540379e+03    |    5.1002240948e+03    |
| 0.71000 |    3.1622350593e-07    |    5.0761152767e+03    |    5.0765972594e+03    |
| 0.71500 |    3.1576910881e-07    |    5.0517717049e+03    |    5.0522662321e+03    |
| 0.72000 |    3.1532684860e-07    |    5.0267653217e+03    |    5.0272730621e+03    |
| 0.72500 |    3.1489674160e-07    |    5.0011388796e+03    |    5.0016605555e+03    |
| 0.73000 |    3.1447879042e-07    |    4.9749357631e+03    |    4.9754721540e+03    |
| 0.73500 |    3.1407298413e-07    |    4.9481998632e+03    |    4.9487518096e+03    |
| 0.74000 |    3.1367929843e-07    |    4.9209754452e+03    |    4.9215438527e+03    |
| 0.74500 |    3.1329769593e-07    |    4.8933070119e+03    |    4.8938928560e+03    |
| 0.75000 |    3.1292812637e-07    |    4.8652391627e+03    |    4.8658434931e+03    |
| 0.75500 |    3.1257052691e-07    |    4.8368164486e+03    |    4.8374403947e+03    |
| 0.76000 |    3.1222482246e-07    |    4.8080832242e+03    |    4.8087280008e+03    |
| 0.76500 |    3.1189092599e-07    |    4.7790834977e+03    |    4.7797504110e+03    |
| 0.77000 |    3.1156873890e-07    |    4.7498607791e+03    |    4.7505512336e+03    |
| 0.77500 |    3.1125815138e-07    |    4.7204579283e+03    |    4.7211734339e+03    |
| 0.78000 |    3.1095904286e-07    |    4.6909170033e+03    |    4.6916591836e+03    |
| 0.78500 |    3.1067128234e-07    |    4.6612791102e+03    |    4.6620497115e+03    |
| 0.79000 |    3.1039472885e-07    |    4.6315842558e+03    |    4.6323851570e+03    |
| 0.79500 |    3.1012923189e-07    |    4.6018712038e+03    |    4.6027044275e+03    |
| 0.80000 |    3.0987463183e-07    |    4.5721773364e+03    |    4.5730450610e+03    |
| 0.80500 |    3.0963076038e-07    |    4.5425385213e+03    |    4.5434430953e+03    |
| 0.81000 |    3.0939744101e-07    |    4.5129889873e+03    |    4.5139329444e+03    |
| 0.81500 |    3.0917448940e-07    |    4.4835612072e+03    |    4.4845472839e+03    |
| 0.82000 |    3.0896171386e-07    |    4.4542857916e+03    |    4.4553169473e+03    |
| 0.82500 |    3.0875891579e-07    |    4.4251913935e+03    |    4.4262708325e+03    |
| 0.83000 |    3.0856589004e-07    |    4.3963046243e+03    |    4.3974358217e+03    |
| 0.83500 |    3.0838242541e-07    |    4.3676499842e+03    |    4.3688367150e+03    |
| 0.84000 |    3.0820830496e-07    |    4.3392498058e+03    |    4.3404961782e+03    |
| 0.84500 |    3.0804330646e-07    |    4.3111242124e+03    |    4.3124347062e+03    |
| 0.85000 |    3.0788720276e-07    |    4.2832910928e+03    |    4.2846706033e+03    |
| 0.85500 |    3.0773976214e-07    |    4.2557660905e+03    |    4.2572199798e+03    |
| 0.86000 |    3.0760074865e-07    |    4.2285626098e+03    |    4.2300967655e+03    |
| 0.86500 |    3.0746992248e-07    |    4.2016918370e+03    |    4.2033127410e+03    |
| 0.87000 |    3.0734704028e-07    |    4.1751627776e+03    |    4.1768775859e+03    |
| 0.87500 |    3.0723185545e-07    |    4.1489823071e+03    |    4.1507989434e+03    |
| 0.88000 |    3.0712411850e-07    |    4.1231552354e+03    |    4.1250825008e+03    |
| 0.88500 |    3.0702357729e-07    |    4.0976843824e+03    |    4.0997320853e+03    |
| 0.89000 |    3.0692997739e-07    |    4.0725706631e+03    |    4.0747497718e+03    |
| 0.89500 |    3.0684306229e-07    |    4.0478131787e+03    |    4.0501360043e+03    |
| 0.90000 |    3.0676257379e-07    |    4.0234093118e+03    |    4.0258897250e+03    |
| 0.90500 |    3.0668825222e-07    |    3.9993548195e+03    |    4.0020085124e+03    |
| 0.91000 |    3.0661983677e-07    |    3.9756439221e+03    |    3.9784887228e+03    |
| 0.91500 |    3.0655706578e-07    |    3.9522693799e+03    |    3.9553256357e+03    |
| 0.92000 |    3.0649967708e-07    |    3.9292225531e+03    |    3.9325135972e+03    |
| 0.92500 |    3.0644740834e-07    |    3.9064934349e+03    |    3.9100461614e+03    |
| 0.93000 |    3.0639999734e-07    |    3.8840706502e+03    |    3.8879162256e+03    |
| 0.93500 |    3.0635718245e-07    |    3.8619414058e+03    |    3.8661161578e+03    |
| 0.94000 |    3.0631870294e-07    |    3.8400913779e+03    |    3.8446379141e+03    |
| 0.94500 |    3.0628429944e-07    |    3.8185045153e+03    |    3.8234731446e+03    |
| 0.95000 |    3.0625371438e-07    |    3.7971627303e+03    |    3.8026132875e+03    |
| 0.95500 |    3.0622669245e-07    |    3.7760454375e+03    |    3.7820496498e+03    |
| 0.96000 |    3.0620298113e-07    |    3.7551288824e+03    |    3.7617734761e+03    |
| 0.96500 |    3.0618233126e-07    |    3.7343851737e+03    |    3.7417760056e+03    |
| 0.97000 |    3.0616449756e-07    |    3.7137808902e+03    |    3.7220485191e+03    |
| 0.97500 |    3.0614923930e-07    |    3.6932750576e+03    |    3.7025823775e+03    |
| 0.98000 |    3.0613632094e-07    |    3.6728161746e+03    |    3.6833690536e+03    |
| 0.98500 |    3.0612551286e-07    |    3.6523377604e+03    |    3.6644001602e+03    |
| 0.99000 |    3.0611659205e-07    |    3.6317515440e+03    |    3.6456674747e+03    |
| 0.99500 |    3.0610934298e-07    |    3.6109367720e+03    |    3.6271629629e+03    |
| 1.00000 |    3.0610355835e-07    |    3.5206950504e+03    |    3.6088788032e+03    |
--------------------------------------------------------------------------------------