Число узлов n = 11
--------------------------------------------------------------------------------------
|    x    |          u(z)          |          f(z)          |     f(z) integral      |
--------------------------------------------------------------------------------------
| 0.00000 |    3.9217863223e-07    |    0.0000000000e+00    |    0.0000000000e+00    |
| 0.10000 |    3.8970761816e-07    |    1.2363282139e+03    |    1.1679622024e+03    |
| 0.20000 |    3.8331029887e-07    |    2.3470652585e+03    |    2.3271957399e+03    |
| 0.30000 |    3.7293237243e-07    |    3.4317456728e+03    |    3.4373475608e+03    |
| 0.40000 |    3.5916361425e-07    |    4.3646942161e+03    |    4.4020720325e+03    |
| 0.50000 |    3.4350126799e-07    |    4.9935856616e+03    |    5.0709688660e+03    |
| 0.60000 |    3.2844535150e-07    |    5.1757887797e+03    |    5.2978930192e+03    |
| 0.70000 |    3.1676011550e-07    |    4.8796704847e+03    |    5.0597053524e+03    |
| 0.80000 |    3.0998195297e-07    |    4.2312423772e+03    |    4.5400893014e+03    |
| 0.90000 |    3.0753407888e-07    |    3.4459769821e+03    |    4.0091956949e+03    |
| 1.00000 |    3.0733011271e-07    |   -3.1984327973e+04    |    3.5916360495e+03    |
--------------------------------------------------------------------------------------