Число узлов n = 501
--------------------------------------------------------------------------------------
|    x    |          u(z)          |          f(z)          |     f(z) integral      |
--------------------------------------------------------------------------------------
| 0.00000 |    3.9205353934e-07    |    0.0000000000e+00    |    0.0000000000e+00    |
| 0.00200 |    3.9205255030e-07    |    2.4756741705e+01    |    2.3350285539e+01    |
| 0.00400 |    3.9204998682e-07    |    4.7263175555e+01    |    4.6700598627e+01    |
| 0.00600 |    3.9204576818e-07    |    7.0412616842e+01    |    7.0050966132e+01    |
| 0.00800 |    3.9203988283e-07    |    9.3669297821e+01    |    9.3401414546e+01    |
| 0.01000 |    3.9203232693e-07    |    1.1696505279e+02    |    1.1675197016e+02    |
| 0.01200 |    3.9202309871e-07    |    1.4027967486e+02    |    1.4010265890e+02    |
| 0.01400 |    3.9201219724e-07    |    1.6360494645e+02    |    1.6345350618e+02    |
| 0.01600 |    3.9199962192e-07    |    1.8693688105e+02    |    1.8680453679e+02    |
| 0.01800 |    3.9198537238e-07    |    2.1027331032e+02    |    2.1015577482e+02    |
| 0.02000 |    3.9196944836e-07    |    2.3361295595e+02    |    2.3350724350e+02    |
| 0.02200 |    3.9195184966e-07    |    2.5695501806e+02    |    2.5685896514e+02    |
| 0.02400 |    3.9193257614e-07    |    2.8029897266e+02    |    2.8021096103e+02    |
| 0.02600 |    3.9191162767e-07    |    3.0364446387e+02    |    3.0356325128e+02    |
| 0.02800 |    3.9188900415e-07    |    3.2699124278e+02    |    3.2691585477e+02    |
| 0.03000 |    3.9186470551e-07    |    3.5033913101e+02    |    3.5026878904e+02    |
| 0.03200 |    3.9183873168e-07    |    3.7368799796e+02    |    3.7362207014e+02    |
| 0.03400 |    3.9181108259e-07    |    3.9703774615e+02    |    3.9697571258e+02    |
| 0.03600 |    3.9178175818e-07    |    4.2038830142e+02    |    4.2032972920e+02    |
| 0.03800 |    3.9175075842e-07    |    4.4373960622e+02    |    4.4368413107e+02    |
| 0.04000 |    3.9171808325e-07    |    4.6709161490e+02    |    4.6703892738e+02    |
| 0.04200 |    3.9168373264e-07    |    4.9044429031e+02    |    4.9039412536e+02    |
| 0.04400 |    3.9164770655e-07    |    5.1379760129e+02    |    5.1374973012e+02    |
| 0.04600 |    3.9161000495e-07    |    5.3715152085e+02    |    5.3710574462e+02    |
| 0.04800 |    3.9157062781e-07    |    5.6050602466e+02    |    5.6046216951e+02    |
| 0.05000 |    3.9152957511e-07    |    5.8386109003e+02    |    5.8381900304e+02    |
| 0.05200 |    3.9148684683e-07    |    6.0721669498e+02    |    6.0717624098e+02    |
| 0.05400 |    3.9144244294e-07    |    6.3057281758e+02    |    6.3053387647e+02    |
| 0.05600 |    3.9139636344e-07    |    6.5392943533e+02    |    6.5389189996e+02    |
| 0.05800 |    3.9134860832e-07    |    6.7728652469e+02    |    6.7725029907e+02    |
| 0.06000 |    3.9129917758e-07    |    7.0064406072e+02    |    7.0060905852e+02    |
| 0.06200 |    3.9124807121e-07    |    7.2400201668e+02    |    7.2396816001e+02    |
| 0.06400 |    3.9119528923e-07    |    7.4736036377e+02    |    7.4732758209e+02    |
| 0.06600 |    3.9114083165e-07    |    7.7071907086e+02    |    7.7068730011e+02    |
| 0.06800 |    3.9108469848e-07    |    7.9407810423e+02    |    7.9404728606e+02    |
| 0.07000 |    3.9102688976e-07    |    8.1743742738e+02    |    8.1740750852e+02    |
| 0.07200 |    3.9096740552e-07    |    8.4079700083e+02    |    8.4076793249e+02    |
| 0.07400 |    3.9090624580e-07    |    8.6415678195e+02    |    8.6412851937e+02    |
| 0.07600 |    3.9084341064e-07    |    8.8751672476e+02    |    8.8748922677e+02    |
| 0.07800 |    3.9077890012e-07    |    9.1087677980e+02    |    9.1085000846e+02    |
| 0.08000 |    3.9071271428e-07    |    9.3423689399e+02    |    9.3421081425e+02    |
| 0.08200 |    3.9064485321e-07    |    9.5759701045e+02    |    9.5757158990e+02    |
| 0.08400 |    3.9057531701e-07    |    9.8095706839e+02    |    9.8093227699e+02    |
| 0.08600 |    3.9050410575e-07    |    1.0043170030e+03    |    1.0042928128e+03    |
| 0.08800 |    3.9043121957e-07    |    1.0276767451e+03    |    1.0276531304e+03    |
| 0.09000 |    3.9035665857e-07    |    1.0510362216e+03    |    1.0510131580e+03    |
| 0.09200 |    3.9028042290e-07    |    1.0743953546e+03    |    1.0743728198e+03    |
| 0.09400 |    3.9020251270e-07    |    1.0977540619e+03    |    1.0977320347e+03    |
| 0.09600 |    3.9012292813e-07    |    1.1211122564e+03    |    1.1210907173e+03    |
| 0.09800 |    3.9004166937e-07    |    1.1444698465e+03    |    1.1444487770e+03    |
| 0.10000 |    3.8995873663e-07    |    1.1678267354e+03    |    1.1678061184e+03    |
| 0.10200 |    3.8987413010e-07    |    1.1911828215e+03    |    1.1911626409e+03    |
| 0.10400 |    3.8978785001e-07    |    1.2145379982e+03    |    1.2145182387e+03    |
| 0.10600 |    3.8969989661e-07    |    1.2378921533e+03    |    1.2378728007e+03    |
| 0.10800 |    3.8961027016e-07    |    1.2612451695e+03    |    1.2612262105e+03    |
| 0.11000 |    3.8951897095e-07    |    1.2845969241e+03    |    1.2845783460e+03    |
| 0.11200 |    3.8942599928e-07    |    1.3079472886e+03    |    1.3079290796e+03    |
| 0.11400 |    3.8933135547e-07    |    1.3312961292e+03    |    1.3312782781e+03    |
| 0.11600 |    3.8923503986e-07    |    1.3546433059e+03    |    1.3546258021e+03    |
| 0.11800 |    3.8913705284e-07    |    1.3779886732e+03    |    1.3779715068e+03    |
| 0.12000 |    3.8903739478e-07    |    1.4013320794e+03    |    1.4013152410e+03    |
| 0.12200 |    3.8893606611e-07    |    1.4246733668e+03    |    1.4246568476e+03    |
| 0.12400 |    3.8883306727e-07    |    1.4480123714e+03    |    1.4479961630e+03    |
| 0.12600 |    3.8872839873e-07    |    1.4713489232e+03    |    1.4713330175e+03    |
| 0.12800 |    3.8862206098e-07    |    1.4946828454e+03    |    1.4946672350e+03    |
| 0.13000 |    3.8851405455e-07    |    1.5180139549e+03    |    1.5179986328e+03    |
| 0.13200 |    3.8840437999e-07    |    1.5413420621e+03    |    1.5413270215e+03    |
| 0.13400 |    3.8829303789e-07    |    1.5646669705e+03    |    1.5646522051e+03    |
| 0.13600 |    3.8818002886e-07    |    1.5879884770e+03    |    1.5879739807e+03    |
| 0.13800 |    3.8806535354e-07    |    1.6113063713e+03    |    1.6112921385e+03    |
| 0.14000 |    3.8794901261e-07    |    1.6346204365e+03    |    1.6346064617e+03    |
| 0.14200 |    3.8783100680e-07    |    1.6579304481e+03    |    1.6579167263e+03    |
| 0.14400 |    3.8771133684e-07    |    1.6812361749e+03    |    1.6812227012e+03    |
| 0.14600 |    3.8759000352e-07    |    1.7045373780e+03    |    1.7045241479e+03    |
| 0.14800 |    3.8746700767e-07    |    1.7278338114e+03    |    1.7278208204e+03    |
| 0.15000 |    3.8734235015e-07    |    1.7511252213e+03    |    1.7511124654e+03    |
| 0.15200 |    3.8721603185e-07    |    1.7744113466e+03    |    1.7743988219e+03    |
| 0.15400 |    3.8708805371e-07    |    1.7976919182e+03    |    1.7976796211e+03    |
| 0.15600 |    3.8695841672e-07    |    1.8209666595e+03    |    1.8209545865e+03    |
| 0.15800 |    3.8682712191e-07    |    1.8442352859e+03    |    1.8442234336e+03    |
| 0.16000 |    3.8669417033e-07    |    1.8674975047e+03    |    1.8674858701e+03    |
| 0.16200 |    3.8655956311e-07    |    1.8907530152e+03    |    1.8907415954e+03    |
| 0.16400 |    3.8642330141e-07    |    1.9140015088e+03    |    1.9139903009e+03    |
| 0.16600 |    3.8628538642e-07    |    1.9372426681e+03    |    1.9372316696e+03    |
| 0.16800 |    3.8614581942e-07    |    1.9604761678e+03    |    1.9604653763e+03    |
| 0.17000 |    3.8600460170e-07    |    1.9837016740e+03    |    1.9836910871e+03    |
| 0.17200 |    3.8586173462e-07    |    2.0069188443e+03    |    2.0069084597e+03    |
| 0.17400 |    3.8571721959e-07    |    2.0301273274e+03    |    2.0301171433e+03    |
| 0.17600 |    3.8557105808e-07    |    2.0533267637e+03    |    2.0533167781e+03    |
| 0.17800 |    3.8542325160e-07    |    2.0765167846e+03    |    2.0765069956e+03    |
| 0.18000 |    3.8527380172e-07    |    2.0996970125e+03    |    2.0996874186e+03    |
| 0.18200 |    3.8512271008e-07    |    2.1228670610e+03    |    2.1228576605e+03    |
| 0.18400 |    3.8496997837e-07    |    2.1460265346e+03    |    2.1460173260e+03    |
| 0.18600 |    3.8481560833e-07    |    2.1691750284e+03    |    2.1691660106e+03    |
| 0.18800 |    3.8465960178e-07    |    2.1923121287e+03    |    2.1923033002e+03    |
| 0.19000 |    3.8450196059e-07    |    2.2154374121e+03    |    2.2154287718e+03    |
| 0.19200 |    3.8434268670e-07    |    2.2385504460e+03    |    2.2385419928e+03    |
| 0.19400 |    3.8418178211e-07    |    2.2616507881e+03    |    2.2616425212e+03    |
| 0.19600 |    3.8401924889e-07    |    2.2847379869e+03    |    2.2847299053e+03    |
| 0.19800 |    3.8385508917e-07    |    2.3078115808e+03    |    2.3078036837e+03    |
| 0.20000 |    3.8368930517e-07    |    2.3308710989e+03    |    2.3308633856e+03    |
| 0.20200 |    3.8352189916e-07    |    2.3539160603e+03    |    2.3539085301e+03    |
| 0.20400 |    3.8335287348e-07    |    2.3769459741e+03    |    2.3769386265e+03    |
| 0.20600 |    3.8318223057e-07    |    2.3999603396e+03    |    2.3999531741e+03    |
| 0.20800 |    3.8300997292e-07    |    2.4229586461e+03    |    2.4229516622e+03    |
| 0.21000 |    3.8283610311e-07    |    2.4459403728e+03    |    2.4459335702e+03    |
| 0.21200 |    3.8266062378e-07    |    2.4689049886e+03    |    2.4688983669e+03    |
| 0.21400 |    3.8248353767e-07    |    2.4918519523e+03    |    2.4918455114e+03    |
| 0.21600 |    3.8230484758e-07    |    2.5147807122e+03    |    2.5147744519e+03    |
| 0.21800 |    3.8212455643e-07    |    2.5376907066e+03    |    2.5376846267e+03    |
| 0.22000 |    3.8194266717e-07    |    2.5605813629e+03    |    2.5605754634e+03    |
| 0.22200 |    3.8175918287e-07    |    2.5834520983e+03    |    2.5834463793e+03    |
| 0.22400 |    3.8157410668e-07    |    2.6063023194e+03    |    2.6062967809e+03    |
| 0.22600 |    3.8138744184e-07    |    2.6291314221e+03    |    2.6291260642e+03    |
| 0.22800 |    3.8119919168e-07    |    2.6519387917e+03    |    2.6519336145e+03    |
| 0.23000 |    3.8100935960e-07    |    2.6747238026e+03    |    2.6747188064e+03    |
| 0.23200 |    3.8081794912e-07    |    2.6974858186e+03    |    2.6974810036e+03    |
| 0.23400 |    3.8062496385e-07    |    2.7202241926e+03    |    2.7202195591e+03    |
| 0.23600 |    3.8043040748e-07    |    2.7429382665e+03    |    2.7429338148e+03    |
| 0.23800 |    3.8023428380e-07    |    2.7656273712e+03    |    2.7656231018e+03    |
| 0.24000 |    3.8003659671e-07    |    2.7882908270e+03    |    2.7882867402e+03    |
| 0.24200 |    3.7983735021e-07    |    2.8109279426e+03    |    2.8109240390e+03    |
| 0.24400 |    3.7963654839e-07    |    2.8335380160e+03    |    2.8335342961e+03    |
| 0.24600 |    3.7943419544e-07    |    2.8561203339e+03    |    2.8561167983e+03    |
| 0.24800 |    3.7923029566e-07    |    2.8786741719e+03    |    2.8786708212e+03    |
| 0.25000 |    3.7902485347e-07    |    2.9011987944e+03    |    2.9011956292e+03    |
| 0.25200 |    3.7881787339e-07    |    2.9236934545e+03    |    2.9236904754e+03    |
| 0.25400 |    3.7860936002e-07    |    2.9461573941e+03    |    2.9461546018e+03    |
| 0.25600 |    3.7839931812e-07    |    2.9685898436e+03    |    2.9685872390e+03    |
| 0.25800 |    3.7818775252e-07    |    2.9909900224e+03    |    2.9909876061e+03    |
| 0.26000 |    3.7797466818e-07    |    3.0133571382e+03    |    3.0133549111e+03    |
| 0.26200 |    3.7776007019e-07    |    3.0356903876e+03    |    3.0356883504e+03    |
| 0.26400 |    3.7754396372e-07    |    3.0579889555e+03    |    3.0579871092e+03    |
| 0.26600 |    3.7732635410e-07    |    3.0802520156e+03    |    3.0802503611e+03    |
| 0.26800 |    3.7710724674e-07    |    3.1024787301e+03    |    3.1024772683e+03    |
| 0.27000 |    3.7688664720e-07    |    3.1246682498e+03    |    3.1246669816e+03    |
| 0.27200 |    3.7666456114e-07    |    3.1468197139e+03    |    3.1468186403e+03    |
| 0.27400 |    3.7644099437e-07    |    3.1689322502e+03    |    3.1689313722e+03    |
| 0.27600 |    3.7621595281e-07    |    3.1910049751e+03    |    3.1910042938e+03    |
| 0.27800 |    3.7598944249e-07    |    3.2130369934e+03    |    3.2130365098e+03    |
| 0.28000 |    3.7576146960e-07    |    3.2350273985e+03    |    3.2350271137e+03    |
| 0.28200 |    3.7553204045e-07    |    3.2569752723e+03    |    3.2569751874e+03    |
| 0.28400 |    3.7530116146e-07    |    3.2788796853e+03    |    3.2788798014e+03    |
| 0.28600 |    3.7506883921e-07    |    3.3007396965e+03    |    3.3007400147e+03    |
| 0.28800 |    3.7483508040e-07    |    3.3225543534e+03    |    3.3225548750e+03    |
| 0.29000 |    3.7459989187e-07    |    3.3443226922e+03    |    3.3443234183e+03    |
| 0.29200 |    3.7436328060e-07    |    3.3660437375e+03    |    3.3660446694e+03    |
| 0.29400 |    3.7412525369e-07    |    3.3877165029e+03    |    3.3877176417e+03    |
| 0.29600 |    3.7388581840e-07    |    3.4093399902e+03    |    3.4093413372e+03    |
| 0.29800 |    3.7364498213e-07    |    3.4309131902e+03    |    3.4309147467e+03    |
| 0.30000 |    3.7340275240e-07    |    3.4524350823e+03    |    3.4524368495e+03    |
| 0.30200 |    3.7315913691e-07    |    3.4739046347e+03    |    3.4739066139e+03    |
| 0.30400 |    3.7291414347e-07    |    3.4953208043e+03    |    3.4953229969e+03    |
| 0.30600 |    3.7266778006e-07    |    3.5166825369e+03    |    3.5166849442e+03    |
| 0.30800 |    3.7242005479e-07    |    3.5379887672e+03    |    3.5379913905e+03    |
| 0.31000 |    3.7217097592e-07    |    3.5592384189e+03    |    3.5592412596e+03    |
| 0.31200 |    3.7192055189e-07    |    3.5804304046e+03    |    3.5804334641e+03    |
| 0.31400 |    3.7166879126e-07    |    3.6015636261e+03    |    3.6015669057e+03    |
| 0.31600 |    3.7141570274e-07    |    3.6226369740e+03    |    3.6226404752e+03    |
| 0.31800 |    3.7116129521e-07    |    3.6436493286e+03    |    3.6436530527e+03    |
| 0.32000 |    3.7090557770e-07    |    3.6645995590e+03    |    3.6646035075e+03    |
| 0.32200 |    3.7064855940e-07    |    3.6854865240e+03    |    3.6854906983e+03    |
| 0.32400 |    3.7039024965e-07    |    3.7063090716e+03    |    3.7063134731e+03    |
| 0.32600 |    3.7013065794e-07    |    3.7270660394e+03    |    3.7270706697e+03    |
| 0.32800 |    3.6986979395e-07    |    3.7477562546e+03    |    3.7477611151e+03    |
| 0.33000 |    3.6960766749e-07    |    3.7683785342e+03    |    3.7683836263e+03    |
| 0.33200 |    3.6934428853e-07    |    3.7889316849e+03    |    3.7889370102e+03    |
| 0.33400 |    3.6907966724e-07    |    3.8094145033e+03    |    3.8094200632e+03    |
| 0.33600 |    3.6881381390e-07    |    3.8298257760e+03    |    3.8298315720e+03    |
| 0.33800 |    3.6854673900e-07    |    3.8501642799e+03    |    3.8501703135e+03    |
| 0.34000 |    3.6827845317e-07    |    3.8704287819e+03    |    3.8704350547e+03    |
| 0.34200 |    3.6800896722e-07    |    3.8906180395e+03    |    3.8906245529e+03    |
| 0.34400 |    3.6773829211e-07    |    3.9107308006e+03    |    3.9107375562e+03    |
| 0.34600 |    3.6746643898e-07    |    3.9307658038e+03    |    3.9307728030e+03    |
| 0.34800 |    3.6719341913e-07    |    3.9507217783e+03    |    3.9507290227e+03    |
| 0.35000 |    3.6691924405e-07    |    3.9705974444e+03    |    3.9706049356e+03    |
| 0.35200 |    3.6664392538e-07    |    3.9903915134e+03    |    3.9903992529e+03    |
| 0.35400 |    3.6636747493e-07    |    4.0101026879e+03    |    4.0101106772e+03    |
| 0.35600 |    3.6608990468e-07    |    4.0297296618e+03    |    4.0297379025e+03    |
| 0.35800 |    3.6581122681e-07    |    4.0492711205e+03    |    4.0492796141e+03    |
| 0.36000 |    3.6553145364e-07    |    4.0687257412e+03    |    4.0687344892e+03    |
| 0.36200 |    3.6525059767e-07    |    4.0880921930e+03    |    4.0881011970e+03    |
| 0.36400 |    3.6496867158e-07    |    4.1073691370e+03    |    4.1073783985e+03    |
| 0.36600 |    3.6468568822e-07    |    4.1265552267e+03    |    4.1265647472e+03    |
| 0.36800 |    3.6440166063e-07    |    4.1456491078e+03    |    4.1456588890e+03    |
| 0.37000 |    3.6411660199e-07    |    4.1646494188e+03    |    4.1646594622e+03    |
| 0.37200 |    3.6383052568e-07    |    4.1835547912e+03    |    4.1835650982e+03    |
| 0.37400 |    3.6354344526e-07    |    4.2023638492e+03    |    4.2023744215e+03    |
| 0.37600 |    3.6325537445e-07    |    4.2210752106e+03    |    4.2210860496e+03    |
| 0.37800 |    3.6296632715e-07    |    4.2396874865e+03    |    4.2396985939e+03    |
| 0.38000 |    3.6267631744e-07    |    4.2581992819e+03    |    4.2582106590e+03    |
| 0.38200 |    3.6238535957e-07    |    4.2766091955e+03    |    4.2766208439e+03    |
| 0.38400 |    3.6209346796e-07    |    4.2949158203e+03    |    4.2949277416e+03    |
| 0.38600 |    3.6180065723e-07    |    4.3131177438e+03    |    4.3131299395e+03    |
| 0.38800 |    3.6150694215e-07    |    4.3312135482e+03    |    4.3312260197e+03    |
| 0.39000 |    3.6121233768e-07    |    4.3492018104e+03    |    4.3492145593e+03    |
| 0.39200 |    3.6091685895e-07    |    4.3670811027e+03    |    4.3670941306e+03    |
| 0.39400 |    3.6062052126e-07    |    4.3848499929e+03    |    4.3848633011e+03    |
| 0.39600 |    3.6032334009e-07    |    4.4025070444e+03    |    4.4025206345e+03    |
| 0.39800 |    3.6002533110e-07    |    4.4200508166e+03    |    4.4200646900e+03    |
| 0.40000 |    3.5972651012e-07    |    4.4374798654e+03    |    4.4374940236e+03    |
| 0.40200 |    3.5942689315e-07    |    4.4547927431e+03    |    4.4548071875e+03    |
| 0.40400 |    3.5912649637e-07    |    4.4719879989e+03    |    4.4720027310e+03    |
| 0.40600 |    3.5882533611e-07    |    4.4890641793e+03    |    4.4890792005e+03    |
| 0.40800 |    3.5852342891e-07    |    4.5060198282e+03    |    4.5060351400e+03    |
| 0.41000 |    3.5822079145e-07    |    4.5228534874e+03    |    4.5228690912e+03    |
| 0.41200 |    3.5791744059e-07    |    4.5395636967e+03    |    4.5395795940e+03    |
| 0.41400 |    3.5761339336e-07    |    4.5561489947e+03    |    4.5561651867e+03    |
| 0.41600 |    3.5730866697e-07    |    4.5726079184e+03    |    4.5726244066e+03    |
| 0.41800 |    3.5700327877e-07    |    4.5889390041e+03    |    4.5889557900e+03    |
| 0.42000 |    3.5669724630e-07    |    4.6051407878e+03    |    4.6051578726e+03    |
| 0.42200 |    3.5639058726e-07    |    4.6212118050e+03    |    4.6212291901e+03    |
| 0.42400 |    3.5608331951e-07    |    4.6371505916e+03    |    4.6371682783e+03    |
| 0.42600 |    3.5577546108e-07    |    4.6529556841e+03    |    4.6529736738e+03    |
| 0.42800 |    3.5546703015e-07    |    4.6686256198e+03    |    4.6686439137e+03    |
| 0.43000 |    3.5515804507e-07    |    4.6841589374e+03    |    4.6841775369e+03    |
| 0.43200 |    3.5484852435e-07    |    4.6995541773e+03    |    4.6995730837e+03    |
| 0.43400 |    3.5453848665e-07    |    4.7148098820e+03    |    4.7148290966e+03    |
| 0.43600 |    3.5422795079e-07    |    4.7299245965e+03    |    4.7299441205e+03    |
| 0.43800 |    3.5391693574e-07    |    4.7448968686e+03    |    4.7449167033e+03    |
| 0.44000 |    3.5360546064e-07    |    4.7597252495e+03    |    4.7597453960e+03    |
| 0.44200 |    3.5329354476e-07    |    4.7744082940e+03    |    4.7744287537e+03    |
| 0.44400 |    3.5298120752e-07    |    4.7889445612e+03    |    4.7889653352e+03    |
| 0.44600 |    3.5266846849e-07    |    4.8033326145e+03    |    4.8033537040e+03    |
| 0.44800 |    3.5235534741e-07    |    4.8175710225e+03    |    4.8175924287e+03    |
| 0.45000 |    3.5204186412e-07    |    4.8316583592e+03    |    4.8316800833e+03    |
| 0.45200 |    3.5172803862e-07    |    4.8455932043e+03    |    4.8456152474e+03    |
| 0.45400 |    3.5141389107e-07    |    4.8593741440e+03    |    4.8593965072e+03    |
| 0.45600 |    3.5109944172e-07    |    4.8729997711e+03    |    4.8730224556e+03    |
| 0.45800 |    3.5078471100e-07    |    4.8864686858e+03    |    4.8864916926e+03    |
| 0.46000 |    3.5046971944e-07    |    4.8997794958e+03    |    4.8998028260e+03    |
| 0.46200 |    3.5015448772e-07    |    4.9129308170e+03    |    4.9129544718e+03    |
| 0.46400 |    3.4983903662e-07    |    4.9259212741e+03    |    4.9259452544e+03    |
| 0.46600 |    3.4952338707e-07    |    4.9387495007e+03    |    4.9387738075e+03    |
| 0.46800 |    3.4920756011e-07    |    4.9514141400e+03    |    4.9514387745e+03    |
| 0.47000 |    3.4889157690e-07    |    4.9639138453e+03    |    4.9639388084e+03    |
| 0.47200 |    3.4857545870e-07    |    4.9762472807e+03    |    4.9762725734e+03    |
| 0.47400 |    3.4825922691e-07    |    4.9884131210e+03    |    4.9884387443e+03    |
| 0.47600 |    3.4794290302e-07    |    5.0004100528e+03    |    5.0004360077e+03    |
| 0.47800 |    3.4762650862e-07    |    5.0122367748e+03    |    5.0122630622e+03    |
| 0.48000 |    3.4731006542e-07    |    5.0238919982e+03    |    5.0239186189e+03    |
| 0.48200 |    3.4699359522e-07    |    5.0353744472e+03    |    5.0354014023e+03    |
| 0.48400 |    3.4667711991e-07    |    5.0466828599e+03    |    5.0467101502e+03    |
| 0.48600 |    3.4636066150e-07    |    5.0578159883e+03    |    5.0578436148e+03    |
| 0.48800 |    3.4604424204e-07    |    5.0687725993e+03    |    5.0688005628e+03    |
| 0.49000 |    3.4572788372e-07    |    5.0795514749e+03    |    5.0795797762e+03    |
| 0.49200 |    3.4541160878e-07    |    5.0901514127e+03    |    5.0901800528e+03    |
| 0.49400 |    3.4509543953e-07    |    5.1005712268e+03    |    5.1006002064e+03    |
| 0.49600 |    3.4477939838e-07    |    5.1108097479e+03    |    5.1108390679e+03    |
| 0.49800 |    3.4446350779e-07    |    5.1208658244e+03    |    5.1208954856e+03    |
| 0.50000 |    3.4414779031e-07    |    5.1307383222e+03    |    5.1307683254e+03    |
| 0.50200 |    3.4383226853e-07    |    5.1404261260e+03    |    5.1404564719e+03    |
| 0.50400 |    3.4351696510e-07    |    5.1499281392e+03    |    5.1499588287e+03    |
| 0.50600 |    3.4320190273e-07    |    5.1592432850e+03    |    5.1592743189e+03    |
| 0.50800 |    3.4288710418e-07    |    5.1683705066e+03    |    5.1684018855e+03    |
| 0.51000 |    3.4257259227e-07    |    5.1773087678e+03    |    5.1773404926e+03    |
| 0.51200 |    3.4225838982e-07    |    5.1860570538e+03    |    5.1860891252e+03    |
| 0.51400 |    3.4194451974e-07    |    5.1946143715e+03    |    5.1946467902e+03    |
| 0.51600 |    3.4163100493e-07    |    5.2029797500e+03    |    5.2030125168e+03    |
| 0.51800 |    3.4131786834e-07    |    5.2111522415e+03    |    5.2111853570e+03    |
| 0.52000 |    3.4100513293e-07    |    5.2191309215e+03    |    5.2191643865e+03    |
| 0.52200 |    3.4069282169e-07    |    5.2269148896e+03    |    5.2269487049e+03    |
| 0.52400 |    3.4038095762e-07    |    5.2345032700e+03    |    5.2345374363e+03    |
| 0.52600 |    3.4006956373e-07    |    5.2418952120e+03    |    5.2419297300e+03    |
| 0.52800 |    3.3975866303e-07    |    5.2490898906e+03    |    5.2491247610e+03    |
| 0.53000 |    3.3944827853e-07    |    5.2560865070e+03    |    5.2561217305e+03    |
| 0.53200 |    3.3913843325e-07    |    5.2628842894e+03    |    5.2629198667e+03    |
| 0.53400 |    3.3882915016e-07    |    5.2694824931e+03    |    5.2695184249e+03    |
| 0.53600 |    3.3852045226e-07    |    5.2758804014e+03    |    5.2759166886e+03    |
| 0.53800 |    3.3821236251e-07    |    5.2820773262e+03    |    5.2821139694e+03    |
| 0.54000 |    3.3790490383e-07    |    5.2880726084e+03    |    5.2881096084e+03    |
| 0.54200 |    3.3759809914e-07    |    5.2938656183e+03    |    5.2939029758e+03    |
| 0.54400 |    3.3729197129e-07    |    5.2994557564e+03    |    5.2994934722e+03    |
| 0.54600 |    3.3698654311e-07    |    5.3048424539e+03    |    5.3048805287e+03    |
| 0.54800 |    3.3668183738e-07    |    5.3100251730e+03    |    5.3100636077e+03    |
| 0.55000 |    3.3637787682e-07    |    5.3150034080e+03    |    5.3150422033e+03    |
| 0.55200 |    3.3607468411e-07    |    5.3197766850e+03    |    5.3198158418e+03    |
| 0.55400 |    3.3577228184e-07    |    5.3243445631e+03    |    5.3243840822e+03    |
| 0.55600 |    3.3547069256e-07    |    5.3287066346e+03    |    5.3287465169e+03    |
| 0.55800 |    3.3516993872e-07    |    5.3328625257e+03    |    5.3329027720e+03    |
| 0.56000 |    3.3487004271e-07    |    5.3368118967e+03    |    5.3368525080e+03    |
| 0.56200 |    3.3457102682e-07    |    5.3405544429e+03    |    5.3405954201e+03    |
| 0.56400 |    3.3427291327e-07    |    5.3440898947e+03    |    5.3441312388e+03    |
| 0.56600 |    3.3397572417e-07    |    5.3474180185e+03    |    5.3474597305e+03    |
| 0.56800 |    3.3367948152e-07    |    5.3505386167e+03    |    5.3505806976e+03    |
| 0.57000 |    3.3338420722e-07    |    5.3534515287e+03    |    5.3534939795e+03    |
| 0.57200 |    3.3308992308e-07    |    5.3561566307e+03    |    5.3561994525e+03    |
| 0.57400 |    3.3279665075e-07    |    5.3586538369e+03    |    5.3586970309e+03    |
| 0.57600 |    3.3250441178e-07    |    5.3609430994e+03    |    5.3609866668e+03    |
| 0.57800 |    3.3221322760e-07    |    5.3630244088e+03    |    5.3630683508e+03    |
| 0.58000 |    3.3192311949e-07    |    5.3648977947e+03    |    5.3649421127e+03    |
| 0.58200 |    3.3163410858e-07    |    5.3665633261e+03    |    5.3666080212e+03    |
| 0.58400 |    3.3134621587e-07    |    5.3680211115e+03    |    5.3680661853e+03    |
| 0.58600 |    3.3105946221e-07    |    5.3692712999e+03    |    5.3693167537e+03    |
| 0.58800 |    3.3077386828e-07    |    5.3703140804e+03    |    5.3703599158e+03    |
| 0.59000 |    3.3048945460e-07    |    5.3711496835e+03    |    5.3711959020e+03    |
| 0.59200 |    3.3020624152e-07    |    5.3717783804e+03    |    5.3718249837e+03    |
| 0.59400 |    3.2992424922e-07    |    5.3722004843e+03    |    5.3722474740e+03    |
| 0.59600 |    3.2964349771e-07    |    5.3724163501e+03    |    5.3724637281e+03    |
| 0.59800 |    3.2936400679e-07    |    5.3724263750e+03    |    5.3724741431e+03    |
| 0.60000 |    3.2908579609e-07    |    5.3722309987e+03    |    5.3722791588e+03    |
| 0.60200 |    3.2880888503e-07    |    5.3718307036e+03    |    5.3718792578e+03    |
| 0.60400 |    3.2853329284e-07    |    5.3712260155e+03    |    5.3712749658e+03    |
| 0.60600 |    3.2825903854e-07    |    5.3704175031e+03    |    5.3704668517e+03    |
| 0.60800 |    3.2798614093e-07    |    5.3694057789e+03    |    5.3694555282e+03    |
| 0.61000 |    3.2771461861e-07    |    5.3681914993e+03    |    5.3682416516e+03    |
| 0.61200 |    3.2744448993e-07    |    5.3667753644e+03    |    5.3668259223e+03    |
| 0.61400 |    3.2717577303e-07    |    5.3651581187e+03    |    5.3652090847e+03    |
| 0.61600 |    3.2690848582e-07    |    5.3633405509e+03    |    5.3633919278e+03    |
| 0.61800 |    3.2664264597e-07    |    5.3613234943e+03    |    5.3613752849e+03    |
| 0.62000 |    3.2637827089e-07    |    5.3591078267e+03    |    5.3591600339e+03    |
| 0.62200 |    3.2611537777e-07    |    5.3566944706e+03    |    5.3567470976e+03    |
| 0.62400 |    3.2585398353e-07    |    5.3540843935e+03    |    5.3541374435e+03    |
| 0.62600 |    3.2559410484e-07    |    5.3512786077e+03    |    5.3513320839e+03    |
| 0.62800 |    3.2533575809e-07    |    5.3482781702e+03    |    5.3483320763e+03    |
| 0.63000 |    3.2507895943e-07    |    5.3450841833e+03    |    5.3451385228e+03    |
| 0.63200 |    3.2482372471e-07    |    5.3416977941e+03    |    5.3417525708e+03    |
| 0.63400 |    3.2457006954e-07    |    5.3381201945e+03    |    5.3381754124e+03    |
| 0.63600 |    3.2431800921e-07    |    5.3343526215e+03    |    5.3344082847e+03    |
| 0.63800 |    3.2406755876e-07    |    5.3303963569e+03    |    5.3304524696e+03    |
| 0.64000 |    3.2381873292e-07    |    5.3262527271e+03    |    5.3263092939e+03    |
| 0.64200 |    3.2357154613e-07    |    5.3219231033e+03    |    5.3219801288e+03    |
| 0.64400 |    3.2332601255e-07    |    5.3174089012e+03    |    5.3174663901e+03    |
| 0.64600 |    3.2308214601e-07    |    5.3127115807e+03    |    5.3127695381e+03    |
| 0.64800 |    3.2283996006e-07    |    5.3078326459e+03    |    5.3078910770e+03    |
| 0.65000 |    3.2259946794e-07    |    5.3027736449e+03    |    5.3028325550e+03    |
| 0.65200 |    3.2236068256e-07    |    5.2975361694e+03    |    5.2975955643e+03    |
| 0.65400 |    3.2212361654e-07    |    5.2921218546e+03    |    5.2921817401e+03    |
| 0.65600 |    3.2188828216e-07    |    5.2865323790e+03    |    5.2865927610e+03    |
| 0.65800 |    3.2165469139e-07    |    5.2807694635e+03    |    5.2808303485e+03    |
| 0.66000 |    3.2142285587e-07    |    5.2748348720e+03    |    5.2748962665e+03    |
| 0.66200 |    3.2119278693e-07    |    5.2687304102e+03    |    5.2687923209e+03    |
| 0.66400 |    3.2096449553e-07    |    5.2624579255e+03    |    5.2625203595e+03    |
| 0.66600 |    3.2073799234e-07    |    5.2560193068e+03    |    5.2560822714e+03    |
| 0.66800 |    3.2051328767e-07    |    5.2494164836e+03    |    5.2494799863e+03    |
| 0.67000 |    3.2029039149e-07    |    5.2426514260e+03    |    5.2427154747e+03    |
| 0.67200 |    3.2006931345e-07    |    5.2357261436e+03    |    5.2357907464e+03    |
| 0.67400 |    3.1985006283e-07    |    5.2286426857e+03    |    5.2287078510e+03    |
| 0.67600 |    3.1963264859e-07    |    5.2214031399e+03    |    5.2214688765e+03    |
| 0.67800 |    3.1941707933e-07    |    5.2140096322e+03    |    5.2140759491e+03    |
| 0.68000 |    3.1920336330e-07    |    5.2064643261e+03    |    5.2065312327e+03    |
| 0.68200 |    3.1899150840e-07    |    5.1987694218e+03    |    5.1988369277e+03    |
| 0.68400 |    3.1878152219e-07    |    5.1909271557e+03    |    5.1909952710e+03    |
| 0.68600 |    3.1857341186e-07    |    5.1829397996e+03    |    5.1830085346e+03    |
| 0.68800 |    3.1836718427e-07    |    5.1748096601e+03    |    5.1748790255e+03    |
| 0.69000 |    3.1816284589e-07    |    5.1665390775e+03    |    5.1666090844e+03    |
| 0.69200 |    3.1796040285e-07    |    5.1581304253e+03    |    5.1582010852e+03    |
| 0.69400 |    3.1775986095e-07    |    5.1495861094e+03    |    5.1496574341e+03    |
| 0.69600 |    3.1756122558e-07    |    5.1409085668e+03    |    5.1409805686e+03    |
| 0.69800 |    3.1736450182e-07    |    5.1321002653e+03    |    5.1321729568e+03    |
| 0.70000 |    3.1716969437e-07    |    5.1231637020e+03    |    5.1232370963e+03    |
| 0.70200 |    3.1697680756e-07    |    5.1141014028e+03    |    5.1141755135e+03    |
| 0.70400 |    3.1678584538e-07    |    5.1049159212e+03    |    5.1049907621e+03    |
| 0.70600 |    3.1659681146e-07    |    5.0956098374e+03    |    5.0956854230e+03    |
| 0.70800 |    3.1640970906e-07    |    5.0861857569e+03    |    5.0862621021e+03    |
| 0.71000 |    3.1622454110e-07    |    5.0766463101e+03    |    5.0767234302e+03    |
| 0.71200 |    3.1604131012e-07    |    5.0669941507e+03    |    5.0670720614e+03    |
| 0.71400 |    3.1586001832e-07    |    5.0572319545e+03    |    5.0573106723e+03    |
| 0.71600 |    3.1568066754e-07    |    5.0473624187e+03    |    5.0474419604e+03    |
| 0.71800 |    3.1550325927e-07    |    5.0373882603e+03    |    5.0374686433e+03    |
| 0.72000 |    3.1532779464e-07    |    5.0273122154e+03    |    5.0273934576e+03    |
| 0.72200 |    3.1515427442e-07    |    5.0171370372e+03    |    5.0172191572e+03    |
| 0.72400 |    3.1498269906e-07    |    5.0068654955e+03    |    5.0069485123e+03    |
| 0.72600 |    3.1481306861e-07    |    4.9965003752e+03    |    4.9965843084e+03    |
| 0.72800 |    3.1464538283e-07    |    4.9860444747e+03    |    4.9861293446e+03    |
| 0.73000 |    3.1447964108e-07    |    4.9755006048e+03    |    4.9755864324e+03    |
| 0.73200 |    3.1431584243e-07    |    4.9648715877e+03    |    4.9649583944e+03    |
| 0.73400 |    3.1415398555e-07    |    4.9541602549e+03    |    4.9542480629e+03    |
| 0.73600 |    3.1399406883e-07    |    4.9433694464e+03    |    4.9434582785e+03    |
| 0.73800 |    3.1383609028e-07    |    4.9325020092e+03    |    4.9325918890e+03    |
| 0.74000 |    3.1368004758e-07    |    4.9215607956e+03    |    4.9216517473e+03    |
| 0.74200 |    3.1352593811e-07    |    4.9105486621e+03    |    4.9106407107e+03    |
| 0.74400 |    3.1337375888e-07    |    4.8994684678e+03    |    4.8995616390e+03    |
| 0.74600 |    3.1322350660e-07    |    4.8883230728e+03    |    4.8884173931e+03    |
| 0.74800 |    3.1307517765e-07    |    4.8771153369e+03    |    4.8772108336e+03    |
| 0.75000 |    3.1292876808e-07    |    4.8658481180e+03    |    4.8659448192e+03    |
| 0.75200 |    3.1278427363e-07    |    4.8545242709e+03    |    4.8546222055e+03    |
| 0.75400 |    3.1264168974e-07    |    4.8431466451e+03    |    4.8432458428e+03    |
| 0.75600 |    3.1250101152e-07    |    4.8317180839e+03    |    4.8318185755e+03    |
| 0.75800 |    3.1236223377e-07    |    4.8202414227e+03    |    4.8203432397e+03    |
| 0.76000 |    3.1222535101e-07    |    4.8087194873e+03    |    4.8088226621e+03    |
| 0.76200 |    3.1209035743e-07    |    4.7971550924e+03    |    4.7972596585e+03    |
| 0.76400 |    3.1195724695e-07    |    4.7855510402e+03    |    4.7856570321e+03    |
| 0.76600 |    3.1182601318e-07    |    4.7739101187e+03    |    4.7740175718e+03    |
| 0.76800 |    3.1169664945e-07    |    4.7622351003e+03    |    4.7623440511e+03    |
| 0.77000 |    3.1156914881e-07    |    4.7505287399e+03    |    4.7506392259e+03    |
| 0.77200 |    3.1144350402e-07    |    4.7387937737e+03    |    4.7389058337e+03    |
| 0.77400 |    3.1131970756e-07    |    4.7270329178e+03    |    4.7271465915e+03    |
| 0.77600 |    3.1119775164e-07    |    4.7152488659e+03    |    4.7153641943e+03    |
| 0.77800 |    3.1107762823e-07    |    4.7034442887e+03    |    4.7035613140e+03    |
| 0.78000 |    3.1095932898e-07    |    4.6916218317e+03    |    4.6917405974e+03    |
| 0.78200 |    3.1084284534e-07    |    4.6797841142e+03    |    4.6799046649e+03    |
| 0.78400 |    3.1072816845e-07    |    4.6679337272e+03    |    4.6680561090e+03    |
| 0.78600 |    3.1061528925e-07    |    4.6560732325e+03    |    4.6561974929e+03    |
| 0.78800 |    3.1050419840e-07    |    4.6442051611e+03    |    4.6443313488e+03    |
| 0.79000 |    3.1039488632e-07    |    4.6323320115e+03    |    4.6324601768e+03    |
| 0.79200 |    3.1028734321e-07    |    4.6204562485e+03    |    4.6205864432e+03    |
| 0.79400 |    3.1018155903e-07    |    4.6085803017e+03    |    4.6087125793e+03    |
| 0.79600 |    3.1007752349e-07    |    4.5967065644e+03    |    4.5968409797e+03    |
| 0.79800 |    3.0997522610e-07    |    4.5848373918e+03    |    4.5849740015e+03    |
| 0.80000 |    3.0987465615e-07    |    4.5729751001e+03    |    4.5731139626e+03    |
| 0.80200 |    3.0977580271e-07    |    4.5611219651e+03    |    4.5612631405e+03    |
| 0.80400 |    3.0967865463e-07    |    4.5492802207e+03    |    4.5494237710e+03    |
| 0.80600 |    3.0958320056e-07    |    4.5374520582e+03    |    4.5375980473e+03    |
| 0.80800 |    3.0948942895e-07    |    4.5256396247e+03    |    4.5257881185e+03    |
| 0.81000 |    3.0939732806e-07    |    4.5138450221e+03    |    4.5139960886e+03    |
| 0.81200 |    3.0930688594e-07    |    4.5020703060e+03    |    4.5022240153e+03    |
| 0.81400 |    3.0921809047e-07    |    4.4903174848e+03    |    4.4904739092e+03    |
| 0.81600 |    3.0913092933e-07    |    4.4785885186e+03    |    4.4787477327e+03    |
| 0.81800 |    3.0904539002e-07    |    4.4668853181e+03    |    4.4670473989e+03    |
| 0.82000 |    3.0896145990e-07    |    4.4552097441e+03    |    4.4553747711e+03    |
| 0.82200 |    3.0887912610e-07    |    4.4435636061e+03    |    4.4437316615e+03    |
| 0.82400 |    3.0879837563e-07    |    4.4319486621e+03    |    4.4321198306e+03    |
| 0.82600 |    3.0871919532e-07    |    4.4203666175e+03    |    4.4205409866e+03    |
| 0.82800 |    3.0864157185e-07    |    4.4088191243e+03    |    4.4089967846e+03    |
| 0.83000 |    3.0856549173e-07    |    4.3973077811e+03    |    4.3974888260e+03    |
| 0.83200 |    3.0849094133e-07    |    4.3858341317e+03    |    4.3860186581e+03    |
| 0.83400 |    3.0841790689e-07    |    4.3743996654e+03    |    4.3745877733e+03    |
| 0.83600 |    3.0834637447e-07    |    4.3630058161e+03    |    4.3631976089e+03    |
| 0.83800 |    3.0827633003e-07    |    4.3516539619e+03    |    4.3518495467e+03    |
| 0.84000 |    3.0820775939e-07    |    4.3403454251e+03    |    4.3405449127e+03    |
| 0.84200 |    3.0814064821e-07    |    4.3290814718e+03    |    4.3292849770e+03    |
| 0.84400 |    3.0807498205e-07    |    4.3178633116e+03    |    4.3180709533e+03    |
| 0.84600 |    3.0801074636e-07    |    4.3066920978e+03    |    4.3069039993e+03    |
| 0.84800 |    3.0794792643e-07    |    4.2955689273e+03    |    4.2957852162e+03    |
| 0.85000 |    3.0788650747e-07    |    4.2844948402e+03    |    4.2847156490e+03    |
| 0.85200 |    3.0782647458e-07    |    4.2734708207e+03    |    4.2736962868e+03    |
| 0.85400 |    3.0776781272e-07    |    4.2624977965e+03    |    4.2627280625e+03    |
| 0.85600 |    3.0771050678e-07    |    4.2515766396e+03    |    4.2518118536e+03    |
| 0.85800 |    3.0765454152e-07    |    4.2407081664e+03    |    4.2409484821e+03    |
| 0.86000 |    3.0759990163e-07    |    4.2298931379e+03    |    4.2301387152e+03    |
| 0.86200 |    3.0754657170e-07    |    4.2191322608e+03    |    4.2193832657e+03    |
| 0.86400 |    3.0749453620e-07    |    4.2084261871e+03    |    4.2086827925e+03    |
| 0.86600 |    3.0744377955e-07    |    4.1977755155e+03    |    4.1980379011e+03    |
| 0.86800 |    3.0739428608e-07    |    4.1871807916e+03    |    4.1874491447e+03    |
| 0.87000 |    3.0734604001e-07    |    4.1766425089e+03    |    4.1769170243e+03    |
| 0.87200 |    3.0729902552e-07    |    4.1661611093e+03    |    4.1664419902e+03    |
| 0.87400 |    3.0725322668e-07    |    4.1557369843e+03    |    4.1560244424e+03    |
| 0.87600 |    3.0720862752e-07    |    4.1453704754e+03    |    4.1456647316e+03    |
| 0.87800 |    3.0716521199e-07    |    4.1350618757e+03    |    4.1353631606e+03    |
| 0.88000 |    3.0712296396e-07    |    4.1248114303e+03    |    4.1251199846e+03    |
| 0.88200 |    3.0708186726e-07    |    4.1146193379e+03    |    4.1149354130e+03    |
| 0.88400 |    3.0704190565e-07    |    4.1044857514e+03    |    4.1048096102e+03    |
| 0.88600 |    3.0700306283e-07    |    4.0944107795e+03    |    4.0947426970e+03    |
| 0.88800 |    3.0696532244e-07    |    4.0843944876e+03    |    4.0847347516e+03    |
| 0.89000 |    3.0692866810e-07    |    4.0744368994e+03    |    4.0747858112e+03    |
| 0.89200 |    3.0689308336e-07    |    4.0645379976e+03    |    4.0648958730e+03    |
| 0.89400 |    3.0685855171e-07    |    4.0546977257e+03    |    4.0550648957e+03    |
| 0.89600 |    3.0682505663e-07    |    4.0449159891e+03    |    4.0452928010e+03    |
| 0.89800 |    3.0679258155e-07    |    4.0351926566e+03    |    4.0355794750e+03    |
| 0.90000 |    3.0676110986e-07    |    4.0255275616e+03    |    4.0259247695e+03    |
| 0.90200 |    3.0673062492e-07    |    4.0159205035e+03    |    4.0163285035e+03    |
| 0.90400 |    3.0670111007e-07    |    4.0063712490e+03    |    4.0067904646e+03    |
| 0.90600 |    3.0667254859e-07    |    3.9968795340e+03    |    3.9973104110e+03    |
| 0.90800 |    3.0664492379e-07    |    3.9874450641e+03    |    3.9878880720e+03    |
| 0.91000 |    3.0661821892e-07    |    3.9780675166e+03    |    3.9785231506e+03    |
| 0.91200 |    3.0659241722e-07    |    3.9687465419e+03    |    3.9692153241e+03    |
| 0.91400 |    3.0656750194e-07    |    3.9594817642e+03    |    3.9599642461e+03    |
| 0.91600 |    3.0654345628e-07    |    3.9502727836e+03    |    3.9507695477e+03    |
| 0.91800 |    3.0652026348e-07    |    3.9411191766e+03    |    3.9416308390e+03    |
| 0.92000 |    3.0649790674e-07    |    3.9320204981e+03    |    3.9325477108e+03    |
| 0.92200 |    3.0647636927e-07    |    3.9229762818e+03    |    3.9235197355e+03    |
| 0.92400 |    3.0645563430e-07    |    3.9139860419e+03    |    3.9145464687e+03    |
| 0.92600 |    3.0643568504e-07    |    3.9050492740e+03    |    3.9056274509e+03    |
| 0.92800 |    3.0641650475e-07    |    3.8961654559e+03    |    3.8967622080e+03    |
| 0.93000 |    3.0639807667e-07    |    3.8873340488e+03    |    3.8879502535e+03    |
| 0.93200 |    3.0638038407e-07    |    3.8785544982e+03    |    3.8791910888e+03    |
| 0.93400 |    3.0636341026e-07    |    3.8698262342e+03    |    3.8704842052e+03    |
| 0.93600 |    3.0634713856e-07    |    3.8611486727e+03    |    3.8618290843e+03    |
| 0.93800 |    3.0633155232e-07    |    3.8525212156e+03    |    3.8532251997e+03    |
| 0.94000 |    3.0631663495e-07    |    3.8439432517e+03    |    3.8446720176e+03    |
| 0.94200 |    3.0630236988e-07    |    3.8354141563e+03    |    3.8361689979e+03    |
| 0.94400 |    3.0628874059e-07    |    3.8269332921e+03    |    3.8277155952e+03    |
| 0.94600 |    3.0627573061e-07    |    3.8185000089e+03    |    3.8193112595e+03    |
| 0.94800 |    3.0626332353e-07    |    3.8101136435e+03    |    3.8109554374e+03    |
| 0.95000 |    3.0625150301e-07    |    3.8017735198e+03    |    3.8026475723e+03    |
| 0.95200 |    3.0624025275e-07    |    3.7934789476e+03    |    3.7943871054e+03    |
| 0.95400 |    3.0622955655e-07    |    3.7852292226e+03    |    3.7861734765e+03    |
| 0.95600 |    3.0621939827e-07    |    3.7770236252e+03    |    3.7780061245e+03    |
| 0.95800 |    3.0620976185e-07    |    3.7688614192e+03    |    3.7698844878e+03    |
| 0.96000 |    3.0620063134e-07    |    3.7607418509e+03    |    3.7618080051e+03    |
| 0.96200 |    3.0619199086e-07    |    3.7526641465e+03    |    3.7537761158e+03    |
| 0.96400 |    3.0618382463e-07    |    3.7446275102e+03    |    3.7457882601e+03    |
| 0.96600 |    3.0617611700e-07    |    3.7366311220e+03    |    3.7378438801e+03    |
| 0.96800 |    3.0616885241e-07    |    3.7286741339e+03    |    3.7299424197e+03    |
| 0.97000 |    3.0616201544e-07    |    3.7207556667e+03    |    3.7220833249e+03    |
| 0.97200 |    3.0615559077e-07    |    3.7128748051e+03    |    3.7142660444e+03    |
| 0.97400 |    3.0614956323e-07    |    3.7050305926e+03    |    3.7064900298e+03    |
| 0.97600 |    3.0614391780e-07    |    3.6972220252e+03    |    3.6987547359e+03    |
| 0.97800 |    3.0613863958e-07    |    3.6894480441e+03    |    3.6910596210e+03    |
| 0.98000 |    3.0613371384e-07    |    3.6817075265e+03    |    3.6834041469e+03    |
| 0.98200 |    3.0612912603e-07    |    3.6739992754e+03    |    3.6757877796e+03    |
| 0.98400 |    3.0612486173e-07    |    3.6663220063e+03    |    3.6682099892e+03    |
| 0.98600 |    3.0612090673e-07    |    3.6586743326e+03    |    3.6606702504e+03    |
| 0.98800 |    3.0611724700e-07    |    3.6510547465e+03    |    3.6531680424e+03    |
| 0.99000 |    3.0611386870e-07    |    3.6434615972e+03    |    3.6457028496e+03    |
| 0.99200 |    3.0611075820e-07    |    3.6358930632e+03    |    3.6382741613e+03    |
| 0.99400 |    3.0610790206e-07    |    3.6283471188e+03    |    3.6308814725e+03    |
| 0.99600 |    3.0610528709e-07    |    3.6208214936e+03    |    3.6235242837e+03    |
| 0.99800 |    3.0610290031e-07    |    3.6133136206e+03    |    3.6162021014e+03    |
| 1.00000 |    3.0610072900e-07    |    3.5949459604e+03    |    3.6089144382e+03    |
--------------------------------------------------------------------------------------