Число узлов n = 101
--------------------------------------------------------------------------------------
|    x    |          u(z)          |          f(z)          |     f(z) integral      |
--------------------------------------------------------------------------------------
| 0.00000 |    3.9205765160e-07    |    0.0000000000e+00    |    0.0000000000e+00    |
| 0.01000 |    3.9203292572e-07    |    1.2378417842e+02    |    1.1675247559e+02    |
| 0.02000 |    3.9196883838e-07    |    2.3632020125e+02    |    2.3350827774e+02    |
| 0.03000 |    3.9186336972e-07    |    3.5207709162e+02    |    3.5027033514e+02    |
| 0.04000 |    3.9171622905e-07    |    4.6837813621e+02    |    4.6704090488e+02    |
| 0.05000 |    3.9152731778e-07    |    5.8488363017e+02    |    5.8382128203e+02    |
| 0.06000 |    3.9129659047e-07    |    7.0149236250e+02    |    7.0061146425e+02    |
| 0.07000 |    3.9102402361e-07    |    8.1816144421e+02    |    8.1740982347e+02    |
| 0.08000 |    3.9070960622e-07    |    9.3486719198e+02    |    9.3421277932e+02    |
| 0.09000 |    3.9035333692e-07    |    1.0515927385e+03    |    1.0510144732e+03    |
| 0.10000 |    3.8995522363e-07    |    1.1683230677e+03    |    1.1678064434e+03    |
| 0.11000 |    3.8951528450e-07    |    1.2850426325e+03    |    1.2845773005e+03    |
| 0.12000 |    3.8903354952e-07    |    1.4017340208e+03    |    1.4013124053e+03    |
| 0.13000 |    3.8851006263e-07    |    1.5183770966e+03    |    1.5179935479e+03    |
| 0.14000 |    3.8794488421e-07    |    1.6349483765e+03    |    1.6345986303e+03    |
| 0.15000 |    3.8733809386e-07    |    1.7514205351e+03    |    1.7511013522e+03    |
| 0.16000 |    3.8668979345e-07    |    1.8677619824e+03    |    1.8674709023e+03    |
| 0.17000 |    3.8600011043e-07    |    1.9839364889e+03    |    1.9836716557e+03    |
| 0.18000 |    3.8526920133e-07    |    2.0999028422e+03    |    2.0996628790e+03    |
| 0.19000 |    3.8449725554e-07    |    2.2156145292e+03    |    2.2153984453e+03    |
| 0.20000 |    3.8368449923e-07    |    2.3310194395e+03    |    2.3308265606e+03    |
| 0.21000 |    3.8283119944e-07    |    2.4460595894e+03    |    2.4458895039e+03    |
| 0.22000 |    3.8193766837e-07    |    2.5606708669e+03    |    2.5605233838e+03    |
| 0.23000 |    3.8100426780e-07    |    2.6747827983e+03    |    2.6746579143e+03    |
| 0.24000 |    3.8003141357e-07    |    2.7883183400e+03    |    2.7882162123e+03    |
| 0.25000 |    3.7901958026e-07    |    2.9011936958e+03    |    2.9011146200e+03    |
| 0.26000 |    3.7796930582e-07    |    3.0133181658e+03    |    3.0132625573e+03    |
| 0.27000 |    3.7688119627e-07    |    3.1245940267e+03    |    3.1245624048e+03    |
| 0.28000 |    3.7575593042e-07    |    3.2349164511e+03    |    3.2349094251e+03    |
| 0.29000 |    3.7459426448e-07    |    3.3441734657e+03    |    3.3441917228e+03    |
| 0.30000 |    3.7339703665e-07    |    3.4522459571e+03    |    3.4522902510e+03    |
| 0.31000 |    3.7216517147e-07    |    3.5590077252e+03    |    3.5590788662e+03    |
| 0.32000 |    3.7089968406e-07    |    3.6643255922e+03    |    3.6644244374e+03    |
| 0.33000 |    3.6960168409e-07    |    3.7680595700e+03    |    3.7681870144e+03    |
| 0.34000 |    3.6827237938e-07    |    3.8700630913e+03    |    3.8702200593e+03    |
| 0.35000 |    3.6691307922e-07    |    3.9701833091e+03    |    3.9703707461e+03    |
| 0.36000 |    3.6552519716e-07    |    4.0682614694e+03    |    4.0684803335e+03    |
| 0.37000 |    3.6411025336e-07    |    4.1641333607e+03    |    4.1643846153e+03    |
| 0.38000 |    3.6266987631e-07    |    4.2576298459e+03    |    4.2579144518e+03    |
| 0.39000 |    3.6120580390e-07    |    4.3485774793e+03    |    4.3488963874e+03    |
| 0.40000 |    3.5971988382e-07    |    4.4367992124e+03    |    4.4371533570e+03    |
| 0.41000 |    3.5821407310e-07    |    4.5221151922e+03    |    4.5225054839e+03    |
| 0.42000 |    3.5669043681e-07    |    4.6043436527e+03    |    4.6047709727e+03    |
| 0.43000 |    3.5515114584e-07    |    4.6833019023e+03    |    4.6837670967e+03    |
| 0.44000 |    3.5359847363e-07    |    4.7588074068e+03    |    4.7593112816e+03    |
| 0.45000 |    3.5203479196e-07    |    4.8306789675e+03    |    4.8312222849e+03    |
| 0.46000 |    3.5046256550e-07    |    4.8987379923e+03    |    4.8993214678e+03    |
| 0.47000 |    3.4888434535e-07    |    4.9628098567e+03    |    4.9634341577e+03    |
| 0.48000 |    3.4730276135e-07    |    5.0227253493e+03    |    5.0233910950e+03    |
| 0.49000 |    3.4572051322e-07    |    5.0783221954e+03    |    5.0790299584e+03    |
| 0.50000 |    3.4414036051e-07    |    5.1294466499e+03    |    5.1301969604e+03    |
| 0.51000 |    3.4256511146e-07    |    5.1759551488e+03    |    5.1767485006e+03    |
| 0.52000 |    3.4099761061e-07    |    5.2177160061e+03    |    5.2185528657e+03    |
| 0.53000 |    3.3944072549e-07    |    5.2546111419e+03    |    5.2554919605e+03    |
| 0.54000 |    3.3789733217e-07    |    5.2865378226e+03    |    5.2874630517e+03    |
| 0.55000 |    3.3637030003e-07    |    5.3134103943e+03    |    5.3143805046e+03    |
| 0.56000 |    3.3486247570e-07    |    5.3351619857e+03    |    5.3361774911e+03    |
| 0.57000 |    3.3337666634e-07    |    5.3517461564e+03    |    5.3528076422e+03    |
| 0.58000 |    3.3191562253e-07    |    5.3631384624e+03    |    5.3642466186e+03    |
| 0.59000 |    3.3048202079e-07    |    5.3693379089e+03    |    5.3704935692e+03    |
| 0.60000 |    3.2907844608e-07    |    5.3703682585e+03    |    5.3715724457e+03    |
| 0.61000 |    3.2770737440e-07    |    5.3662791619e+03    |    5.3675331395e+03    |
| 0.62000 |    3.2637115581e-07    |    5.3571470745e+03    |    5.3584524059e+03    |
| 0.63000 |    3.2507199800e-07    |    5.3430759246e+03    |    5.3444345395e+03    |
| 0.64000 |    3.2381195083e-07    |    5.3241974955e+03    |    5.3256117654e+03    |
| 0.65000 |    3.2259289184e-07    |    5.3006714881e+03    |    5.3021443098e+03    |
| 0.66000 |    3.2141651331e-07    |    5.2726852267e+03    |    5.2742201169e+03    |
| 0.67000 |    3.2028431071e-07    |    5.2404529805e+03    |    5.2420541798e+03    |
| 0.68000 |    3.1919757310e-07    |    5.2042148687e+03    |    5.2058874584e+03    |
| 0.69000 |    3.1815737542e-07    |    5.1642353305e+03    |    5.1659853616e+03    |
| 0.70000 |    3.1716457295e-07    |    5.1208011409e+03    |    5.1226357782e+03    |
| 0.71000 |    3.1621979802e-07    |    5.0742189657e+03    |    5.0761466487e+03    |
| 0.72000 |    3.1532345896e-07    |    5.0248124580e+03    |    5.0268430807e+03    |
| 0.73000 |    3.1447574142e-07    |    4.9729189085e+03    |    4.9750640231e+03    |
| 0.74000 |    3.1367661192e-07    |    4.9188854784e+03    |    4.9211585259e+03    |
| 0.75000 |    3.1292582357e-07    |    4.8630650546e+03    |    4.8654816300e+03    |
| 0.76000 |    3.1222292378e-07    |    4.8058117865e+03    |    4.8083899463e+03    |
| 0.77000 |    3.1156726384e-07    |    4.7474763793e+03    |    4.7502370024e+03    |
| 0.78000 |    3.1095800987e-07    |    4.6884012349e+03    |    4.6913684531e+03    |
| 0.79000 |    3.1039415523e-07    |    4.6289155512e+03    |    4.6321172680e+03    |
| 0.80000 |    3.0987453363e-07    |    4.5693305025e+03    |    4.5727990284e+03    |
| 0.81000 |    3.0939783295e-07    |    4.5099346371e+03    |    4.5137074788e+03    |
| 0.82000 |    3.0896260927e-07    |    4.4509896346e+03    |    4.4551104876e+03    |
| 0.83000 |    3.0856730077e-07    |    4.3927265651e+03    |    4.3972465783e+03    |
| 0.84000 |    3.0821024134e-07    |    4.3353427792e+03    |    4.3403221868e+03    |
| 0.85000 |    3.0788967356e-07    |    4.2789995364e+03    |    4.2845097881e+03    |
| 0.86000 |    3.0760376096e-07    |    4.2238204331e+03    |    4.2299470076e+03    |
| 0.87000 |    3.0735059947e-07    |    4.1698906295e+03    |    4.1767367961e+03    |
| 0.88000 |    3.0712822813e-07    |    4.1172567793e+03    |    4.1249486903e+03    |
| 0.89000 |    3.0693463907e-07    |    4.0659274374e+03    |    4.0746211167e+03    |
| 0.90000 |    3.0676778705e-07    |    4.0158735370e+03    |    4.0257646196e+03    |
| 0.91000 |    3.0662559884e-07    |    3.9670282763e+03    |    3.9783658158e+03    |
| 0.92000 |    3.0650598275e-07    |    3.9192853719e+03    |    3.9323918081e+03    |
| 0.93000 |    3.0640683862e-07    |    3.8724940408e+03    |    3.8877947391e+03    |
| 0.94000 |    3.0632606882e-07    |    3.8264480356e+03    |    3.8445161543e+03    |
| 0.95000 |    3.0626159049e-07    |    3.7808641266e+03    |    3.8024908777e+03    |
| 0.96000 |    3.0621134936e-07    |    3.7353415445e+03    |    3.7616501920e+03    |
| 0.97000 |    3.0617333563e-07    |    3.6892856036e+03    |    3.7219242454e+03    |
| 0.98000 |    3.0614560197e-07    |    3.6417599337e+03    |    3.6832437518e+03    |
| 0.99000 |    3.0612628400e-07    |    3.5911864127e+03    |    3.6455411660e+03    |
| 1.00000 |    3.0611362343e-07    |    3.2513901163e+03    |    3.6087515638e+03    |
--------------------------------------------------------------------------------------