Число узлов n = 601
--------------------------------------------------------------------------------------
|    x    |          u(z)          |          f(z)          |     f(z) integral      |
--------------------------------------------------------------------------------------
| 0.00000 |    3.9205345753e-07    |    0.0000000000e+00    |    0.0000000000e+00    |
| 0.00167 |    3.9205277070e-07    |    2.0630617225e+01    |    1.9458569307e+01    |
| 0.00333 |    3.9205099050e-07    |    3.9385970529e+01    |    3.8917154564e+01    |
| 0.00500 |    3.9204806089e-07    |    5.8677149640e+01    |    5.8375771344e+01    |
| 0.00667 |    3.9204397385e-07    |    7.8057674690e+01    |    7.7834435040e+01    |
| 0.00833 |    3.9203872670e-07    |    9.7470734344e+01    |    9.7293160988e+01    |
| 0.01000 |    3.9203231823e-07    |    1.1689948313e+02    |    1.1675196438e+02    |
| 0.01167 |    3.9202474777e-07    |    1.3633706687e+02    |    1.3621086020e+02    |
| 0.01333 |    3.9201601494e-07    |    1.5578015756e+02    |    1.5566986320e+02    |
| 0.01500 |    3.9200611947e-07    |    1.7522694265e+02    |    1.7512898782e+02    |
| 0.01667 |    3.9199506118e-07    |    1.9467635165e+02    |    1.9458824821e+02    |
| 0.01833 |    3.9198283993e-07    |    2.1412771314e+02    |    2.1404765809e+02    |
| 0.02000 |    3.9196945563e-07    |    2.3358058607e+02    |    2.3350723080e+02    |
| 0.02167 |    3.9195490821e-07    |    2.5303466997e+02    |    2.5296697922e+02    |
| 0.02333 |    3.9193919758e-07    |    2.7248975409e+02    |    2.7242691570e+02    |
| 0.02500 |    3.9192232370e-07    |    2.9194568698e+02    |    2.9188705207e+02    |
| 0.02667 |    3.9190428653e-07    |    3.1140235766e+02    |    3.1134739958e+02    |
| 0.02833 |    3.9188508603e-07    |    3.3085968345e+02    |    3.3080796883e+02    |
| 0.03000 |    3.9186472215e-07    |    3.5031760177e+02    |    3.5026876976e+02    |
| 0.03167 |    3.9184319487e-07    |    3.6977606470e+02    |    3.6972981161e+02    |
| 0.03333 |    3.9182050416e-07    |    3.8923503501e+02    |    3.8919110285e+02    |
| 0.03500 |    3.9179665000e-07    |    4.0869448341e+02    |    4.0865265117e+02    |
| 0.03667 |    3.9177163235e-07    |    4.2815438653e+02    |    4.2811446341e+02    |
| 0.03833 |    3.9174545121e-07    |    4.4761472536e+02    |    4.4757654553e+02    |
| 0.04000 |    3.9171810653e-07    |    4.6707548416e+02    |    4.6703890259e+02    |
| 0.04167 |    3.9168959832e-07    |    4.8653664957e+02    |    4.8650153865e+02    |
| 0.04333 |    3.9165992655e-07    |    5.0599820988e+02    |    5.0596445681e+02    |
| 0.04500 |    3.9162909120e-07    |    5.2546015456e+02    |    5.2542765909e+02    |
| 0.04667 |    3.9159709225e-07    |    5.4492247377e+02    |    5.4489114644e+02    |
| 0.04833 |    3.9156392971e-07    |    5.6438515802e+02    |    5.6435491866e+02    |
| 0.05000 |    3.9152960355e-07    |    5.8384819792e+02    |    5.8381897440e+02    |
| 0.05167 |    3.9149411376e-07    |    6.0331158388e+02    |    6.0328331108e+02    |
| 0.05333 |    3.9145746034e-07    |    6.2277530592e+02    |    6.2274792488e+02    |
| 0.05500 |    3.9141964328e-07    |    6.4223935354e+02    |    6.4221281066e+02    |
| 0.05667 |    3.9138066257e-07    |    6.6170371552e+02    |    6.6167796195e+02    |
| 0.05833 |    3.9134051822e-07    |    6.8116837978e+02    |    6.8114337091e+02    |
| 0.06000 |    3.9129921022e-07    |    7.0063333331e+02    |    7.0060902827e+02    |
| 0.06167 |    3.9125673858e-07    |    7.2009856203e+02    |    7.2007492328e+02    |
| 0.06333 |    3.9121310330e-07    |    7.3956405071e+02    |    7.3954104370e+02    |
| 0.06500 |    3.9116830438e-07    |    7.5902978287e+02    |    7.5900737573e+02    |
| 0.06667 |    3.9112234185e-07    |    7.7849574071e+02    |    7.7847390399e+02    |
| 0.06833 |    3.9107521570e-07    |    7.9796190502e+02    |    7.9794061145e+02    |
| 0.07000 |    3.9102692597e-07    |    8.1742825515e+02    |    8.1740747943e+02    |
| 0.07167 |    3.9097747267e-07    |    8.3689476889e+02    |    8.3687448751e+02    |
| 0.07333 |    3.9092685581e-07    |    8.5636142244e+02    |    8.5634161352e+02    |
| 0.07500 |    3.9087507545e-07    |    8.7582819036e+02    |    8.7580883350e+02    |
| 0.07667 |    3.9082213159e-07    |    8.9529504547e+02    |    8.9527612163e+02    |
| 0.07833 |    3.9076802428e-07    |    9.1476195884e+02    |    9.1474345021e+02    |
| 0.08000 |    3.9071275357e-07    |    9.3422889972e+02    |    9.3421078963e+02    |
| 0.08167 |    3.9065631949e-07    |    9.5369583547e+02    |    9.5367810830e+02    |
| 0.08333 |    3.9059872210e-07    |    9.7316273153e+02    |    9.7314537261e+02    |
| 0.08500 |    3.9053996144e-07    |    9.9262955137e+02    |    9.9261254692e+02    |
| 0.08667 |    3.9048003760e-07    |    1.0120962564e+03    |    1.0120795935e+03    |
| 0.08833 |    3.9041895062e-07    |    1.0315628060e+03    |    1.0315464724e+03    |
| 0.09000 |    3.9035670058e-07    |    1.0510291575e+03    |    1.0510131417e+03    |
| 0.09167 |    3.9029328757e-07    |    1.0704952659e+03    |    1.0704795571e+03    |
| 0.09333 |    3.9022871166e-07    |    1.0899610840e+03    |    1.0899456719e+03    |
| 0.09500 |    3.9016297296e-07    |    1.1094265625e+03    |    1.1094114375e+03    |
| 0.09667 |    3.9009607155e-07    |    1.1288916497e+03    |    1.1288768026e+03    |
| 0.09833 |    3.9002800756e-07    |    1.1483562916e+03    |    1.1483417136e+03    |
| 0.10000 |    3.8995878108e-07    |    1.1678204316e+03    |    1.1678061147e+03    |
| 0.10167 |    3.8988839224e-07    |    1.1872840110e+03    |    1.1872699473e+03    |
| 0.10333 |    3.8981684118e-07    |    1.2067469683e+03    |    1.2067331505e+03    |
| 0.10500 |    3.8974412804e-07    |    1.2262092397e+03    |    1.2261956607e+03    |
| 0.10667 |    3.8967025296e-07    |    1.2456707588e+03    |    1.2456574119e+03    |
| 0.10833 |    3.8959521609e-07    |    1.2651314564e+03    |    1.2651183354e+03    |
| 0.11000 |    3.8951901761e-07    |    1.2845912609e+03    |    1.2845783598e+03    |
| 0.11167 |    3.8944165770e-07    |    1.3040500978e+03    |    1.3040374108e+03    |
| 0.11333 |    3.8936313653e-07    |    1.3235078900e+03    |    1.3234954117e+03    |
| 0.11500 |    3.8928345431e-07    |    1.3429645576e+03    |    1.3429522828e+03    |
| 0.11667 |    3.8920261124e-07    |    1.3624200178e+03    |    1.3624079416e+03    |
| 0.11833 |    3.8912060755e-07    |    1.3818741850e+03    |    1.3818623026e+03    |
| 0.12000 |    3.8903744346e-07    |    1.4013269707e+03    |    1.4013152776e+03    |
| 0.12167 |    3.8895311922e-07    |    1.4207782834e+03    |    1.4207667754e+03    |
| 0.12333 |    3.8886763508e-07    |    1.4402280285e+03    |    1.4402167015e+03    |
| 0.12500 |    3.8878099132e-07    |    1.4596761087e+03    |    1.4596649589e+03    |
| 0.12667 |    3.8869318820e-07    |    1.4791224234e+03    |    1.4791114469e+03    |
| 0.12833 |    3.8860422603e-07    |    1.4985668688e+03    |    1.4985560622e+03    |
| 0.13000 |    3.8851410510e-07    |    1.5180093382e+03    |    1.5179986980e+03    |
| 0.13167 |    3.8842282575e-07    |    1.5374497215e+03    |    1.5374392445e+03    |
| 0.13333 |    3.8833038831e-07    |    1.5568879054e+03    |    1.5568775886e+03    |
| 0.13500 |    3.8823679313e-07    |    1.5763237734e+03    |    1.5763136138e+03    |
| 0.13667 |    3.8814204058e-07    |    1.5957572056e+03    |    1.5957472003e+03    |
| 0.13833 |    3.8804613104e-07    |    1.6151880789e+03    |    1.6151782252e+03    |
| 0.14000 |    3.8794906490e-07    |    1.6346162665e+03    |    1.6346065619e+03    |
| 0.14167 |    3.8785084259e-07    |    1.6540416384e+03    |    1.6540320805e+03    |
| 0.14333 |    3.8775146453e-07    |    1.6734640612e+03    |    1.6734546475e+03    |
| 0.14500 |    3.8765093117e-07    |    1.6928833977e+03    |    1.6928741260e+03    |
| 0.14667 |    3.8754924298e-07    |    1.7122995073e+03    |    1.7122903755e+03    |
| 0.14833 |    3.8744640044e-07    |    1.7317122459e+03    |    1.7317032519e+03    |
| 0.15000 |    3.8734240407e-07    |    1.7511214656e+03    |    1.7511126075e+03    |
| 0.15167 |    3.8723725437e-07    |    1.7705270149e+03    |    1.7705182908e+03    |
| 0.15333 |    3.8713095190e-07    |    1.7899287386e+03    |    1.7899201467e+03    |
| 0.15500 |    3.8702349721e-07    |    1.8093264777e+03    |    1.8093180162e+03    |
| 0.15667 |    3.8691489089e-07    |    1.8287200695e+03    |    1.8287117369e+03    |
| 0.15833 |    3.8680513354e-07    |    1.8481093473e+03    |    1.8481011420e+03    |
| 0.16000 |    3.8669422579e-07    |    1.8674941407e+03    |    1.8674860612e+03    |
| 0.16167 |    3.8658216828e-07    |    1.8868742754e+03    |    1.8868663203e+03    |
| 0.16333 |    3.8646896168e-07    |    1.9062495730e+03    |    1.9062417410e+03    |
| 0.16500 |    3.8635460669e-07    |    1.9256198513e+03    |    1.9256121411e+03    |
| 0.16667 |    3.8623910402e-07    |    1.9449849240e+03    |    1.9449773343e+03    |
| 0.16833 |    3.8612245440e-07    |    1.9643446007e+03    |    1.9643371304e+03    |
| 0.17000 |    3.8600465861e-07    |    1.9836986871e+03    |    1.9836913351e+03    |
| 0.17167 |    3.8588571743e-07    |    2.0030469845e+03    |    2.0030397497e+03    |
| 0.17333 |    3.8576563167e-07    |    2.0223892902e+03    |    2.0223821717e+03    |
| 0.17500 |    3.8564440217e-07    |    2.0417253973e+03    |    2.0417183941e+03    |
| 0.17667 |    3.8552202980e-07    |    2.0610550946e+03    |    2.0610482058e+03    |
| 0.17833 |    3.8539851544e-07    |    2.0803781668e+03    |    2.0803713916e+03    |
| 0.18000 |    3.8527386003e-07    |    2.0996943941e+03    |    2.0996877316e+03    |
| 0.18167 |    3.8514806449e-07    |    2.1190035524e+03    |    2.1189970019e+03    |
| 0.18333 |    3.8502112982e-07    |    2.1383054132e+03    |    2.1382989741e+03    |
| 0.18500 |    3.8489305701e-07    |    2.1575997438e+03    |    2.1575934154e+03    |
| 0.18667 |    3.8476384709e-07    |    2.1768863069e+03    |    2.1768800884e+03    |
| 0.18833 |    3.8463350113e-07    |    2.1961648606e+03    |    2.1961587516e+03    |
| 0.19000 |    3.8450202023e-07    |    2.2154351587e+03    |    2.2154291586e+03    |
| 0.19167 |    3.8436940550e-07    |    2.2346969504e+03    |    2.2346910586e+03    |
| 0.19333 |    3.8423565810e-07    |    2.2539499803e+03    |    2.2539441964e+03    |
| 0.19500 |    3.8410077923e-07    |    2.2731939883e+03    |    2.2731883119e+03    |
| 0.19667 |    3.8396477009e-07    |    2.2924287099e+03    |    2.2924231404e+03    |
| 0.19833 |    3.8382763195e-07    |    2.3116538756e+03    |    2.3116484129e+03    |
| 0.20000 |    3.8368936609e-07    |    2.3308692116e+03    |    2.3308638551e+03    |
| 0.20167 |    3.8354997383e-07    |    2.3500744390e+03    |    2.3500691885e+03    |
| 0.20333 |    3.8340945653e-07    |    2.3692692743e+03    |    2.3692641296e+03    |
| 0.20500 |    3.8326781557e-07    |    2.3884534292e+03    |    2.3884483900e+03    |
| 0.20667 |    3.8312505240e-07    |    2.4076266106e+03    |    2.4076216766e+03    |
| 0.20833 |    3.8298116846e-07    |    2.4267885205e+03    |    2.4267836915e+03    |
| 0.21000 |    3.8283616527e-07    |    2.4459388560e+03    |    2.4459341319e+03    |
| 0.21167 |    3.8269004436e-07    |    2.4650773093e+03    |    2.4650726900e+03    |
| 0.21333 |    3.8254280730e-07    |    2.4842035677e+03    |    2.4841990531e+03    |
| 0.21500 |    3.8239445572e-07    |    2.5033173136e+03    |    2.5033129035e+03    |
| 0.21667 |    3.8224499126e-07    |    2.5224182243e+03    |    2.5224139186e+03    |
| 0.21833 |    3.8209441562e-07    |    2.5415059720e+03    |    2.5415017707e+03    |
| 0.22000 |    3.8194273054e-07    |    2.5605802240e+03    |    2.5605761272e+03    |
| 0.22167 |    3.8178993779e-07    |    2.5796406426e+03    |    2.5796366502e+03    |
| 0.22333 |    3.8163603919e-07    |    2.5986868848e+03    |    2.5986829968e+03    |
| 0.22500 |    3.8148103661e-07    |    2.6177186026e+03    |    2.6177148191e+03    |
| 0.22667 |    3.8132493193e-07    |    2.6367354428e+03    |    2.6367317638e+03    |
| 0.22833 |    3.8116772712e-07    |    2.6557370471e+03    |    2.6557334727e+03    |
| 0.23000 |    3.8100942416e-07    |    2.6747230520e+03    |    2.6747195823e+03    |
| 0.23167 |    3.8085002508e-07    |    2.6936930887e+03    |    2.6936897239e+03    |
| 0.23333 |    3.8068953198e-07    |    2.7126467833e+03    |    2.7126435235e+03    |
| 0.23500 |    3.8052794696e-07    |    2.7315837566e+03    |    2.7315806020e+03    |
| 0.23667 |    3.8036527221e-07    |    2.7505036240e+03    |    2.7505005747e+03    |
| 0.23833 |    3.8020150995e-07    |    2.7694059958e+03    |    2.7694030521e+03    |
| 0.24000 |    3.8003666244e-07    |    2.7882904770e+03    |    2.7882876389e+03    |
| 0.24167 |    3.7987073200e-07    |    2.8071566669e+03    |    2.8071539349e+03    |
| 0.24333 |    3.7970372099e-07    |    2.8260041600e+03    |    2.8260015342e+03    |
| 0.24500 |    3.7953563183e-07    |    2.8448325450e+03    |    2.8448300257e+03    |
| 0.24667 |    3.7936646699e-07    |    2.8636414054e+03    |    2.8636389928e+03    |
| 0.24833 |    3.7919622897e-07    |    2.8824303193e+03    |    2.8824280138e+03    |
| 0.25000 |    3.7902492034e-07    |    2.9011988594e+03    |    2.9011966613e+03    |
| 0.25167 |    3.7885254373e-07    |    2.9199465930e+03    |    2.9199445025e+03    |
| 0.25333 |    3.7867910180e-07    |    2.9386730817e+03    |    2.9386710993e+03    |
| 0.25500 |    3.7850459728e-07    |    2.9573778821e+03    |    2.9573760081e+03    |
| 0.25667 |    3.7832903294e-07    |    2.9760605450e+03    |    2.9760587797e+03    |
| 0.25833 |    3.7815241161e-07    |    2.9947206157e+03    |    2.9947189596e+03    |
| 0.26000 |    3.7797473619e-07    |    3.0133576344e+03    |    3.0133560877e+03    |
| 0.26167 |    3.7779600961e-07    |    3.0319711353e+03    |    3.0319696985e+03    |
| 0.26333 |    3.7761623488e-07    |    3.0505606474e+03    |    3.0505593210e+03    |
| 0.26500 |    3.7743541504e-07    |    3.0691256943e+03    |    3.0691244786e+03    |
| 0.26667 |    3.7725355321e-07    |    3.0876657937e+03    |    3.0876646893e+03    |
| 0.26833 |    3.7707065257e-07    |    3.1061804582e+03    |    3.1061794654e+03    |
| 0.27000 |    3.7688671633e-07    |    3.1246691946e+03    |    3.1246683139e+03    |
| 0.27167 |    3.7670174779e-07    |    3.1431315042e+03    |    3.1431307360e+03    |
| 0.27333 |    3.7651575030e-07    |    3.1615668828e+03    |    3.1615662277e+03    |
| 0.27500 |    3.7632872726e-07    |    3.1799748208e+03    |    3.1799742793e+03    |
| 0.27667 |    3.7614068214e-07    |    3.1983548029e+03    |    3.1983543754e+03    |
| 0.27833 |    3.7595161848e-07    |    3.2167063083e+03    |    3.2167059954e+03    |
| 0.28000 |    3.7576153986e-07    |    3.2350288107e+03    |    3.2350286129e+03    |
| 0.28167 |    3.7557044994e-07    |    3.2533217782e+03    |    3.2533216960e+03    |
| 0.28333 |    3.7537835244e-07    |    3.2715846735e+03    |    3.2715847075e+03    |
| 0.28500 |    3.7518525114e-07    |    3.2898169537e+03    |    3.2898171044e+03    |
| 0.28667 |    3.7499114990e-07    |    3.3080180703e+03    |    3.3080183383e+03    |
| 0.28833 |    3.7479605261e-07    |    3.3261874694e+03    |    3.3261878552e+03    |
| 0.29000 |    3.7459996325e-07    |    3.3443245916e+03    |    3.3443250958e+03    |
| 0.29167 |    3.7440288588e-07    |    3.3624288719e+03    |    3.3624294951e+03    |
| 0.29333 |    3.7420482459e-07    |    3.3804997400e+03    |    3.3805004828e+03    |
| 0.29500 |    3.7400578357e-07    |    3.3985366199e+03    |    3.3985374828e+03    |
| 0.29667 |    3.7380576707e-07    |    3.4165389302e+03    |    3.4165399140e+03    |
| 0.29833 |    3.7360477938e-07    |    3.4345060842e+03    |    3.4345071894e+03    |
| 0.30000 |    3.7340282491e-07    |    3.4524374897e+03    |    3.4524387168e+03    |
| 0.30167 |    3.7319990809e-07    |    3.4703325488e+03    |    3.4703338986e+03    |
| 0.30333 |    3.7299603345e-07    |    3.4881906587e+03    |    3.4881921317e+03    |
| 0.30500 |    3.7279120557e-07    |    3.5060112107e+03    |    3.5060128077e+03    |
| 0.30667 |    3.7258542913e-07    |    3.5237935912e+03    |    3.5237953128e+03    |
| 0.30833 |    3.7237870886e-07    |    3.5415371809e+03    |    3.5415390277e+03    |
| 0.31000 |    3.7217104956e-07    |    3.5592413554e+03    |    3.5592433280e+03    |
| 0.31167 |    3.7196245611e-07    |    3.5769054848e+03    |    3.5769075840e+03    |
| 0.31333 |    3.7175293346e-07    |    3.5945289342e+03    |    3.5945311605e+03    |
| 0.31500 |    3.7154248663e-07    |    3.6121110631e+03    |    3.6121134174e+03    |
| 0.31667 |    3.7133112073e-07    |    3.6296512261e+03    |    3.6296537089e+03    |
| 0.31833 |    3.7111884093e-07    |    3.6471487725e+03    |    3.6471513845e+03    |
| 0.32000 |    3.7090565247e-07    |    3.6646030463e+03    |    3.6646057882e+03    |
| 0.32167 |    3.7069156068e-07    |    3.6820133866e+03    |    3.6820162591e+03    |
| 0.32333 |    3.7047657096e-07    |    3.6993791272e+03    |    3.6993821310e+03    |
| 0.32500 |    3.7026068878e-07    |    3.7166995969e+03    |    3.7167027328e+03    |
| 0.32667 |    3.7004391969e-07    |    3.7339741197e+03    |    3.7339773882e+03    |
| 0.32833 |    3.6982626933e-07    |    3.7512020142e+03    |    3.7512054162e+03    |
| 0.33000 |    3.6960774340e-07    |    3.7683825943e+03    |    3.7683861304e+03    |
| 0.33167 |    3.6938834768e-07    |    3.7855151690e+03    |    3.7855188400e+03    |
| 0.33333 |    3.6916808804e-07    |    3.8025990424e+03    |    3.8026028490e+03    |
| 0.33500 |    3.6894697041e-07    |    3.8196335138e+03    |    3.8196374566e+03    |
| 0.33667 |    3.6872500082e-07    |    3.8366178776e+03    |    3.8366219574e+03    |
| 0.33833 |    3.6850218537e-07    |    3.8535514236e+03    |    3.8535556411e+03    |
| 0.34000 |    3.6827853024e-07    |    3.8704334368e+03    |    3.8704377928e+03    |
| 0.34167 |    3.6805404168e-07    |    3.8872631977e+03    |    3.8872676929e+03    |
| 0.34333 |    3.6782872604e-07    |    3.9040399822e+03    |    3.9040446174e+03    |
| 0.34500 |    3.6760258973e-07    |    3.9207630617e+03    |    3.9207678374e+03    |
| 0.34667 |    3.6737563927e-07    |    3.9374317028e+03    |    3.9374366200e+03    |
| 0.34833 |    3.6714788123e-07    |    3.9540451682e+03    |    3.9540502275e+03    |
| 0.35000 |    3.6691932227e-07    |    3.9706027160e+03    |    3.9706079181e+03    |
| 0.35167 |    3.6668996916e-07    |    3.9871035998e+03    |    3.9871089456e+03    |
| 0.35333 |    3.6645982870e-07    |    4.0035470693e+03    |    4.0035525594e+03    |
| 0.35500 |    3.6622890783e-07    |    4.0199323699e+03    |    4.0199380051e+03    |
| 0.35667 |    3.6599721352e-07    |    4.0362587429e+03    |    4.0362645239e+03    |
| 0.35833 |    3.6576475287e-07    |    4.0525254255e+03    |    4.0525313531e+03    |
| 0.36000 |    3.6553153303e-07    |    4.0687316510e+03    |    4.0687377260e+03    |
| 0.36167 |    3.6529756124e-07    |    4.0848766488e+03    |    4.0848828718e+03    |
| 0.36333 |    3.6506284483e-07    |    4.1009596445e+03    |    4.1009660163e+03    |
| 0.36500 |    3.6482739122e-07    |    4.1169798599e+03    |    4.1169863813e+03    |
| 0.36667 |    3.6459120791e-07    |    4.1329365132e+03    |    4.1329431848e+03    |
| 0.36833 |    3.6435430246e-07    |    4.1488288188e+03    |    4.1488356415e+03    |
| 0.37000 |    3.6411668255e-07    |    4.1646559878e+03    |    4.1646629623e+03    |
| 0.37167 |    3.6387835592e-07    |    4.1804172279e+03    |    4.1804243549e+03    |
| 0.37333 |    3.6363933041e-07    |    4.1961117433e+03    |    4.1961190236e+03    |
| 0.37500 |    3.6339961394e-07    |    4.2117387349e+03    |    4.2117461692e+03    |
| 0.37667 |    3.6315921450e-07    |    4.2272974007e+03    |    4.2273049897e+03    |
| 0.37833 |    3.6291814019e-07    |    4.2427869353e+03    |    4.2427946798e+03    |
| 0.38000 |    3.6267639918e-07    |    4.2582065304e+03    |    4.2582144311e+03    |
| 0.38167 |    3.6243399972e-07    |    4.2735553750e+03    |    4.2735634326e+03    |
| 0.38333 |    3.6219095015e-07    |    4.2888326550e+03    |    4.2888408703e+03    |
| 0.38500 |    3.6194725890e-07    |    4.3040375538e+03    |    4.3040459276e+03    |
| 0.38667 |    3.6170293448e-07    |    4.3191692521e+03    |    4.3191777850e+03    |
| 0.38833 |    3.6145798549e-07    |    4.3342269281e+03    |    4.3342356209e+03    |
| 0.39000 |    3.6121242060e-07    |    4.3492097577e+03    |    4.3492186111e+03    |
| 0.39167 |    3.6096624858e-07    |    4.3641169143e+03    |    4.3641259290e+03    |
| 0.39333 |    3.6071947829e-07    |    4.3789475694e+03    |    4.3789567461e+03    |
| 0.39500 |    3.6047211864e-07    |    4.3937008921e+03    |    4.3937102316e+03    |
| 0.39667 |    3.6022417867e-07    |    4.4083760497e+03    |    4.4083855526e+03    |
| 0.39833 |    3.5997566747e-07    |    4.4229722077e+03    |    4.4229818748e+03    |
| 0.40000 |    3.5972659422e-07    |    4.4374885297e+03    |    4.4374983617e+03    |
| 0.40167 |    3.5947696820e-07    |    4.4519241779e+03    |    4.4519341755e+03    |
| 0.40333 |    3.5922679876e-07    |    4.4662783128e+03    |    4.4662884767e+03    |
| 0.40500 |    3.5897609533e-07    |    4.4805500936e+03    |    4.4805604245e+03    |
| 0.40667 |    3.5872486743e-07    |    4.4947386783e+03    |    4.4947491768e+03    |
| 0.40833 |    3.5847312466e-07    |    4.5088432236e+03    |    4.5088538905e+03    |
| 0.41000 |    3.5822087672e-07    |    4.5228628855e+03    |    4.5228737214e+03    |
| 0.41167 |    3.5796813335e-07    |    4.5367968187e+03    |    4.5368078243e+03    |
| 0.41333 |    3.5771490441e-07    |    4.5506441775e+03    |    4.5506553536e+03    |
| 0.41500 |    3.5746119983e-07    |    4.5644041156e+03    |    4.5644154627e+03    |
| 0.41667 |    3.5720702962e-07    |    4.5780757860e+03    |    4.5780873049e+03    |
| 0.41833 |    3.5695240386e-07    |    4.5916583416e+03    |    4.5916700329e+03    |
| 0.42000 |    3.5669733273e-07    |    4.6051509349e+03    |    4.6051627993e+03    |
| 0.42167 |    3.5644182648e-07    |    4.6185527186e+03    |    4.6185647567e+03    |
| 0.42333 |    3.5618589543e-07    |    4.6318628453e+03    |    4.6318750577e+03    |
| 0.42500 |    3.5592955000e-07    |    4.6450804679e+03    |    4.6450928553e+03    |
| 0.42667 |    3.5567280067e-07    |    4.6582047397e+03    |    4.6582173028e+03    |
| 0.42833 |    3.5541565800e-07    |    4.6712348146e+03    |    4.6712475540e+03    |
| 0.43000 |    3.5515813264e-07    |    4.6841698471e+03    |    4.6841827633e+03    |
| 0.43167 |    3.5490023530e-07    |    4.6970089926e+03    |    4.6970220863e+03    |
| 0.43333 |    3.5464197678e-07    |    4.7097514074e+03    |    4.7097646794e+03    |
| 0.43500 |    3.5438336794e-07    |    4.7223962493e+03    |    4.7224097000e+03    |
| 0.43667 |    3.5412441973e-07    |    4.7349426770e+03    |    4.7349563071e+03    |
| 0.43833 |    3.5386514316e-07    |    4.7473898510e+03    |    4.7474036610e+03    |
| 0.44000 |    3.5360554933e-07    |    4.7597369333e+03    |    4.7597509238e+03    |
| 0.44167 |    3.5334564940e-07    |    4.7719830877e+03    |    4.7719972594e+03    |
| 0.44333 |    3.5308545460e-07    |    4.7841274802e+03    |    4.7841418336e+03    |
| 0.44500 |    3.5282497623e-07    |    4.7961692786e+03    |    4.7961838144e+03    |
| 0.44667 |    3.5256422569e-07    |    4.8081076535e+03    |    4.8081223722e+03    |
| 0.44833 |    3.5230321440e-07    |    4.8199417776e+03    |    4.8199566797e+03    |
| 0.45000 |    3.5204195389e-07    |    4.8316708265e+03    |    4.8316859126e+03    |
| 0.45167 |    3.5178045573e-07    |    4.8432939785e+03    |    4.8433092492e+03    |
| 0.45333 |    3.5151873158e-07    |    4.8548104152e+03    |    4.8548258710e+03    |
| 0.45500 |    3.5125679314e-07    |    4.8662193212e+03    |    4.8662349626e+03    |
| 0.45667 |    3.5099465221e-07    |    4.8775198845e+03    |    4.8775357121e+03    |
| 0.45833 |    3.5073232061e-07    |    4.8887112969e+03    |    4.8887273112e+03    |
| 0.46000 |    3.5046981026e-07    |    4.8997927538e+03    |    4.8998089553e+03    |
| 0.46167 |    3.5020713312e-07    |    4.9107634546e+03    |    4.9107798438e+03    |
| 0.46333 |    3.4994430122e-07    |    4.9216226028e+03    |    4.9216391803e+03    |
| 0.46500 |    3.4968132666e-07    |    4.9323694065e+03    |    4.9323861727e+03    |
| 0.46667 |    3.4941822157e-07    |    4.9430030781e+03    |    4.9430200336e+03    |
| 0.46833 |    3.4915499816e-07    |    4.9535228348e+03    |    4.9535399800e+03    |
| 0.47000 |    3.4889166870e-07    |    4.9639278988e+03    |    4.9639452342e+03    |
| 0.47167 |    3.4862824550e-07    |    4.9742174973e+03    |    4.9742350235e+03    |
| 0.47333 |    3.4836474092e-07    |    4.9843908631e+03    |    4.9844085804e+03    |
| 0.47500 |    3.4810116740e-07    |    4.9944472343e+03    |    4.9944651432e+03    |
| 0.47667 |    3.4783753741e-07    |    5.0043858548e+03    |    5.0044039558e+03    |
| 0.47833 |    3.4757386346e-07    |    5.0142059744e+03    |    5.0142242680e+03    |
| 0.48000 |    3.4731015814e-07    |    5.0239068493e+03    |    5.0239253359e+03    |
| 0.48167 |    3.4704643407e-07    |    5.0334877417e+03    |    5.0335064218e+03    |
| 0.48333 |    3.4678270391e-07    |    5.0429479208e+03    |    5.0429667947e+03    |
| 0.48500 |    3.4651898037e-07    |    5.0522866621e+03    |    5.0523057303e+03    |
| 0.48667 |    3.4625527622e-07    |    5.0615032484e+03    |    5.0615225113e+03    |
| 0.48833 |    3.4599160425e-07    |    5.0705969697e+03    |    5.0706164278e+03    |
| 0.49000 |    3.4572797729e-07    |    5.0795671233e+03    |    5.0795867770e+03    |
| 0.49167 |    3.4546440823e-07    |    5.0884130143e+03    |    5.0884328639e+03    |
| 0.49333 |    3.4520090998e-07    |    5.0971339553e+03    |    5.0971540014e+03    |
| 0.49500 |    3.4493749550e-07    |    5.1057292675e+03    |    5.1057495103e+03    |
| 0.49667 |    3.4467417776e-07    |    5.1141982799e+03    |    5.1142187199e+03    |
| 0.49833 |    3.4441096979e-07    |    5.1225403302e+03    |    5.1225609678e+03    |
| 0.50000 |    3.4414788464e-07    |    5.1307547650e+03    |    5.1307756004e+03    |
| 0.50167 |    3.4388493538e-07    |    5.1388409394e+03    |    5.1388619732e+03    |
| 0.50333 |    3.4362213513e-07    |    5.1467982181e+03    |    5.1468194506e+03    |
| 0.50500 |    3.4335949702e-07    |    5.1546259750e+03    |    5.1546474066e+03    |
| 0.50667 |    3.4309703421e-07    |    5.1623235935e+03    |    5.1623452246e+03    |
| 0.50833 |    3.4283475988e-07    |    5.1698904671e+03    |    5.1699122980e+03    |
| 0.51000 |    3.4257268724e-07    |    5.1773259992e+03    |    5.1773480302e+03    |
| 0.51167 |    3.4231082950e-07    |    5.1846296034e+03    |    5.1846518350e+03    |
| 0.51333 |    3.4204919992e-07    |    5.1918007039e+03    |    5.1918231364e+03    |
| 0.51500 |    3.4178781174e-07    |    5.1988387356e+03    |    5.1988613694e+03    |
| 0.51667 |    3.4152667825e-07    |    5.2057431445e+03    |    5.2057659798e+03    |
| 0.51833 |    3.4126581271e-07    |    5.2125133875e+03    |    5.2125364248e+03    |
| 0.52000 |    3.4100522843e-07    |    5.2191489332e+03    |    5.2191721727e+03    |
| 0.52167 |    3.4074493871e-07    |    5.2256492615e+03    |    5.2256727037e+03    |
| 0.52333 |    3.4048495685e-07    |    5.2320138644e+03    |    5.2320375096e+03    |
| 0.52500 |    3.4022529618e-07    |    5.2382422460e+03    |    5.2382660945e+03    |
| 0.52667 |    3.3996597001e-07    |    5.2443339224e+03    |    5.2443579747e+03    |
| 0.52833 |    3.3970699165e-07    |    5.2502884227e+03    |    5.2503126790e+03    |
| 0.53000 |    3.3944837443e-07    |    5.2561052883e+03    |    5.2561297490e+03    |
| 0.53167 |    3.3919013165e-07    |    5.2617840739e+03    |    5.2618087393e+03    |
| 0.53333 |    3.3893227663e-07    |    5.2673243471e+03    |    5.2673492176e+03    |
| 0.53500 |    3.3867482266e-07    |    5.2727256891e+03    |    5.2727507651e+03    |
| 0.53667 |    3.3841778304e-07    |    5.2779876949e+03    |    5.2780129766e+03    |
| 0.53833 |    3.3816117105e-07    |    5.2831099729e+03    |    5.2831354608e+03    |
| 0.54000 |    3.3790499996e-07    |    5.2880921462e+03    |    5.2881178405e+03    |
| 0.54167 |    3.3764928302e-07    |    5.2929338516e+03    |    5.2929597528e+03    |
| 0.54333 |    3.3739403346e-07    |    5.2976347407e+03    |    5.2976608492e+03    |
| 0.54500 |    3.3713926450e-07    |    5.3021944800e+03    |    5.3022207960e+03    |
| 0.54667 |    3.3688498933e-07    |    5.3066127506e+03    |    5.3066392746e+03    |
| 0.54833 |    3.3663122112e-07    |    5.3108892490e+03    |    5.3109159814e+03    |
| 0.55000 |    3.3637797302e-07    |    5.3150236871e+03    |    5.3150506282e+03    |
| 0.55167 |    3.3612525813e-07    |    5.3190157922e+03    |    5.3190429425e+03    |
| 0.55333 |    3.3587308955e-07    |    5.3228653075e+03    |    5.3228926674e+03    |
| 0.55500 |    3.3562148033e-07    |    5.3265719923e+03    |    5.3265995621e+03    |
| 0.55667 |    3.3537044348e-07    |    5.3301356220e+03    |    5.3301634022e+03    |
| 0.55833 |    3.3511999198e-07    |    5.3335559885e+03    |    5.3335839795e+03    |
| 0.56000 |    3.3487013878e-07    |    5.3368329002e+03    |    5.3368611024e+03    |
| 0.56167 |    3.3462089677e-07    |    5.3399661824e+03    |    5.3399945963e+03    |
| 0.56333 |    3.3437227881e-07    |    5.3429556774e+03    |    5.3429843035e+03    |
| 0.56500 |    3.3412429771e-07    |    5.3458012447e+03    |    5.3458300835e+03    |
| 0.56667 |    3.3387696624e-07    |    5.3485027613e+03    |    5.3485318132e+03    |
| 0.56833 |    3.3363029710e-07    |    5.3510601218e+03    |    5.3510893873e+03    |
| 0.57000 |    3.3338430296e-07    |    5.3534732383e+03    |    5.3535027179e+03    |
| 0.57167 |    3.3313899641e-07    |    5.3557420412e+03    |    5.3557717355e+03    |
| 0.57333 |    3.3289439001e-07    |    5.3578664789e+03    |    5.3578963885e+03    |
| 0.57500 |    3.3265049624e-07    |    5.3598465182e+03    |    5.3598766435e+03    |
| 0.57667 |    3.3240732753e-07    |    5.3616821442e+03    |    5.3617124860e+03    |
| 0.57833 |    3.3216489624e-07    |    5.3633733611e+03    |    5.3634039197e+03    |
| 0.58000 |    3.3192321466e-07    |    5.3649201914e+03    |    5.3649509677e+03    |
| 0.58167 |    3.3168229504e-07    |    5.3663226770e+03    |    5.3663536716e+03    |
| 0.58333 |    3.3144214951e-07    |    5.3675808789e+03    |    5.3676120924e+03    |
| 0.58500 |    3.3120279017e-07    |    5.3686948774e+03    |    5.3687263104e+03    |
| 0.58667 |    3.3096422902e-07    |    5.3696647721e+03    |    5.3696964254e+03    |
| 0.58833 |    3.3072647801e-07    |    5.3704906826e+03    |    5.3705225569e+03    |
| 0.59000 |    3.3048954897e-07    |    5.3711727479e+03    |    5.3712048440e+03    |
| 0.59167 |    3.3025345367e-07    |    5.3717111272e+03    |    5.3717434459e+03    |
| 0.59333 |    3.3001820382e-07    |    5.3721059995e+03    |    5.3721385416e+03    |
| 0.59500 |    3.2978381100e-07    |    5.3723575643e+03    |    5.3723903307e+03    |
| 0.59667 |    3.2955028672e-07    |    5.3724660412e+03    |    5.3724990327e+03    |
| 0.59833 |    3.2931764241e-07    |    5.3724316703e+03    |    5.3724648878e+03    |
| 0.60000 |    3.2908588939e-07    |    5.3722547121e+03    |    5.3722881565e+03    |
| 0.60167 |    3.2885503890e-07    |    5.3719354480e+03    |    5.3719691204e+03    |
| 0.60333 |    3.2862510207e-07    |    5.3714741801e+03    |    5.3715080814e+03    |
| 0.60500 |    3.2839608994e-07    |    5.3708712313e+03    |    5.3709053626e+03    |
| 0.60667 |    3.2816801344e-07    |    5.3701269455e+03    |    5.3701613080e+03    |
| 0.60833 |    3.2794088341e-07    |    5.3692416878e+03    |    5.3692762824e+03    |
| 0.61000 |    3.2771471056e-07    |    5.3682158443e+03    |    5.3682506723e+03    |
| 0.61167 |    3.2748950552e-07    |    5.3670498223e+03    |    5.3670848848e+03    |
| 0.61333 |    3.2726527879e-07    |    5.3657440505e+03    |    5.3657793489e+03    |
| 0.61500 |    3.2704204077e-07    |    5.3642989790e+03    |    5.3643345145e+03    |
| 0.61667 |    3.2681980174e-07    |    5.3627150792e+03    |    5.3627508531e+03    |
| 0.61833 |    3.2659857187e-07    |    5.3609928441e+03    |    5.3610288579e+03    |
| 0.62000 |    3.2637836120e-07    |    5.3591327882e+03    |    5.3591690432e+03    |
| 0.62167 |    3.2615917966e-07    |    5.3571354476e+03    |    5.3571719454e+03    |
| 0.62333 |    3.2594103706e-07    |    5.3550013799e+03    |    5.3550381220e+03    |
| 0.62500 |    3.2572394308e-07    |    5.3527311645e+03    |    5.3527681524e+03    |
| 0.62667 |    3.2550790728e-07    |    5.3503254023e+03    |    5.3503626378e+03    |
| 0.62833 |    3.2529293908e-07    |    5.3477847160e+03    |    5.3478222008e+03    |
| 0.63000 |    3.2507904778e-07    |    5.3451097500e+03    |    5.3451474857e+03    |
| 0.63167 |    3.2486624255e-07    |    5.3423011702e+03    |    5.3423391588e+03    |
| 0.63333 |    3.2465453244e-07    |    5.3393596644e+03    |    5.3393979078e+03    |
| 0.63500 |    3.2444392633e-07    |    5.3362859419e+03    |    5.3363244420e+03    |
| 0.63667 |    3.2423443299e-07    |    5.3330807337e+03    |    5.3331194925e+03    |
| 0.63833 |    3.2402606105e-07    |    5.3297447924e+03    |    5.3297838119e+03    |
| 0.64000 |    3.2381881899e-07    |    5.3262788921e+03    |    5.3263181746e+03    |
| 0.64167 |    3.2361271516e-07    |    5.3226838285e+03    |    5.3227233762e+03    |
| 0.64333 |    3.2340775776e-07    |    5.3189604188e+03    |    5.3190002340e+03    |
| 0.64500 |    3.2320395485e-07    |    5.3151095013e+03    |    5.3151495864e+03    |
| 0.64667 |    3.2300131433e-07    |    5.3111319361e+03    |    5.3111722935e+03    |
| 0.64833 |    3.2279984397e-07    |    5.3070286041e+03    |    5.3070692365e+03    |
| 0.65000 |    3.2259955139e-07    |    5.3028004077e+03    |    5.3028413176e+03    |
| 0.65167 |    3.2240044404e-07    |    5.2984482701e+03    |    5.2984894602e+03    |
| 0.65333 |    3.2220252924e-07    |    5.2939731356e+03    |    5.2940146087e+03    |
| 0.65500 |    3.2200581414e-07    |    5.2893759693e+03    |    5.2894177283e+03    |
| 0.65667 |    3.2181030576e-07    |    5.2846577569e+03    |    5.2846998048e+03    |
| 0.65833 |    3.2161601093e-07    |    5.2798195048e+03    |    5.2798618448e+03    |
| 0.66000 |    3.2142293635e-07    |    5.2748622399e+03    |    5.2749048750e+03    |
| 0.66167 |    3.2123108854e-07    |    5.2697870093e+03    |    5.2698299428e+03    |
| 0.66333 |    3.2104047389e-07    |    5.2645948800e+03    |    5.2646381153e+03    |
| 0.66500 |    3.2085109861e-07    |    5.2592869394e+03    |    5.2593304799e+03    |
| 0.66667 |    3.2066296874e-07    |    5.2538642942e+03    |    5.2539081436e+03    |
| 0.66833 |    3.2047609017e-07    |    5.2483280710e+03    |    5.2483722330e+03    |
| 0.67000 |    3.2029046863e-07    |    5.2426794158e+03    |    5.2427238941e+03    |
| 0.67167 |    3.2010610968e-07    |    5.2369194935e+03    |    5.2369642920e+03    |
| 0.67333 |    3.1992301871e-07    |    5.2310494881e+03    |    5.2310946110e+03    |
| 0.67500 |    3.1974120096e-07    |    5.2250706023e+03    |    5.2251160537e+03    |
| 0.67667 |    3.1956066147e-07    |    5.2189840575e+03    |    5.2190298416e+03    |
| 0.67833 |    3.1938140516e-07    |    5.2127910929e+03    |    5.2128372142e+03    |
| 0.68000 |    3.1920343674e-07    |    5.2064929661e+03    |    5.2065394291e+03    |
| 0.68167 |    3.1902676077e-07    |    5.2000909522e+03    |    5.2001377615e+03    |
| 0.68333 |    3.1885138164e-07    |    5.1935863437e+03    |    5.1936335042e+03    |
| 0.68500 |    3.1867730356e-07    |    5.1869804504e+03    |    5.1870279670e+03    |
| 0.68667 |    3.1850453058e-07    |    5.1802745988e+03    |    5.1803224766e+03    |
| 0.68833 |    3.1833306658e-07    |    5.1734701321e+03    |    5.1735183763e+03    |
| 0.69000 |    3.1816291525e-07    |    5.1665684095e+03    |    5.1666170255e+03    |
| 0.69167 |    3.1799408014e-07    |    5.1595708063e+03    |    5.1596197996e+03    |
| 0.69333 |    3.1782656460e-07    |    5.1524787133e+03    |    5.1525280896e+03    |
| 0.69500 |    3.1766037182e-07    |    5.1452935365e+03    |    5.1453433017e+03    |
| 0.69667 |    3.1749550480e-07    |    5.1380166968e+03    |    5.1380668568e+03    |
| 0.69833 |    3.1733196641e-07    |    5.1306496294e+03    |    5.1307001904e+03    |
| 0.70000 |    3.1716975929e-07    |    5.1231937838e+03    |    5.1232447522e+03    |
| 0.70167 |    3.1700888596e-07    |    5.1156506233e+03    |    5.1157020056e+03    |
| 0.70333 |    3.1684934872e-07    |    5.1080216244e+03    |    5.1080734272e+03    |
| 0.70500 |    3.1669114974e-07    |    5.1003082764e+03    |    5.1003605067e+03    |
| 0.70667 |    3.1653429098e-07    |    5.0925120814e+03    |    5.0925647462e+03    |
| 0.70833 |    3.1637877426e-07    |    5.0846345533e+03    |    5.0846876599e+03    |
| 0.71000 |    3.1622460120e-07    |    5.0766772180e+03    |    5.0767307737e+03    |
| 0.71167 |    3.1607177327e-07    |    5.0686416123e+03    |    5.0686956248e+03    |
| 0.71333 |    3.1592029175e-07    |    5.0605292838e+03    |    5.0605837610e+03    |
| 0.71500 |    3.1577015776e-07    |    5.0523417906e+03    |    5.0523967405e+03    |
| 0.71667 |    3.1562137224e-07    |    5.0440807004e+03    |    5.0441361313e+03    |
| 0.71833 |    3.1547393598e-07    |    5.0357475904e+03    |    5.0358035107e+03    |
| 0.72000 |    3.1532784956e-07    |    5.0273440466e+03    |    5.0274004651e+03    |
| 0.72167 |    3.1518311343e-07    |    5.0188716634e+03    |    5.0189285889e+03    |
| 0.72333 |    3.1503972785e-07    |    5.0103320430e+03    |    5.0103894847e+03    |
| 0.72500 |    3.1489769292e-07    |    5.0017267951e+03    |    5.0017847623e+03    |
| 0.72667 |    3.1475700856e-07    |    4.9930575360e+03    |    4.9931160384e+03    |
| 0.72833 |    3.1461767454e-07    |    4.9843258885e+03    |    4.9843849360e+03    |
| 0.73000 |    3.1447969045e-07    |    4.9755334811e+03    |    4.9755930839e+03    |
| 0.73167 |    3.1434305572e-07    |    4.9666819477e+03    |    4.9667421160e+03    |
| 0.73333 |    3.1420776962e-07    |    4.9577729265e+03    |    4.9578336710e+03    |
| 0.73500 |    3.1407383125e-07    |    4.9488080602e+03    |    4.9488693918e+03    |
| 0.73667 |    3.1394123954e-07    |    4.9397889949e+03    |    4.9398509248e+03    |
| 0.73833 |    3.1380999326e-07    |    4.9307173796e+03    |    4.9307799193e+03    |
| 0.74000 |    3.1368009104e-07    |    4.9215948661e+03    |    4.9216580273e+03    |
| 0.74167 |    3.1355153133e-07    |    4.9124231075e+03    |    4.9124869023e+03    |
| 0.74333 |    3.1342431243e-07    |    4.9032037586e+03    |    4.9032681993e+03    |
| 0.74500 |    3.1329843247e-07    |    4.8939384746e+03    |    4.8940035739e+03    |
| 0.74667 |    3.1317388943e-07    |    4.8846289110e+03    |    4.8846946817e+03    |
| 0.74833 |    3.1305068115e-07    |    4.8752767225e+03    |    4.8753431781e+03    |
| 0.75000 |    3.1292880528e-07    |    4.8658835629e+03    |    4.8659507169e+03    |
| 0.75167 |    3.1280825937e-07    |    4.8564510842e+03    |    4.8565189505e+03    |
| 0.75333 |    3.1268904077e-07    |    4.8469809358e+03    |    4.8470495288e+03    |
| 0.75500 |    3.1257114669e-07    |    4.8374747646e+03    |    4.8375440989e+03    |
| 0.75667 |    3.1245457422e-07    |    4.8279342135e+03    |    4.8280043041e+03    |
| 0.75833 |    3.1233932027e-07    |    4.8183609214e+03    |    4.8184317836e+03    |
| 0.76000 |    3.1222538163e-07    |    4.8087565222e+03    |    4.8088281719e+03    |
| 0.76167 |    3.1211275491e-07    |    4.7991226447e+03    |    4.7991950979e+03    |
| 0.76333 |    3.1200143662e-07    |    4.7894609112e+03    |    4.7895341845e+03    |
| 0.76500 |    3.1189142309e-07    |    4.7797729376e+03    |    4.7798470479e+03    |
| 0.76667 |    3.1178271054e-07    |    4.7700603324e+03    |    4.7701352970e+03    |
| 0.76833 |    3.1167529505e-07    |    4.7603246961e+03    |    4.7604005328e+03    |
| 0.77000 |    3.1156917253e-07    |    4.7505676206e+03    |    4.7506443476e+03    |
| 0.77167 |    3.1146433879e-07    |    4.7407906887e+03    |    4.7408683247e+03    |
| 0.77333 |    3.1136078950e-07    |    4.7309954734e+03    |    4.7310740375e+03    |
| 0.77500 |    3.1125852018e-07    |    4.7211835373e+03    |    4.7212630489e+03    |
| 0.77667 |    3.1115752624e-07    |    4.7113564317e+03    |    4.7114369111e+03    |
| 0.77833 |    3.1105780297e-07    |    4.7015156965e+03    |    4.7015971641e+03    |
| 0.78000 |    3.1095934549e-07    |    4.6916628593e+03    |    4.6917453362e+03    |
| 0.78167 |    3.1086214885e-07    |    4.6817994348e+03    |    4.6818829425e+03    |
| 0.78333 |    3.1076620793e-07    |    4.6719269240e+03    |    4.6720114847e+03    |
| 0.78500 |    3.1067151752e-07    |    4.6620468143e+03    |    4.6621324505e+03    |
| 0.78667 |    3.1057807228e-07    |    4.6521605780e+03    |    4.6522473130e+03    |
| 0.78833 |    3.1048586675e-07    |    4.6422696724e+03    |    4.6423575300e+03    |
| 0.79000 |    3.1039489535e-07    |    4.6323755389e+03    |    4.6324645435e+03    |
| 0.79167 |    3.1030515239e-07    |    4.6224796027e+03    |    4.6225697792e+03    |
| 0.79333 |    3.1021663208e-07    |    4.6125832717e+03    |    4.6126746458e+03    |
| 0.79500 |    3.1012932851e-07    |    4.6026879367e+03    |    4.6027805345e+03    |
| 0.79667 |    3.1004323564e-07    |    4.5927949702e+03    |    4.5928888187e+03    |
| 0.79833 |    3.0995834736e-07    |    4.5829057263e+03    |    4.5830008531e+03    |
| 0.80000 |    3.0987465743e-07    |    4.5730215398e+03    |    4.5731179732e+03    |
| 0.80167 |    3.0979215951e-07    |    4.5631437263e+03    |    4.5632414952e+03    |
| 0.80333 |    3.0971084717e-07    |    4.5532735808e+03    |    4.5533727151e+03    |
| 0.80500 |    3.0963071386e-07    |    4.5434123782e+03    |    4.5435129083e+03    |
| 0.80667 |    3.0955175296e-07    |    4.5335613719e+03    |    4.5336633292e+03    |
| 0.80833 |    3.0947395773e-07    |    4.5237217943e+03    |    4.5238252108e+03    |
| 0.81000 |    3.0939732134e-07    |    4.5138948554e+03    |    4.5139997641e+03    |
| 0.81167 |    3.0932183688e-07    |    4.5040817431e+03    |    4.5041881778e+03    |
| 0.81333 |    3.0924749732e-07    |    4.4942836222e+03    |    4.4943916176e+03    |
| 0.81500 |    3.0917429559e-07    |    4.4845016346e+03    |    4.4846112263e+03    |
| 0.81667 |    3.0910222448e-07    |    4.4747368985e+03    |    4.4748481230e+03    |
| 0.81833 |    3.0903127672e-07    |    4.4649905080e+03    |    4.4651034030e+03    |
| 0.82000 |    3.0896144497e-07    |    4.4552635332e+03    |    4.4553781371e+03    |
| 0.82167 |    3.0889272178e-07    |    4.4455570192e+03    |    4.4456733716e+03    |
| 0.82333 |    3.0882509963e-07    |    4.4358719864e+03    |    4.4359901279e+03    |
| 0.82500 |    3.0875857093e-07    |    4.4262094298e+03    |    4.4263294023e+03    |
| 0.82667 |    3.0869312800e-07    |    4.4165703190e+03    |    4.4166921654e+03    |
| 0.82833 |    3.0862876310e-07    |    4.4069555977e+03    |    4.4070793622e+03    |
| 0.83000 |    3.0856546840e-07    |    4.3973661836e+03    |    4.3974919115e+03    |
| 0.83167 |    3.0850323601e-07    |    4.3878029682e+03    |    4.3879307061e+03    |
| 0.83333 |    3.0844205795e-07    |    4.3782668166e+03    |    4.3783966125e+03    |
| 0.83500 |    3.0838192621e-07    |    4.3687585671e+03    |    4.3688904704e+03    |
| 0.83667 |    3.0832283267e-07    |    4.3592790315e+03    |    4.3594130929e+03    |
| 0.83833 |    3.0826476917e-07    |    4.3498289945e+03    |    4.3499652662e+03    |
| 0.84000 |    3.0820772749e-07    |    4.3404092138e+03    |    4.3405477496e+03    |
| 0.84167 |    3.0815169932e-07    |    4.3310204201e+03    |    4.3311612754e+03    |
| 0.84333 |    3.0809667632e-07    |    4.3216633170e+03    |    4.3218065488e+03    |
| 0.84500 |    3.0804265007e-07    |    4.3123385808e+03    |    4.3124842477e+03    |
| 0.84667 |    3.0798961211e-07    |    4.3030468605e+03    |    4.3031950231e+03    |
| 0.84833 |    3.0793755390e-07    |    4.2937887781e+03    |    4.2939394988e+03    |
| 0.85000 |    3.0788646686e-07    |    4.2845649283e+03    |    4.2847182713e+03    |
| 0.85167 |    3.0783634237e-07    |    4.2753758787e+03    |    4.2755319102e+03    |
| 0.85333 |    3.0778717172e-07    |    4.2662221698e+03    |    4.2663809583e+03    |
| 0.85500 |    3.0773894619e-07    |    4.2571043154e+03    |    4.2572659313e+03    |
| 0.85667 |    3.0769165699e-07    |    4.2480228021e+03    |    4.2481873182e+03    |
| 0.85833 |    3.0764529528e-07    |    4.2389780901e+03    |    4.2391455815e+03    |
| 0.86000 |    3.0759985219e-07    |    4.2299706129e+03    |    4.2301411573e+03    |
| 0.86167 |    3.0755531878e-07    |    4.2210007780e+03    |    4.2211744553e+03    |
| 0.86333 |    3.0751168609e-07    |    4.2120689664e+03    |    4.2122458596e+03    |
| 0.86500 |    3.0746894510e-07    |    4.2031755336e+03    |    4.2033557281e+03    |
| 0.86667 |    3.0742708677e-07    |    4.1943208092e+03    |    4.1945043935e+03    |
| 0.86833 |    3.0738610199e-07    |    4.1855050977e+03    |    4.1856921634e+03    |
| 0.87000 |    3.0734598164e-07    |    4.1767286786e+03    |    4.1769193202e+03    |
| 0.87167 |    3.0730671655e-07    |    4.1679918065e+03    |    4.1681861221e+03    |
| 0.87333 |    3.0726829752e-07    |    4.1592947119e+03    |    4.1594928028e+03    |
| 0.87500 |    3.0723071529e-07    |    4.1506376011e+03    |    4.1508395725e+03    |
| 0.87667 |    3.0719396061e-07    |    4.1420206571e+03    |    4.1422266177e+03    |
| 0.87833 |    3.0715802417e-07    |    4.1334440395e+03    |    4.1336541021e+03    |
| 0.88000 |    3.0712289662e-07    |    4.1249078852e+03    |    4.1251221667e+03    |
| 0.88167 |    3.0708856860e-07    |    4.1164123086e+03    |    4.1166309304e+03    |
| 0.88333 |    3.0705503072e-07    |    4.1079574027e+03    |    4.1081804905e+03    |
| 0.88500 |    3.0702227356e-07    |    4.0995432385e+03    |    4.0997709231e+03    |
| 0.88667 |    3.0699028766e-07    |    4.0911698665e+03    |    4.0914022835e+03    |
| 0.88833 |    3.0695906356e-07    |    4.0828373167e+03    |    4.0830746071e+03    |
| 0.89000 |    3.0692859175e-07    |    4.0745455991e+03    |    4.0747879093e+03    |
| 0.89167 |    3.0689886271e-07    |    4.0662947043e+03    |    4.0665421866e+03    |
| 0.89333 |    3.0686986691e-07    |    4.0580846043e+03    |    4.0583374170e+03    |
| 0.89500 |    3.0684159478e-07    |    4.0499152523e+03    |    4.0501735604e+03    |
| 0.89667 |    3.0681403673e-07    |    4.0417865842e+03    |    4.0420505592e+03    |
| 0.89833 |    3.0678718318e-07    |    4.0336985185e+03    |    4.0339683392e+03    |
| 0.90000 |    3.0676102450e-07    |    4.0256509570e+03    |    4.0259268096e+03    |
| 0.90167 |    3.0673555107e-07    |    4.0176437854e+03    |    4.0179258642e+03    |
| 0.90333 |    3.0671075324e-07    |    4.0096768741e+03    |    4.0099653815e+03    |
| 0.90500 |    3.0668662135e-07    |    4.0017500782e+03    |    4.0020452256e+03    |
| 0.90667 |    3.0666314574e-07    |    3.9938632386e+03    |    3.9941652467e+03    |
| 0.90833 |    3.0664031672e-07    |    3.9860161825e+03    |    3.9863252817e+03    |
| 0.91000 |    3.0661812460e-07    |    3.9782087235e+03    |    3.9785251548e+03    |
| 0.91167 |    3.0659655969e-07    |    3.9704406628e+03    |    3.9707646781e+03    |
| 0.91333 |    3.0657561229e-07    |    3.9627117893e+03    |    3.9630436521e+03    |
| 0.91500 |    3.0655527268e-07    |    3.9550218804e+03    |    3.9553618664e+03    |
| 0.91667 |    3.0653553116e-07    |    3.9473707022e+03    |    3.9477191005e+03    |
| 0.91833 |    3.0651637802e-07    |    3.9397580104e+03    |    3.9401151238e+03    |
| 0.92000 |    3.0649780354e-07    |    3.9321835507e+03    |    3.9325496967e+03    |
| 0.92167 |    3.0647979799e-07    |    3.9246470592e+03    |    3.9250225709e+03    |
| 0.92333 |    3.0646235169e-07    |    3.9171482628e+03    |    3.9175334899e+03    |
| 0.92500 |    3.0644545491e-07    |    3.9096868800e+03    |    3.9100821900e+03    |
| 0.92667 |    3.0642909795e-07    |    3.9022626211e+03    |    3.9026684000e+03    |
| 0.92833 |    3.0641327111e-07    |    3.8948751886e+03    |    3.8952918427e+03    |
| 0.93000 |    3.0639796471e-07    |    3.8875242776e+03    |    3.8879522344e+03    |
| 0.93167 |    3.0638316907e-07    |    3.8802095764e+03    |    3.8806492862e+03    |
| 0.93333 |    3.0636887453e-07    |    3.8729307667e+03    |    3.8733827040e+03    |
| 0.93500 |    3.0635507142e-07    |    3.8656875238e+03    |    3.8661521893e+03    |
| 0.93667 |    3.0634175011e-07    |    3.8584795172e+03    |    3.8589574391e+03    |
| 0.93833 |    3.0632890098e-07    |    3.8513064106e+03    |    3.8517981469e+03    |
| 0.94000 |    3.0631651442e-07    |    3.8441678620e+03    |    3.8446740029e+03    |
| 0.94167 |    3.0630458085e-07    |    3.8370635247e+03    |    3.8375846941e+03    |
| 0.94333 |    3.0629309071e-07    |    3.8299930463e+03    |    3.8305299052e+03    |
| 0.94500 |    3.0628203447e-07    |    3.8229560699e+03    |    3.8235093185e+03    |
| 0.94667 |    3.0627140260e-07    |    3.8159522334e+03    |    3.8165226143e+03    |
| 0.94833 |    3.0626118564e-07    |    3.8089811700e+03    |    3.8095694717e+03    |
| 0.95000 |    3.0625137412e-07    |    3.8020425078e+03    |    3.8026495681e+03    |
| 0.95167 |    3.0624195863e-07    |    3.7951358704e+03    |    3.7957625801e+03    |
| 0.95333 |    3.0623292978e-07    |    3.7882608761e+03    |    3.7889081835e+03    |
| 0.95500 |    3.0622427822e-07    |    3.7814171380e+03    |    3.7820860536e+03    |
| 0.95667 |    3.0621599464e-07    |    3.7746042637e+03    |    3.7752958655e+03    |
| 0.95833 |    3.0620806977e-07    |    3.7678218552e+03    |    3.7685372943e+03    |
| 0.96000 |    3.0620049439e-07    |    3.7610695084e+03    |    3.7618100152e+03    |
| 0.96167 |    3.0619325931e-07    |    3.7543468123e+03    |    3.7551137036e+03    |
| 0.96333 |    3.0618635542e-07    |    3.7476533490e+03    |    3.7484480358e+03    |
| 0.96500 |    3.0617977361e-07    |    3.7409886926e+03    |    3.7418126884e+03    |
| 0.96667 |    3.0617350487e-07    |    3.7343524086e+03    |    3.7352073392e+03    |
| 0.96833 |    3.0616754023e-07    |    3.7277440529e+03    |    3.7286316668e+03    |
| 0.97000 |    3.0616187078e-07    |    3.7211631708e+03    |    3.7220853510e+03    |
| 0.97167 |    3.0615648765e-07    |    3.7146092957e+03    |    3.7155680729e+03    |
| 0.97333 |    3.0615138207e-07    |    3.7080819475e+03    |    3.7090795150e+03    |
| 0.97500 |    3.0614654532e-07    |    3.7015806311e+03    |    3.7026193612e+03    |
| 0.97667 |    3.0614196875e-07    |    3.6951048342e+03    |    3.6961872972e+03    |
| 0.97833 |    3.0613764377e-07    |    3.6886540255e+03    |    3.6897830103e+03    |
| 0.98000 |    3.0613356189e-07    |    3.6822276515e+03    |    3.6834061897e+03    |
| 0.98167 |    3.0612971469e-07    |    3.6758251339e+03    |    3.6770565265e+03    |
| 0.98333 |    3.0612609383e-07    |    3.6694458655e+03    |    3.6707337139e+03    |
| 0.98500 |    3.0612269104e-07    |    3.6630892065e+03    |    3.6644374471e+03    |
| 0.98667 |    3.0611949817e-07    |    3.6567544797e+03    |    3.6581674237e+03    |
| 0.98833 |    3.0611650714e-07    |    3.6504409642e+03    |    3.6519233435e+03    |
| 0.99000 |    3.0611370997e-07    |    3.6441478890e+03    |    3.6457049088e+03    |
| 0.99167 |    3.0611109878e-07    |    3.6378744249e+03    |    3.6395118244e+03    |
| 0.99333 |    3.0610866580e-07    |    3.6316196753e+03    |    3.6333437976e+03    |
| 0.99500 |    3.0610640334e-07    |    3.6253826647e+03    |    3.6272005386e+03    |
| 0.99667 |    3.0610430385e-07    |    3.6191623251e+03    |    3.6210817603e+03    |
| 0.99833 |    3.0610235987e-07    |    3.6129574800e+03    |    3.6149871787e+03    |
| 1.00000 |    3.0610056408e-07    |    3.5992280729e+03    |    3.6089165126e+03    |
--------------------------------------------------------------------------------------