Число узлов n = 701
--------------------------------------------------------------------------------------
|    x    |          u(z)          |          f(z)          |     f(z) integral      |
--------------------------------------------------------------------------------------
| 0.00000 |    3.9205340580e-07    |    0.0000000000e+00    |    0.0000000000e+00    |
| 0.00143 |    3.9205290119e-07    |    1.7683385758e+01    |    1.6678772689e+01    |
| 0.00286 |    3.9205159329e-07    |    3.3759398638e+01    |    3.3357555425e+01    |
| 0.00429 |    3.9204944093e-07    |    5.0294683670e+01    |    5.0036358024e+01    |
| 0.00571 |    3.9204643820e-07    |    6.6906540318e+01    |    6.6715190204e+01    |
| 0.00714 |    3.9204258316e-07    |    8.3546269706e+01    |    8.3394061667e+01    |
| 0.00857 |    3.9203787489e-07    |    1.0019942948e+02    |    1.0007298205e+02    |
| 0.01000 |    3.9203231294e-07    |    1.1686014132e+02    |    1.1675196090e+02    |
| 0.01143 |    3.9202589699e-07    |    1.3352554947e+02    |    1.3343100766e+02    |
| 0.01286 |    3.9201862687e-07    |    1.5019409721e+02    |    1.5011013162e+02    |
| 0.01429 |    3.9201050243e-07    |    1.6686486403e+02    |    1.6678934193e+02    |
| 0.01571 |    3.9200152359e-07    |    1.8353727161e+02    |    1.8346864756e+02    |
| 0.01714 |    3.9199169027e-07    |    2.0021093929e+02    |    2.0014805731e+02    |
| 0.01857 |    3.9198100242e-07    |    2.1688560705e+02    |    2.1682757973e+02    |
| 0.02000 |    3.9196945999e-07    |    2.3356109197e+02    |    2.3350722316e+02    |
| 0.02143 |    3.9195706294e-07    |    2.5023726221e+02    |    2.5018699569e+02    |
| 0.02286 |    3.9194381124e-07    |    2.6691402082e+02    |    2.6686690513e+02    |
| 0.02429 |    3.9192970486e-07    |    2.8359129536e+02    |    2.8354695902e+02    |
| 0.02571 |    3.9191474379e-07    |    3.0026903089e+02    |    3.0022716455e+02    |
| 0.02714 |    3.9189892799e-07    |    3.1694718531e+02    |    3.1690752862e+02    |
| 0.02857 |    3.9188225745e-07    |    3.3362572598e+02    |    3.3358805776e+02    |
| 0.03000 |    3.9186473215e-07    |    3.5030462739e+02    |    3.5026875815e+02    |
| 0.03143 |    3.9184635208e-07    |    3.6698386940e+02    |    3.6694963556e+02    |
| 0.03286 |    3.9182711721e-07    |    3.8366343601e+02    |    3.8363069537e+02    |
| 0.03429 |    3.9180702754e-07    |    4.0034331434e+02    |    4.0031194253e+02    |
| 0.03571 |    3.9178608305e-07    |    4.1702349394e+02    |    4.1699338154e+02    |
| 0.03714 |    3.9176428373e-07    |    4.3370396620e+02    |    4.3367501645e+02    |
| 0.03857 |    3.9174162956e-07    |    4.5038472388e+02    |    4.5035685080e+02    |
| 0.04000 |    3.9171812054e-07    |    4.6706576082e+02    |    4.6703888765e+02    |
| 0.04143 |    3.9169375666e-07    |    4.8374707156e+02    |    4.8372112952e+02    |
| 0.04286 |    3.9166853790e-07    |    5.0042865121e+02    |    5.0040357841e+02    |
| 0.04429 |    3.9164246425e-07    |    5.1711049517e+02    |    5.1708623573e+02    |
| 0.04571 |    3.9161553571e-07    |    5.3379259905e+02    |    5.3376910234e+02    |
| 0.04714 |    3.9158775227e-07    |    5.5047495846e+02    |    5.5045217847e+02    |
| 0.04857 |    3.9155911392e-07    |    5.6715756895e+02    |    5.6713546374e+02    |
| 0.05000 |    3.9152962066e-07    |    5.8384042590e+02    |    5.8381895714e+02    |
| 0.05143 |    3.9149927248e-07    |    6.0052352443e+02    |    6.0050265700e+02    |
| 0.05286 |    3.9146806937e-07    |    6.1720685932e+02    |    6.1718656096e+02    |
| 0.05429 |    3.9143601134e-07    |    6.3389042496e+02    |    6.3387066597e+02    |
| 0.05571 |    3.9140309837e-07    |    6.5057421529e+02    |    6.5055496827e+02    |
| 0.05714 |    3.9136933047e-07    |    6.6725822374e+02    |    6.6723946335e+02    |
| 0.05857 |    3.9133470764e-07    |    6.8394244318e+02    |    6.8392414595e+02    |
| 0.06000 |    3.9129922987e-07    |    7.0062686589e+02    |    7.0060901004e+02    |
| 0.06143 |    3.9126289718e-07    |    7.1731148352e+02    |    7.1729404879e+02    |
| 0.06286 |    3.9122570956e-07    |    7.3399628702e+02    |    7.3397925457e+02    |
| 0.06429 |    3.9118766702e-07    |    7.5068126667e+02    |    7.5066461889e+02    |
| 0.06571 |    3.9114876956e-07    |    7.6736641196e+02    |    7.6735013243e+02    |
| 0.06714 |    3.9110901719e-07    |    7.8405171165e+02    |    7.8403578499e+02    |
| 0.06857 |    3.9106840992e-07    |    8.0073715367e+02    |    8.0072156548e+02    |
| 0.07000 |    3.9102694777e-07    |    8.1742272512e+02    |    8.1740746191e+02    |
| 0.07143 |    3.9098463074e-07    |    8.3410841227e+02    |    8.3409346133e+02    |
| 0.07286 |    3.9094145886e-07    |    8.5079420046e+02    |    8.5077954988e+02    |
| 0.07429 |    3.9089743213e-07    |    8.6748007416e+02    |    8.6746571270e+02    |
| 0.07571 |    3.9085255058e-07    |    8.8416601687e+02    |    8.8415193396e+02    |
| 0.07714 |    3.9080681423e-07    |    9.0085201117e+02    |    9.0083819682e+02    |
| 0.07857 |    3.9076022310e-07    |    9.1753803862e+02    |    9.1752448341e+02    |
| 0.08000 |    3.9071277723e-07    |    9.3422407980e+02    |    9.3421077481e+02    |
| 0.08143 |    3.9066447663e-07    |    9.5091011423e+02    |    9.5089705103e+02    |
| 0.08286 |    3.9061532134e-07    |    9.6759612042e+02    |    9.6758329103e+02    |
| 0.08429 |    3.9056531140e-07    |    9.8428207578e+02    |    9.8426947262e+02    |
| 0.08571 |    3.9051444684e-07    |    1.0009679566e+03    |    1.0009555725e+03    |
| 0.08714 |    3.9046272771e-07    |    1.0176537381e+03    |    1.0176415663e+03    |
| 0.08857 |    3.9041015404e-07    |    1.0343393944e+03    |    1.0343274283e+03    |
| 0.09000 |    3.9035672588e-07    |    1.0510248983e+03    |    1.0510131319e+03    |
| 0.09143 |    3.9030244329e-07    |    1.0677102216e+03    |    1.0676986490e+03    |
| 0.09286 |    3.9024730632e-07    |    1.0843953348e+03    |    1.0843839503e+03    |
| 0.09429 |    3.9019131502e-07    |    1.1010802072e+03    |    1.1010690056e+03    |
| 0.09571 |    3.9013446945e-07    |    1.1177648069e+03    |    1.1177537831e+03    |
| 0.09714 |    3.9007676969e-07    |    1.1344491006e+03    |    1.1344382498e+03    |
| 0.09857 |    3.9001821580e-07    |    1.1511330538e+03    |    1.1511223715e+03    |
| 0.10000 |    3.8995880785e-07    |    1.1678166309e+03    |    1.1678061125e+03    |
| 0.10143 |    3.8989854592e-07    |    1.1844997946e+03    |    1.1844894360e+03    |
| 0.10286 |    3.8983743010e-07    |    1.2011825064e+03    |    1.2011723036e+03    |
| 0.10429 |    3.8977546046e-07    |    1.2178647267e+03    |    1.2178546758e+03    |
| 0.10571 |    3.8971263711e-07    |    1.2345464141e+03    |    1.2345365116e+03    |
| 0.10714 |    3.8964896013e-07    |    1.2512275262e+03    |    1.2512177683e+03    |
| 0.10857 |    3.8958442963e-07    |    1.2679080187e+03    |    1.2678984023e+03    |
| 0.11000 |    3.8951904572e-07    |    1.2845878463e+03    |    1.2845783681e+03    |
| 0.11143 |    3.8945280850e-07    |    1.3012669621e+03    |    1.3012576189e+03    |
| 0.11286 |    3.8938571809e-07    |    1.3179453176e+03    |    1.3179361065e+03    |
| 0.11429 |    3.8931777463e-07    |    1.3346228629e+03    |    1.3346137811e+03    |
| 0.11571 |    3.8924897823e-07    |    1.3512995466e+03    |    1.3512905914e+03    |
| 0.11714 |    3.8917932902e-07    |    1.3679753157e+03    |    1.3679664845e+03    |
| 0.11857 |    3.8910882716e-07    |    1.3846501157e+03    |    1.3846414059e+03    |
| 0.12000 |    3.8903747279e-07    |    1.4013238904e+03    |    1.4013152997e+03    |
| 0.12143 |    3.8896526605e-07    |    1.4179965823e+03    |    1.4179881083e+03    |
| 0.12286 |    3.8889220712e-07    |    1.4346681319e+03    |    1.4346597724e+03    |
| 0.12429 |    3.8881829616e-07    |    1.4513384783e+03    |    1.4513302312e+03    |
| 0.12571 |    3.8874353333e-07    |    1.4680075589e+03    |    1.4679994221e+03    |
| 0.12714 |    3.8866791883e-07    |    1.4846753094e+03    |    1.4846672810e+03    |
| 0.12857 |    3.8859145284e-07    |    1.5013416639e+03    |    1.5013337420e+03    |
| 0.13000 |    3.8851413555e-07    |    1.5180065546e+03    |    1.5179987374e+03    |
| 0.13143 |    3.8843596718e-07    |    1.5346699122e+03    |    1.5346621979e+03    |
| 0.13286 |    3.8835694792e-07    |    1.5513316655e+03    |    1.5513240524e+03    |
| 0.13429 |    3.8827707800e-07    |    1.5679917415e+03    |    1.5679842281e+03    |
| 0.13571 |    3.8819635765e-07    |    1.5846500657e+03    |    1.5846426504e+03    |
| 0.13714 |    3.8811478711e-07    |    1.6013065614e+03    |    1.6012992426e+03    |
| 0.13857 |    3.8803236660e-07    |    1.6179611503e+03    |    1.6179539267e+03    |
| 0.14000 |    3.8794909640e-07    |    1.6346137522e+03    |    1.6346066224e+03    |
| 0.14143 |    3.8786497676e-07    |    1.6512642852e+03    |    1.6512572478e+03    |
| 0.14286 |    3.8778000795e-07    |    1.6679126652e+03    |    1.6679057190e+03    |
| 0.14429 |    3.8769419026e-07    |    1.6845588065e+03    |    1.6845519502e+03    |
| 0.14571 |    3.8760752396e-07    |    1.7012026214e+03    |    1.7011958539e+03    |
| 0.14714 |    3.8752000937e-07    |    1.7178440202e+03    |    1.7178373403e+03    |
| 0.14857 |    3.8743164679e-07    |    1.7344829113e+03    |    1.7344763179e+03    |
| 0.15000 |    3.8734243655e-07    |    1.7511192011e+03    |    1.7511126932e+03    |
| 0.15143 |    3.8725237896e-07    |    1.7677527941e+03    |    1.7677463706e+03    |
| 0.15286 |    3.8716147438e-07    |    1.7843835927e+03    |    1.7843772527e+03    |
| 0.15429 |    3.8706972315e-07    |    1.8010114973e+03    |    1.8010052398e+03    |
| 0.15571 |    3.8697712564e-07    |    1.8176364063e+03    |    1.8176302305e+03    |
| 0.15714 |    3.8688368222e-07    |    1.8342582160e+03    |    1.8342521210e+03    |
| 0.15857 |    3.8678939327e-07    |    1.8508768207e+03    |    1.8508708056e+03    |
| 0.16000 |    3.8669425919e-07    |    1.8674921124e+03    |    1.8674861765e+03    |
| 0.16143 |    3.8659828040e-07    |    1.8841039813e+03    |    1.8840981238e+03    |
| 0.16286 |    3.8650145730e-07    |    1.9007123152e+03    |    1.9007065354e+03    |
| 0.16429 |    3.8640379033e-07    |    1.9173169999e+03    |    1.9173112970e+03    |
| 0.16571 |    3.8630527995e-07    |    1.9339179190e+03    |    1.9339122925e+03    |
| 0.16714 |    3.8620592660e-07    |    1.9505149540e+03    |    1.9505094031e+03    |
| 0.16857 |    3.8610573075e-07    |    1.9671079840e+03    |    1.9671025081e+03    |
| 0.17000 |    3.8600469290e-07    |    1.9836968861e+03    |    1.9836914846e+03    |
| 0.17143 |    3.8590281353e-07    |    2.0002815350e+03    |    2.0002762075e+03    |
| 0.17286 |    3.8580009316e-07    |    2.0168618033e+03    |    2.0168565491e+03    |
| 0.17429 |    3.8569653231e-07    |    2.0334375613e+03    |    2.0334323799e+03    |
| 0.17571 |    3.8559213153e-07    |    2.0500086770e+03    |    2.0500035679e+03    |
| 0.17714 |    3.8548689136e-07    |    2.0665750160e+03    |    2.0665699788e+03    |
| 0.17857 |    3.8538081237e-07    |    2.0831364417e+03    |    2.0831314759e+03    |
| 0.18000 |    3.8527389515e-07    |    2.0996928152e+03    |    2.0996879204e+03    |
| 0.18143 |    3.8516614029e-07    |    2.1162439953e+03    |    2.1162391710e+03    |
| 0.18286 |    3.8505754840e-07    |    2.1327898381e+03    |    2.1327850841e+03    |
| 0.18429 |    3.8494812012e-07    |    2.1493301978e+03    |    2.1493255136e+03    |
| 0.18571 |    3.8483785609e-07    |    2.1658649259e+03    |    2.1658603111e+03    |
| 0.18714 |    3.8472675696e-07    |    2.1823938716e+03    |    2.1823893259e+03    |
| 0.18857 |    3.8461482342e-07    |    2.1989168815e+03    |    2.1989124047e+03    |
| 0.19000 |    3.8450205615e-07    |    2.2154338001e+03    |    2.2154293918e+03    |
| 0.19143 |    3.8438845587e-07    |    2.2319444691e+03    |    2.2319401291e+03    |
| 0.19286 |    3.8427402331e-07    |    2.2484487280e+03    |    2.2484444560e+03    |
| 0.19429 |    3.8415875919e-07    |    2.2649464136e+03    |    2.2649422094e+03    |
| 0.19571 |    3.8404266430e-07    |    2.2814373604e+03    |    2.2814332236e+03    |
| 0.19714 |    3.8392573940e-07    |    2.2979214002e+03    |    2.2979173307e+03    |
| 0.19857 |    3.8380798529e-07    |    2.3143983623e+03    |    2.3143943600e+03    |
| 0.20000 |    3.8368940279e-07    |    2.3308680736e+03    |    2.3308641383e+03    |
| 0.20143 |    3.8356999273e-07    |    2.3473303584e+03    |    2.3473264898e+03    |
| 0.20286 |    3.8344975596e-07    |    2.3637850383e+03    |    2.3637812363e+03    |
| 0.20429 |    3.8332869336e-07    |    2.3802319324e+03    |    2.3802281969e+03    |
| 0.20571 |    3.8320680582e-07    |    2.3966708571e+03    |    2.3966671880e+03    |
| 0.20714 |    3.8308409424e-07    |    2.4131016265e+03    |    2.4130980236e+03    |
| 0.20857 |    3.8296055956e-07    |    2.4295240517e+03    |    2.4295205149e+03    |
| 0.21000 |    3.8283620272e-07    |    2.4459379414e+03    |    2.4459344707e+03    |
| 0.21143 |    3.8271102470e-07    |    2.4623431015e+03    |    2.4623396967e+03    |
| 0.21286 |    3.8258502649e-07    |    2.4787393353e+03    |    2.4787359964e+03    |
| 0.21429 |    3.8245820910e-07    |    2.4951264434e+03    |    2.4951231704e+03    |
| 0.21571 |    3.8233057356e-07    |    2.5115042239e+03    |    2.5115010166e+03    |
| 0.21714 |    3.8220212093e-07    |    2.5278724718e+03    |    2.5278693303e+03    |
| 0.21857 |    3.8207285229e-07    |    2.5442309797e+03    |    2.5442279040e+03    |
| 0.22000 |    3.8194276872e-07    |    2.5605795374e+03    |    2.5605765275e+03    |
| 0.22143 |    3.8181187136e-07    |    2.5769179320e+03    |    2.5769149878e+03    |
| 0.22286 |    3.8168016134e-07    |    2.5932459476e+03    |    2.5932430692e+03    |
| 0.22429 |    3.8154763984e-07    |    2.6095633660e+03    |    2.6095605533e+03    |
| 0.22571 |    3.8141430803e-07    |    2.6258699658e+03    |    2.6258672189e+03    |
| 0.22714 |    3.8128016714e-07    |    2.6421655229e+03    |    2.6421628419e+03    |
| 0.22857 |    3.8114521839e-07    |    2.6584498107e+03    |    2.6584471956e+03    |
| 0.23000 |    3.8100946306e-07    |    2.6747225994e+03    |    2.6747200503e+03    |
| 0.23143 |    3.8087290241e-07    |    2.6909836567e+03    |    2.6909811736e+03    |
| 0.23286 |    3.8073553776e-07    |    2.7072327472e+03    |    2.7072303302e+03    |
| 0.23429 |    3.8059737044e-07    |    2.7234696329e+03    |    2.7234672821e+03    |
| 0.23571 |    3.8045840182e-07    |    2.7396940729e+03    |    2.7396917883e+03    |
| 0.23714 |    3.8031863326e-07    |    2.7559058233e+03    |    2.7559036051e+03    |
| 0.23857 |    3.8017806619e-07    |    2.7721046375e+03    |    2.7721024858e+03    |
| 0.24000 |    3.8003670204e-07    |    2.7882902660e+03    |    2.7882881809e+03    |
| 0.24143 |    3.7989454226e-07    |    2.8044624563e+03    |    2.8044604380e+03    |
| 0.24286 |    3.7975158834e-07    |    2.8206209532e+03    |    2.8206190018e+03    |
| 0.24429 |    3.7960784180e-07    |    2.8367654986e+03    |    2.8367636141e+03    |
| 0.24571 |    3.7946330418e-07    |    2.8528958313e+03    |    2.8528940139e+03    |
| 0.24714 |    3.7931797704e-07    |    2.8690116873e+03    |    2.8690099372e+03    |
| 0.24857 |    3.7917186199e-07    |    2.8851127997e+03    |    2.8851111171e+03    |
| 0.25000 |    3.7902496063e-07    |    2.9011988987e+03    |    2.9011972837e+03    |
| 0.25143 |    3.7887727464e-07    |    2.9172697115e+03    |    2.9172681644e+03    |
| 0.25286 |    3.7872880567e-07    |    2.9333249625e+03    |    2.9333234833e+03    |
| 0.25429 |    3.7857955545e-07    |    2.9493643729e+03    |    2.9493629619e+03    |
| 0.25571 |    3.7842952571e-07    |    2.9653876613e+03    |    2.9653863186e+03    |
| 0.25714 |    3.7827871821e-07    |    2.9813945430e+03    |    2.9813932689e+03    |
| 0.25857 |    3.7812713475e-07    |    2.9973847306e+03    |    2.9973835252e+03    |
| 0.26000 |    3.7797477716e-07    |    3.0133579336e+03    |    3.0133567972e+03    |
| 0.26143 |    3.7782164729e-07    |    3.0293138585e+03    |    3.0293127914e+03    |
| 0.26286 |    3.7766774703e-07    |    3.0452522091e+03    |    3.0452512114e+03    |
| 0.26429 |    3.7751307829e-07    |    3.0611726860e+03    |    3.0611717579e+03    |
| 0.26571 |    3.7735764303e-07    |    3.0770749867e+03    |    3.0770741285e+03    |
| 0.26714 |    3.7720144321e-07    |    3.0929588060e+03    |    3.0929580180e+03    |
| 0.26857 |    3.7704448085e-07    |    3.1088238357e+03    |    3.1088231180e+03    |
| 0.27000 |    3.7688675798e-07    |    3.1246697643e+03    |    3.1246691172e+03    |
| 0.27143 |    3.7672827669e-07    |    3.1404962777e+03    |    3.1404957015e+03    |
| 0.27286 |    3.7656903908e-07    |    3.1563030585e+03    |    3.1563025534e+03    |
| 0.27429 |    3.7640904729e-07    |    3.1720897866e+03    |    3.1720893530e+03    |
| 0.27571 |    3.7624830348e-07    |    3.1878561388e+03    |    3.1878557768e+03    |
| 0.27714 |    3.7608680987e-07    |    3.2036017887e+03    |    3.2036014986e+03    |
| 0.27857 |    3.7592456868e-07    |    3.2193264073e+03    |    3.2193261894e+03    |
| 0.28000 |    3.7576158219e-07    |    3.2350296623e+03    |    3.2350295169e+03    |
| 0.28143 |    3.7559785271e-07    |    3.2507112185e+03    |    3.2507111459e+03    |
| 0.28286 |    3.7543338256e-07    |    3.2663707379e+03    |    3.2663707384e+03    |
| 0.28429 |    3.7526817413e-07    |    3.2820078792e+03    |    3.2820079530e+03    |
| 0.28571 |    3.7510222983e-07    |    3.2976222983e+03    |    3.2976224459e+03    |
| 0.28714 |    3.7493555209e-07    |    3.3132136482e+03    |    3.3132138697e+03    |
| 0.28857 |    3.7476814340e-07    |    3.3287815788e+03    |    3.3287818746e+03    |
| 0.29000 |    3.7460000626e-07    |    3.3443257370e+03    |    3.3443261074e+03    |
| 0.29143 |    3.7443114323e-07    |    3.3598457668e+03    |    3.3598462121e+03    |
| 0.29286 |    3.7426155689e-07    |    3.3753413093e+03    |    3.3753418298e+03    |
| 0.29429 |    3.7409124986e-07    |    3.3908120025e+03    |    3.3908125986e+03    |
| 0.29571 |    3.7392022481e-07    |    3.4062574816e+03    |    3.4062581536e+03    |
| 0.29714 |    3.7374848442e-07    |    3.4216773788e+03    |    3.4216781269e+03    |
| 0.29857 |    3.7357603142e-07    |    3.4370713232e+03    |    3.4370721479e+03    |
| 0.30000 |    3.7340286860e-07    |    3.4524389412e+03    |    3.4524398428e+03    |
| 0.30143 |    3.7322899874e-07    |    3.4677798562e+03    |    3.4677808350e+03    |
| 0.30286 |    3.7305442470e-07    |    3.4830936887e+03    |    3.4830947450e+03    |
| 0.30429 |    3.7287914935e-07    |    3.4983800562e+03    |    3.4983811904e+03    |
| 0.30571 |    3.7270317562e-07    |    3.5136385733e+03    |    3.5136397857e+03    |
| 0.30714 |    3.7252650647e-07    |    3.5288688519e+03    |    3.5288701429e+03    |
| 0.30857 |    3.7234914490e-07    |    3.5440705008e+03    |    3.5440718707e+03    |
| 0.31000 |    3.7217109393e-07    |    3.5592431260e+03    |    3.5592445753e+03    |
| 0.31143 |    3.7199235664e-07    |    3.5743863308e+03    |    3.5743878597e+03    |
| 0.31286 |    3.7181293616e-07    |    3.5894997154e+03    |    3.5895013243e+03    |
| 0.31429 |    3.7163283563e-07    |    3.6045828773e+03    |    3.6045845666e+03    |
| 0.31571 |    3.7145205824e-07    |    3.6196354111e+03    |    3.6196371812e+03    |
| 0.31714 |    3.7127060724e-07    |    3.6346569088e+03    |    3.6346587600e+03    |
| 0.31857 |    3.7108848590e-07    |    3.6496469594e+03    |    3.6496488920e+03    |
| 0.32000 |    3.7090569752e-07    |    3.6646051490e+03    |    3.6646071635e+03    |
| 0.32143 |    3.7072224548e-07    |    3.6795310614e+03    |    3.6795331581e+03    |
| 0.32286 |    3.7053813315e-07    |    3.6944242771e+03    |    3.6944264564e+03    |
| 0.32429 |    3.7035336399e-07    |    3.7092843742e+03    |    3.7092866365e+03    |
| 0.32571 |    3.7016794146e-07    |    3.7241109281e+03    |    3.7241132737e+03    |
| 0.32714 |    3.6998186910e-07    |    3.7389035112e+03    |    3.7389059406e+03    |
| 0.32857 |    3.6979515046e-07    |    3.7536616936e+03    |    3.7536642070e+03    |
| 0.33000 |    3.6960778914e-07    |    3.7683850424e+03    |    3.7683876404e+03    |
| 0.33143 |    3.6941978880e-07    |    3.7830731223e+03    |    3.7830758052e+03    |
| 0.33286 |    3.6923115311e-07    |    3.7977254953e+03    |    3.7977282634e+03    |
| 0.33429 |    3.6904188582e-07    |    3.8123417207e+03    |    3.8123445744e+03    |
| 0.33571 |    3.6885199069e-07    |    3.8269213552e+03    |    3.8269242950e+03    |
| 0.33714 |    3.6866147155e-07    |    3.8414639532e+03    |    3.8414669795e+03    |
| 0.33857 |    3.6847033224e-07    |    3.8559690663e+03    |    3.8559721794e+03    |
| 0.34000 |    3.6827857667e-07    |    3.8704362436e+03    |    3.8704394439e+03    |
| 0.34143 |    3.6808620880e-07    |    3.8848650318e+03    |    3.8848683197e+03    |
| 0.34286 |    3.6789323259e-07    |    3.8992549751e+03    |    3.8992583510e+03    |
| 0.34429 |    3.6769965210e-07    |    3.9136056152e+03    |    3.9136090796e+03    |
| 0.34571 |    3.6750547139e-07    |    3.9279164915e+03    |    3.9279200447e+03    |
| 0.34714 |    3.6731069459e-07    |    3.9421871408e+03    |    3.9421907832e+03    |
| 0.34857 |    3.6711532586e-07    |    3.9564170978e+03    |    3.9564208298e+03    |
| 0.35000 |    3.6691936941e-07    |    3.9706058946e+03    |    3.9706097166e+03    |
| 0.35143 |    3.6672282949e-07    |    3.9847530611e+03    |    3.9847569735e+03    |
| 0.35286 |    3.6652571039e-07    |    3.9988581250e+03    |    3.9988621281e+03    |
| 0.35429 |    3.6632801647e-07    |    4.0129206115e+03    |    4.0129247059e+03    |
| 0.35571 |    3.6612975210e-07    |    4.0269400439e+03    |    4.0269442299e+03    |
| 0.35714 |    3.6593092172e-07    |    4.0409159430e+03    |    4.0409202210e+03    |
| 0.35857 |    3.6573152980e-07    |    4.0548478277e+03    |    4.0548521980e+03    |
| 0.36000 |    3.6553158086e-07    |    4.0687352145e+03    |    4.0687396777e+03    |
| 0.36143 |    3.6533107948e-07    |    4.0825776180e+03    |    4.0825821744e+03    |
| 0.36286 |    3.6513003025e-07    |    4.0963745507e+03    |    4.0963792007e+03    |
| 0.36429 |    3.6492843785e-07    |    4.1101255231e+03    |    4.1101302671e+03    |
| 0.36571 |    3.6472630696e-07    |    4.1238300435e+03    |    4.1238348819e+03    |
| 0.36714 |    3.6452364233e-07    |    4.1374876186e+03    |    4.1374925518e+03    |
| 0.36857 |    3.6432044877e-07    |    4.1510977528e+03    |    4.1511027812e+03    |
| 0.37000 |    3.6411673110e-07    |    4.1646599488e+03    |    4.1646650729e+03    |
| 0.37143 |    3.6391249420e-07    |    4.1781737075e+03    |    4.1781789276e+03    |
| 0.37286 |    3.6370774302e-07    |    4.1916385280e+03    |    4.1916438445e+03    |
| 0.37429 |    3.6350248252e-07    |    4.2050539075e+03    |    4.2050593208e+03    |
| 0.37571 |    3.6329671772e-07    |    4.2184193415e+03    |    4.2184248520e+03    |
| 0.37714 |    3.6309045369e-07    |    4.2317343239e+03    |    4.2317399320e+03    |
| 0.37857 |    3.6288369554e-07    |    4.2449983469e+03    |    4.2450040530e+03    |
| 0.38000 |    3.6267644843e-07    |    4.2582109011e+03    |    4.2582167057e+03    |
| 0.38143 |    3.6246871757e-07    |    4.2713714756e+03    |    4.2713773789e+03    |
| 0.38286 |    3.6226050819e-07    |    4.2844795578e+03    |    4.2844855604e+03    |
| 0.38429 |    3.6205182559e-07    |    4.2975346340e+03    |    4.2975407361e+03    |
| 0.38571 |    3.6184267513e-07    |    4.3105361886e+03    |    4.3105423908e+03    |
| 0.38714 |    3.6163306217e-07    |    4.3234837050e+03    |    4.3234900076e+03    |
| 0.38857 |    3.6142299216e-07    |    4.3363766652e+03    |    4.3363830685e+03    |
| 0.39000 |    3.6121247057e-07    |    4.3492145497e+03    |    4.3492210542e+03    |
| 0.39143 |    3.6100150292e-07    |    4.3619968381e+03    |    4.3620034441e+03    |
| 0.39286 |    3.6079009479e-07    |    4.3747230085e+03    |    4.3747297165e+03    |
| 0.39429 |    3.6057825178e-07    |    4.3873925381e+03    |    4.3873993485e+03    |
| 0.39571 |    3.6036597956e-07    |    4.4000049030e+03    |    4.4000118160e+03    |
| 0.39714 |    3.6015328383e-07    |    4.4125595780e+03    |    4.4125665942e+03    |
| 0.39857 |    3.5994017035e-07    |    4.4250560374e+03    |    4.4250631570e+03    |
| 0.40000 |    3.5972664490e-07    |    4.4374937541e+03    |    4.4375009776e+03    |
| 0.40143 |    3.5951271333e-07    |    4.4498722004e+03    |    4.4498795282e+03    |
| 0.40286 |    3.5929838152e-07    |    4.4621908479e+03    |    4.4621982802e+03    |
| 0.40429 |    3.5908365541e-07    |    4.4744491671e+03    |    4.4744567044e+03    |
| 0.40571 |    3.5886854097e-07    |    4.4866466281e+03    |    4.4866542708e+03    |
| 0.40714 |    3.5865304422e-07    |    4.4987827002e+03    |    4.4987904486e+03    |
| 0.40857 |    3.5843717123e-07    |    4.5108568521e+03    |    4.5108647067e+03    |
| 0.41000 |    3.5822092810e-07    |    4.5228685523e+03    |    4.5228765133e+03    |
| 0.41143 |    3.5800432099e-07    |    4.5348172683e+03    |    4.5348253362e+03    |
| 0.41286 |    3.5778735609e-07    |    4.5467024677e+03    |    4.5467106428e+03    |
| 0.41429 |    3.5757003965e-07    |    4.5585236175e+03    |    4.5585319002e+03    |
| 0.41571 |    3.5735237795e-07    |    4.5702801844e+03    |    4.5702885751e+03    |
| 0.41714 |    3.5713437732e-07    |    4.5819716351e+03    |    4.5819801341e+03    |
| 0.41857 |    3.5691604414e-07    |    4.5935974360e+03    |    4.5936060436e+03    |
| 0.42000 |    3.5669738481e-07    |    4.6051570534e+03    |    4.6051657700e+03    |
| 0.42143 |    3.5647840580e-07    |    4.6166499537e+03    |    4.6166587796e+03    |
| 0.42286 |    3.5625911361e-07    |    4.6280756032e+03    |    4.6280845389e+03    |
| 0.42429 |    3.5603951478e-07    |    4.6394334684e+03    |    4.6394425142e+03    |
| 0.42571 |    3.5581961590e-07    |    4.6507230162e+03    |    4.6507321723e+03    |
| 0.42714 |    3.5559942359e-07    |    4.6619437133e+03    |    4.6619529802e+03    |
| 0.42857 |    3.5537894452e-07    |    4.6730950271e+03    |    4.6731044051e+03    |
| 0.43000 |    3.5515818541e-07    |    4.6841764253e+03    |    4.6841859148e+03    |
| 0.43143 |    3.5493715302e-07    |    4.6951873761e+03    |    4.6951969773e+03    |
| 0.43286 |    3.5471585412e-07    |    4.7061273480e+03    |    4.7061370614e+03    |
| 0.43429 |    3.5449429556e-07    |    4.7169958105e+03    |    4.7170056363e+03    |
| 0.43571 |    3.5427248421e-07    |    4.7277922336e+03    |    4.7278021722e+03    |
| 0.43714 |    3.5405042699e-07    |    4.7385160880e+03    |    4.7385261397e+03    |
| 0.43857 |    3.5382813084e-07    |    4.7491668454e+03    |    4.7491770104e+03    |
| 0.44000 |    3.5360560277e-07    |    4.7597439783e+03    |    4.7597542570e+03    |
| 0.44143 |    3.5338284981e-07    |    4.7702469601e+03    |    4.7702573529e+03    |
| 0.44286 |    3.5315987903e-07    |    4.7806752656e+03    |    4.7806857728e+03    |
| 0.44429 |    3.5293669754e-07    |    4.7910283705e+03    |    4.7910389924e+03    |
| 0.44571 |    3.5271331248e-07    |    4.8013057518e+03    |    4.8013164886e+03    |
| 0.44714 |    3.5248973105e-07    |    4.8115068877e+03    |    4.8115177398e+03    |
| 0.44857 |    3.5226596047e-07    |    4.8216312580e+03    |    4.8216422258e+03    |
| 0.45000 |    3.5204200799e-07    |    4.8316783439e+03    |    4.8316894275e+03    |
| 0.45143 |    3.5181788091e-07    |    4.8416476281e+03    |    4.8416588279e+03    |
| 0.45286 |    3.5159358657e-07    |    4.8515385950e+03    |    4.8515499112e+03    |
| 0.45429 |    3.5136913233e-07    |    4.8613507306e+03    |    4.8613621637e+03    |
| 0.45571 |    3.5114452560e-07    |    4.8710835229e+03    |    4.8710950730e+03    |
| 0.45714 |    3.5091977381e-07    |    4.8807364617e+03    |    4.8807481292e+03    |
| 0.45857 |    3.5069488443e-07    |    4.8903090388e+03    |    4.8903208239e+03    |
| 0.46000 |    3.5046986498e-07    |    4.8998007480e+03    |    4.8998126511e+03    |
| 0.46143 |    3.5024472299e-07    |    4.9092110854e+03    |    4.9092231067e+03    |
| 0.46286 |    3.5001946604e-07    |    4.9185395492e+03    |    4.9185516890e+03    |
| 0.46429 |    3.4979410172e-07    |    4.9277856401e+03    |    4.9277978986e+03    |
| 0.46571 |    3.4956863768e-07    |    4.9369488610e+03    |    4.9369612386e+03    |
| 0.46714 |    3.4934308158e-07    |    4.9460287175e+03    |    4.9460412144e+03    |
| 0.46857 |    3.4911744111e-07    |    4.9550247178e+03    |    4.9550373342e+03    |
| 0.47000 |    3.4889172402e-07    |    4.9639363726e+03    |    4.9639491088e+03    |
| 0.47143 |    3.4866593806e-07    |    4.9727631957e+03    |    4.9727760519e+03    |
| 0.47286 |    3.4844009101e-07    |    4.9815047034e+03    |    4.9815176800e+03    |
| 0.47429 |    3.4821419069e-07    |    4.9901604153e+03    |    4.9901735125e+03    |
| 0.47571 |    3.4798824495e-07    |    4.9987298540e+03    |    4.9987430720e+03    |
| 0.47714 |    3.4776226165e-07    |    5.0072125452e+03    |    5.0072258842e+03    |
| 0.47857 |    3.4753624870e-07    |    5.0156080177e+03    |    5.0156214781e+03    |
| 0.48000 |    3.4731021402e-07    |    5.0239158041e+03    |    5.0239293860e+03    |
| 0.48143 |    3.4708416556e-07    |    5.0321354400e+03    |    5.0321491437e+03    |
| 0.48286 |    3.4685811129e-07    |    5.0402664648e+03    |    5.0402802906e+03    |
| 0.48429 |    3.4663205922e-07    |    5.0483084214e+03    |    5.0483223695e+03    |
| 0.48571 |    3.4640601736e-07    |    5.0562608566e+03    |    5.0562749272e+03    |
| 0.48714 |    3.4617999377e-07    |    5.0641233209e+03    |    5.0641375142e+03    |
| 0.48857 |    3.4595399651e-07    |    5.0718953689e+03    |    5.0719096851e+03    |
| 0.49000 |    3.4572803368e-07    |    5.0795765589e+03    |    5.0795909983e+03    |
| 0.49143 |    3.4550211338e-07    |    5.0871664538e+03    |    5.0871810165e+03    |
| 0.49286 |    3.4527624374e-07    |    5.0946646203e+03    |    5.0946793067e+03    |
| 0.49429 |    3.4505043292e-07    |    5.1020706298e+03    |    5.1020854400e+03    |
| 0.49571 |    3.4482468909e-07    |    5.1093840579e+03    |    5.1093989922e+03    |
| 0.49714 |    3.4459902043e-07    |    5.1166044849e+03    |    5.1166195434e+03    |
| 0.49857 |    3.4437343515e-07    |    5.1237314955e+03    |    5.1237466785e+03    |
| 0.50000 |    3.4414794148e-07    |    5.1307646795e+03    |    5.1307799871e+03    |
| 0.50143 |    3.4392254765e-07    |    5.1377036312e+03    |    5.1377190637e+03    |
| 0.50286 |    3.4369726191e-07    |    5.1445479500e+03    |    5.1445635076e+03    |
| 0.50429 |    3.4347209253e-07    |    5.1512972404e+03    |    5.1513129233e+03    |
| 0.50571 |    3.4324704780e-07    |    5.1579511120e+03    |    5.1579669204e+03    |
| 0.50714 |    3.4302213601e-07    |    5.1645091796e+03    |    5.1645251137e+03    |
| 0.50857 |    3.4279736546e-07    |    5.1709710635e+03    |    5.1709871234e+03    |
| 0.51000 |    3.4257274447e-07    |    5.1773363892e+03    |    5.1773525752e+03    |
| 0.51143 |    3.4234828138e-07    |    5.1836047881e+03    |    5.1836211004e+03    |
| 0.51286 |    3.4212398451e-07    |    5.1897758970e+03    |    5.1897923358e+03    |
| 0.51429 |    3.4189986222e-07    |    5.1958493586e+03    |    5.1958659240e+03    |
| 0.51571 |    3.4167592285e-07    |    5.2018248215e+03    |    5.2018415138e+03    |
| 0.51714 |    3.4145217478e-07    |    5.2077019402e+03    |    5.2077187595e+03    |
| 0.51857 |    3.4122862637e-07    |    5.2134803753e+03    |    5.2134973219e+03    |
| 0.52000 |    3.4100528598e-07    |    5.2191597937e+03    |    5.2191768676e+03    |
| 0.52143 |    3.4078216201e-07    |    5.2247398684e+03    |    5.2247570699e+03    |
| 0.52286 |    3.4055926282e-07    |    5.2302202790e+03    |    5.2302376083e+03    |
| 0.52429 |    3.4033659681e-07    |    5.2356007114e+03    |    5.2356181687e+03    |
| 0.52571 |    3.4011417235e-07    |    5.2408808582e+03    |    5.2408984437e+03    |
| 0.52714 |    3.3989199785e-07    |    5.2460604189e+03    |    5.2460781327e+03    |
| 0.52857 |    3.3967008167e-07    |    5.2511390994e+03    |    5.2511569417e+03    |
| 0.53000 |    3.3944843221e-07    |    5.2561166129e+03    |    5.2561345840e+03    |
| 0.53143 |    3.3922705786e-07    |    5.2609926795e+03    |    5.2610107794e+03    |
| 0.53286 |    3.3900596699e-07    |    5.2657670262e+03    |    5.2657852553e+03    |
| 0.53429 |    3.3878516797e-07    |    5.2704393876e+03    |    5.2704577460e+03    |
| 0.53571 |    3.3856466919e-07    |    5.2750095055e+03    |    5.2750279933e+03    |
| 0.53714 |    3.3834447902e-07    |    5.2794771289e+03    |    5.2794957464e+03    |
| 0.53857 |    3.3812460580e-07    |    5.2838420145e+03    |    5.2838607619e+03    |
| 0.54000 |    3.3790505789e-07    |    5.2881039269e+03    |    5.2881228043e+03    |
| 0.54143 |    3.3768584365e-07    |    5.2922626380e+03    |    5.2922816457e+03    |
| 0.54286 |    3.3746697139e-07    |    5.2963179277e+03    |    5.2963370658e+03    |
| 0.54429 |    3.3724844946e-07    |    5.3002695839e+03    |    5.3002888527e+03    |
| 0.54571 |    3.3703028616e-07    |    5.3041174026e+03    |    5.3041368023e+03    |
| 0.54714 |    3.3681248979e-07    |    5.3078611877e+03    |    5.3078807185e+03    |
| 0.54857 |    3.3659506864e-07    |    5.3115007516e+03    |    5.3115204136e+03    |
| 0.55000 |    3.3637803099e-07    |    5.3150359148e+03    |    5.3150557083e+03    |
| 0.55143 |    3.3616138508e-07    |    5.3184665064e+03    |    5.3184864315e+03    |
| 0.55286 |    3.3594513917e-07    |    5.3217923639e+03    |    5.3218124210e+03    |
| 0.55429 |    3.3572930148e-07    |    5.3250133336e+03    |    5.3250335228e+03    |
| 0.55571 |    3.3551388020e-07    |    5.3281292703e+03    |    5.3281495918e+03    |
| 0.55714 |    3.3529888354e-07    |    5.3311400378e+03    |    5.3311604919e+03    |
| 0.55857 |    3.3508431964e-07    |    5.3340455087e+03    |    5.3340660956e+03    |
| 0.56000 |    3.3487019667e-07    |    5.3368455647e+03    |    5.3368662847e+03    |
| 0.56143 |    3.3465652273e-07    |    5.3395400964e+03    |    5.3395609497e+03    |
| 0.56286 |    3.3444330594e-07    |    5.3421290039e+03    |    5.3421499907e+03    |
| 0.56429 |    3.3423055435e-07    |    5.3446121963e+03    |    5.3446333169e+03    |
| 0.56571 |    3.3401827602e-07    |    5.3469895922e+03    |    5.3470108468e+03    |
| 0.56714 |    3.3380647897e-07    |    5.3492611195e+03    |    5.3492825085e+03    |
| 0.56857 |    3.3359517119e-07    |    5.3514267159e+03    |    5.3514482395e+03    |
| 0.57000 |    3.3338436065e-07    |    5.3534863286e+03    |    5.3535079871e+03    |
| 0.57143 |    3.3317405528e-07    |    5.3554399144e+03    |    5.3554617080e+03    |
| 0.57286 |    3.3296426299e-07    |    5.3572874400e+03    |    5.3573093691e+03    |
| 0.57429 |    3.3275499164e-07    |    5.3590288820e+03    |    5.3590509468e+03    |
| 0.57571 |    3.3254624909e-07    |    5.3606642269e+03    |    5.3606864279e+03    |
| 0.57714 |    3.3233804312e-07    |    5.3621934714e+03    |    5.3622158088e+03    |
| 0.57857 |    3.3213038152e-07    |    5.3636166221e+03    |    5.3636390962e+03    |
| 0.58000 |    3.3192327202e-07    |    5.3649336960e+03    |    5.3649563071e+03    |
| 0.58143 |    3.3171672231e-07    |    5.3661447201e+03    |    5.3661674686e+03    |
| 0.58286 |    3.3151074005e-07    |    5.3672497320e+03    |    5.3672726182e+03    |
| 0.58429 |    3.3130533287e-07    |    5.3682487796e+03    |    5.3682718040e+03    |
| 0.58571 |    3.3110050834e-07    |    5.3691419215e+03    |    5.3691650844e+03    |
| 0.58714 |    3.3089627400e-07    |    5.3699292265e+03    |    5.3699525282e+03    |
| 0.58857 |    3.3069263735e-07    |    5.3706107742e+03    |    5.3706342153e+03    |
| 0.59000 |    3.3048960584e-07    |    5.3711866551e+03    |    5.3712102359e+03    |
| 0.59143 |    3.3028718687e-07    |    5.3716569702e+03    |    5.3716806911e+03    |
| 0.59286 |    3.3008538782e-07    |    5.3720218313e+03    |    5.3720456928e+03    |
| 0.59429 |    3.2988421599e-07    |    5.3722813614e+03    |    5.3723053639e+03    |
| 0.59571 |    3.2968367867e-07    |    5.3724356940e+03    |    5.3724598380e+03    |
| 0.59714 |    3.2948378305e-07    |    5.3724849741e+03    |    5.3725092600e+03    |
| 0.59857 |    3.2928453633e-07    |    5.3724293573e+03    |    5.3724537857e+03    |
| 0.60000 |    3.2908594562e-07    |    5.3722690106e+03    |    5.3722935820e+03    |
| 0.60143 |    3.2888801798e-07    |    5.3720041121e+03    |    5.3720288270e+03    |
| 0.60286 |    3.2869076045e-07    |    5.3716348510e+03    |    5.3716597100e+03    |
| 0.60429 |    3.2849417997e-07    |    5.3711614280e+03    |    5.3711864315e+03    |
| 0.60571 |    3.2829828345e-07    |    5.3705840548e+03    |    5.3706092035e+03    |
| 0.60714 |    3.2810307776e-07    |    5.3699029547e+03    |    5.3699282492e+03    |
| 0.60857 |    3.2790856969e-07    |    5.3691183623e+03    |    5.3691438032e+03    |
| 0.61000 |    3.2771476598e-07    |    5.3682305237e+03    |    5.3682561115e+03    |
| 0.61143 |    3.2752167330e-07    |    5.3672396962e+03    |    5.3672654317e+03    |
| 0.61286 |    3.2732929829e-07    |    5.3661461490e+03    |    5.3661720328e+03    |
| 0.61429 |    3.2713764749e-07    |    5.3649501625e+03    |    5.3649761953e+03    |
| 0.61571 |    3.2694672742e-07    |    5.3636520288e+03    |    5.3636782114e+03    |
| 0.61714 |    3.2675654452e-07    |    5.3622520516e+03    |    5.3622783846e+03    |
| 0.61857 |    3.2656710515e-07    |    5.3607505462e+03    |    5.3607770304e+03    |
| 0.62000 |    3.2637841562e-07    |    5.3591478394e+03    |    5.3591744757e+03    |
| 0.62143 |    3.2619048220e-07    |    5.3574442699e+03    |    5.3574710590e+03    |
| 0.62286 |    3.2600331105e-07    |    5.3556401879e+03    |    5.3556671306e+03    |
| 0.62429 |    3.2581690828e-07    |    5.3537359553e+03    |    5.3537630525e+03    |
| 0.62571 |    3.2563127996e-07    |    5.3517319456e+03    |    5.3517591982e+03    |
| 0.62714 |    3.2544643204e-07    |    5.3496285443e+03    |    5.3496559531e+03    |
| 0.62857 |    3.2526237045e-07    |    5.3474261482e+03    |    5.3474537142e+03    |
| 0.63000 |    3.2507910102e-07    |    5.3451251660e+03    |    5.3451528902e+03    |
| 0.63143 |    3.2489662952e-07    |    5.3427260183e+03    |    5.3427539016e+03    |
| 0.63286 |    3.2471496164e-07    |    5.3402291370e+03    |    5.3402571804e+03    |
| 0.63429 |    3.2453410301e-07    |    5.3376349659e+03    |    5.3376631706e+03    |
| 0.63571 |    3.2435405918e-07    |    5.3349439607e+03    |    5.3349723276e+03    |
| 0.63714 |    3.2417483562e-07    |    5.3321565883e+03    |    5.3321851186e+03    |
| 0.63857 |    3.2399643774e-07    |    5.3292733276e+03    |    5.3293020224e+03    |
| 0.64000 |    3.2381887086e-07    |    5.3262946690e+03    |    5.3263235295e+03    |
| 0.64143 |    3.2364214022e-07    |    5.3232211145e+03    |    5.3232501420e+03    |
| 0.64286 |    3.2346625100e-07    |    5.3200531779e+03    |    5.3200823734e+03    |
| 0.64429 |    3.2329120829e-07    |    5.3167913841e+03    |    5.3168207492e+03    |
| 0.64571 |    3.2311701711e-07    |    5.3134362701e+03    |    5.3134658058e+03    |
| 0.64714 |    3.2294368239e-07    |    5.3099883839e+03    |    5.3100180917e+03    |
| 0.64857 |    3.2277120898e-07    |    5.3064482852e+03    |    5.3064781665e+03    |
| 0.65000 |    3.2259960167e-07    |    5.3028165450e+03    |    5.3028466012e+03    |
| 0.65143 |    3.2242886514e-07    |    5.2990937458e+03    |    5.2991239783e+03    |
| 0.65286 |    3.2225900401e-07    |    5.2952804812e+03    |    5.2953108915e+03    |
| 0.65429 |    3.2209002280e-07    |    5.2913773561e+03    |    5.2914079459e+03    |
| 0.65571 |    3.2192192596e-07    |    5.2873849869e+03    |    5.2874157577e+03    |
| 0.65714 |    3.2175471785e-07    |    5.2833040007e+03    |    5.2833349541e+03    |
| 0.65857 |    3.2158840274e-07    |    5.2791350360e+03    |    5.2791661737e+03    |
| 0.66000 |    3.2142298484e-07    |    5.2748787421e+03    |    5.2749100658e+03    |
| 0.66143 |    3.2125846824e-07    |    5.2705357793e+03    |    5.2705672908e+03    |
| 0.66286 |    3.2109485696e-07    |    5.2661068189e+03    |    5.2661385200e+03    |
| 0.66429 |    3.2093215495e-07    |    5.2615925427e+03    |    5.2616244353e+03    |
| 0.66571 |    3.2077036604e-07    |    5.2569936436e+03    |    5.2570257294e+03    |
| 0.66714 |    3.2060949400e-07    |    5.2523108246e+03    |    5.2523431058e+03    |
| 0.66857 |    3.2044954250e-07    |    5.2475447996e+03    |    5.2475772781e+03    |
| 0.67000 |    3.2029051511e-07    |    5.2426962929e+03    |    5.2427289708e+03    |
| 0.67143 |    3.2013241534e-07    |    5.2377660390e+03    |    5.2377989184e+03    |
| 0.67286 |    3.1997524659e-07    |    5.2327547827e+03    |    5.2327878658e+03    |
| 0.67429 |    3.1981901217e-07    |    5.2276632789e+03    |    5.2276965679e+03    |
| 0.67571 |    3.1966371531e-07    |    5.2224922926e+03    |    5.2225257898e+03    |
| 0.67714 |    3.1950935915e-07    |    5.2172425985e+03    |    5.2172763062e+03    |
| 0.67857 |    3.1935594672e-07    |    5.2119149813e+03    |    5.2119489019e+03    |
| 0.68000 |    3.1920348099e-07    |    5.2065102353e+03    |    5.2065443713e+03    |
| 0.68143 |    3.1905196481e-07    |    5.2010291643e+03    |    5.2010635182e+03    |
| 0.68286 |    3.1890140095e-07    |    5.1954725815e+03    |    5.1955071559e+03    |
| 0.68429 |    3.1875179210e-07    |    5.1898413095e+03    |    5.1898761070e+03    |
| 0.68571 |    3.1860314083e-07    |    5.1841361798e+03    |    5.1841712032e+03    |
| 0.68714 |    3.1845544965e-07    |    5.1783580332e+03    |    5.1783932852e+03    |
| 0.68857 |    3.1830872095e-07    |    5.1725077192e+03    |    5.1725432027e+03    |
| 0.69000 |    3.1816295705e-07    |    5.1665860960e+03    |    5.1666218138e+03    |
| 0.69143 |    3.1801816016e-07    |    5.1605940303e+03    |    5.1606299855e+03    |
| 0.69286 |    3.1787433240e-07    |    5.1545323974e+03    |    5.1545685930e+03    |
| 0.69429 |    3.1773147580e-07    |    5.1484020806e+03    |    5.1484385198e+03    |
| 0.69571 |    3.1758959231e-07    |    5.1422039715e+03    |    5.1422406574e+03    |
| 0.69714 |    3.1744868376e-07    |    5.1359389694e+03    |    5.1359759053e+03    |
| 0.69857 |    3.1730875191e-07    |    5.1296079815e+03    |    5.1296451708e+03    |
| 0.70000 |    3.1716979841e-07    |    5.1232119224e+03    |    5.1232493686e+03    |
| 0.70143 |    3.1703182483e-07    |    5.1167517143e+03    |    5.1167894208e+03    |
| 0.70286 |    3.1689483263e-07    |    5.1102282865e+03    |    5.1102662569e+03    |
| 0.70429 |    3.1675882320e-07    |    5.1036425751e+03    |    5.1036808131e+03    |
| 0.70571 |    3.1662379782e-07    |    5.0969955233e+03    |    5.0970340327e+03    |
| 0.70714 |    3.1648975768e-07    |    5.0902880808e+03    |    5.0903268655e+03    |
| 0.70857 |    3.1635670388e-07    |    5.0835212038e+03    |    5.0835602677e+03    |
| 0.71000 |    3.1622463741e-07    |    5.0766958547e+03    |    5.0767352018e+03    |
| 0.71143 |    3.1609355921e-07    |    5.0698130018e+03    |    5.0698526362e+03    |
| 0.71286 |    3.1596347007e-07    |    5.0628736193e+03    |    5.0629135453e+03    |
| 0.71429 |    3.1583437073e-07    |    5.0558786871e+03    |    5.0559189089e+03    |
| 0.71571 |    3.1570626182e-07    |    5.0488291903e+03    |    5.0488697124e+03    |
| 0.71714 |    3.1557914389e-07    |    5.0417261192e+03    |    5.0417669461e+03    |
| 0.71857 |    3.1545301738e-07    |    5.0345704692e+03    |    5.0346116054e+03    |
| 0.72000 |    3.1532788264e-07    |    5.0273632402e+03    |    5.0274046904e+03    |
| 0.72143 |    3.1520373995e-07    |    5.0201054366e+03    |    5.0201472058e+03    |
| 0.72286 |    3.1508058949e-07    |    5.0127980672e+03    |    5.0128401602e+03    |
| 0.72429 |    3.1495843132e-07    |    5.0054421447e+03    |    5.0054845665e+03    |
| 0.72571 |    3.1483726545e-07    |    4.9980386855e+03    |    4.9980814414e+03    |
| 0.72714 |    3.1471709178e-07    |    4.9905887098e+03    |    4.9906318049e+03    |
| 0.72857 |    3.1459791012e-07    |    4.9830932408e+03    |    4.9831366805e+03    |
| 0.73000 |    3.1447972019e-07    |    4.9755533048e+03    |    4.9755970946e+03    |
| 0.73143 |    3.1436252162e-07    |    4.9679699310e+03    |    4.9680140764e+03    |
| 0.73286 |    3.1424631397e-07    |    4.9603441509e+03    |    4.9603886578e+03    |
| 0.73429 |    3.1413109668e-07    |    4.9526769986e+03    |    4.9527218728e+03    |
| 0.73571 |    3.1401686912e-07    |    4.9449695099e+03    |    4.9450147573e+03    |
| 0.73714 |    3.1390363058e-07    |    4.9372227226e+03    |    4.9372683493e+03    |
| 0.73857 |    3.1379138024e-07    |    4.9294376757e+03    |    4.9294836880e+03    |
| 0.74000 |    3.1368011722e-07    |    4.9216154097e+03    |    4.9216618140e+03    |
| 0.74143 |    3.1356984052e-07    |    4.9137569660e+03    |    4.9138037686e+03    |
| 0.74286 |    3.1346054909e-07    |    4.9058633864e+03    |    4.9059105941e+03    |
| 0.74429 |    3.1335224178e-07    |    4.8979357135e+03    |    4.8979833331e+03    |
| 0.74571 |    3.1324491734e-07    |    4.8899749898e+03    |    4.8900230281e+03    |
| 0.74714 |    3.1313857446e-07    |    4.8819822576e+03    |    4.8820307219e+03    |
| 0.74857 |    3.1303321174e-07    |    4.8739585591e+03    |    4.8740074564e+03    |
| 0.75000 |    3.1292882769e-07    |    4.8659049354e+03    |    4.8659542731e+03    |
| 0.75143 |    3.1282542073e-07    |    4.8578224268e+03    |    4.8578722125e+03    |
| 0.75286 |    3.1272298923e-07    |    4.8497120724e+03    |    4.8497623137e+03    |
| 0.75429 |    3.1262153145e-07    |    4.8415749096e+03    |    4.8416256144e+03    |
| 0.75571 |    3.1252104557e-07    |    4.8334119740e+03    |    4.8334631504e+03    |
| 0.75714 |    3.1242152970e-07    |    4.8252242992e+03    |    4.8252759553e+03    |
| 0.75857 |    3.1232298188e-07    |    4.8170129163e+03    |    4.8170650604e+03    |
| 0.76000 |    3.1222540006e-07    |    4.8087788535e+03    |    4.8088314942e+03    |
| 0.76143 |    3.1212878210e-07    |    4.8005231364e+03    |    4.8005762824e+03    |
| 0.76286 |    3.1203312580e-07    |    4.7922467870e+03    |    4.7923004472e+03    |
| 0.76429 |    3.1193842889e-07    |    4.7839508239e+03    |    4.7840050073e+03    |
| 0.76571 |    3.1184468900e-07    |    4.7756362618e+03    |    4.7756909778e+03    |
| 0.76714 |    3.1175190370e-07    |    4.7673041113e+03    |    4.7673593693e+03    |
| 0.76857 |    3.1166007049e-07    |    4.7589553785e+03    |    4.7590111881e+03    |
| 0.77000 |    3.1156918680e-07    |    4.7505910648e+03    |    4.7506474359e+03    |
| 0.77143 |    3.1147924995e-07    |    4.7422121666e+03    |    4.7422691092e+03    |
| 0.77286 |    3.1139025724e-07    |    4.7338196750e+03    |    4.7338771995e+03    |
| 0.77429 |    3.1130220587e-07    |    4.7254145755e+03    |    4.7254726923e+03    |
| 0.77571 |    3.1121509297e-07    |    4.7169978479e+03    |    4.7170565677e+03    |
| 0.77714 |    3.1112891561e-07    |    4.7085704655e+03    |    4.7086297993e+03    |
| 0.77857 |    3.1104367078e-07    |    4.7001333954e+03    |    4.7001933544e+03    |
| 0.78000 |    3.1095935542e-07    |    4.6916875981e+03    |    4.6917481936e+03    |
| 0.78143 |    3.1087596637e-07    |    4.6832340269e+03    |    4.6832952706e+03    |
| 0.78286 |    3.1079350044e-07    |    4.6747736278e+03    |    4.6748355316e+03    |
| 0.78429 |    3.1071195435e-07    |    4.6663073395e+03    |    4.6663699155e+03    |
| 0.78571 |    3.1063132477e-07    |    4.6578360926e+03    |    4.6578993532e+03    |
| 0.78714 |    3.1055160830e-07    |    4.6493608099e+03    |    4.6494247677e+03    |
| 0.78857 |    3.1047280147e-07    |    4.6408824055e+03    |    4.6409470735e+03    |
| 0.79000 |    3.1039490076e-07    |    4.6324017851e+03    |    4.6324671766e+03    |
| 0.79143 |    3.1031790257e-07    |    4.6239198456e+03    |    4.6239859740e+03    |
| 0.79286 |    3.1024180327e-07    |    4.6154374746e+03    |    4.6155043536e+03    |
| 0.79429 |    3.1016659915e-07    |    4.6069555502e+03    |    4.6070231940e+03    |
| 0.79571 |    3.1009228643e-07    |    4.5984749412e+03    |    4.5985433640e+03    |
| 0.79714 |    3.1001886129e-07    |    4.5899965062e+03    |    4.5900657228e+03    |
| 0.79857 |    3.0994631985e-07    |    4.5815210938e+03    |    4.5815911191e+03    |
| 0.80000 |    3.0987465816e-07    |    4.5730495421e+03    |    4.5731203916e+03    |
| 0.80143 |    3.0980387225e-07    |    4.5645826788e+03    |    4.5646543680e+03    |
| 0.80286 |    3.0973395804e-07    |    4.5561213206e+03    |    4.5561938655e+03    |
| 0.80429 |    3.0966491145e-07    |    4.5476662731e+03    |    4.5477396901e+03    |
| 0.80571 |    3.0959672831e-07    |    4.5392183307e+03    |    4.5392926365e+03    |
| 0.80714 |    3.0952940441e-07    |    4.5307782763e+03    |    4.5308534880e+03    |
| 0.80857 |    3.0946293550e-07    |    4.5223468810e+03    |    4.5224230161e+03    |
| 0.81000 |    3.0939731726e-07    |    4.5139249041e+03    |    4.5140019805e+03    |
| 0.81143 |    3.0933254533e-07    |    4.5055130928e+03    |    4.5055911286e+03    |
| 0.81286 |    3.0926861530e-07    |    4.4971121819e+03    |    4.4971911958e+03    |
| 0.81429 |    3.0920552271e-07    |    4.4887228936e+03    |    4.4888029047e+03    |
| 0.81571 |    3.0914326305e-07    |    4.4803459377e+03    |    4.4804269655e+03    |
| 0.81714 |    3.0908183178e-07    |    4.4719820110e+03    |    4.4720640755e+03    |
| 0.81857 |    3.0902122429e-07    |    4.4636317973e+03    |    4.4637149188e+03    |
| 0.82000 |    3.0896143594e-07    |    4.4552959672e+03    |    4.4553801667e+03    |
| 0.82143 |    3.0890246204e-07    |    4.4469751781e+03    |    4.4470604769e+03    |
| 0.82286 |    3.0884429787e-07    |    4.4386700738e+03    |    4.4387564938e+03    |
| 0.82429 |    3.0878693864e-07    |    4.4303812845e+03    |    4.4304688481e+03    |
| 0.82571 |    3.0873037955e-07    |    4.4221094268e+03    |    4.4221981568e+03    |
| 0.82714 |    3.0867461573e-07    |    4.4138551033e+03    |    4.4139450232e+03    |
| 0.82857 |    3.0861964230e-07    |    4.4056189027e+03    |    4.4057100366e+03    |
| 0.83000 |    3.0856545430e-07    |    4.3974013996e+03    |    4.3974937720e+03    |
| 0.83143 |    3.0851204678e-07    |    4.3892031544e+03    |    4.3892967905e+03    |
| 0.83286 |    3.0845941471e-07    |    4.3810247134e+03    |    4.3811196390e+03    |
| 0.83429 |    3.0840755305e-07    |    4.3728666083e+03    |    4.3729628498e+03    |
| 0.83571 |    3.0835645671e-07    |    4.3647293565e+03    |    4.3648269410e+03    |
| 0.83714 |    3.0830612057e-07    |    4.3566134610e+03    |    4.3567124162e+03    |
| 0.83857 |    3.0825653947e-07    |    4.3485194101e+03    |    4.3486197644e+03    |
| 0.84000 |    3.0820770822e-07    |    4.3404476777e+03    |    4.3405494603e+03    |
| 0.84143 |    3.0815962160e-07    |    4.3323987229e+03    |    4.3325019637e+03    |
| 0.84286 |    3.0811227434e-07    |    4.3243729903e+03    |    4.3244777198e+03    |
| 0.84429 |    3.0806566116e-07    |    4.3163709096e+03    |    4.3164771594e+03    |
| 0.84571 |    3.0801977674e-07    |    4.3083928962e+03    |    4.3085006985e+03    |
| 0.84714 |    3.0797461572e-07    |    4.3004393505e+03    |    4.3005487383e+03    |
| 0.84857 |    3.0793017273e-07    |    4.2925106583e+03    |    4.2926216656e+03    |
| 0.85000 |    3.0788644234e-07    |    4.2846071908e+03    |    4.2847198525e+03    |
| 0.85143 |    3.0784341913e-07    |    4.2767293046e+03    |    4.2768436564e+03    |
| 0.85286 |    3.0780109762e-07    |    4.2688773417e+03    |    4.2689934203e+03    |
| 0.85429 |    3.0775947231e-07    |    4.2610516294e+03    |    4.2611694726e+03    |
| 0.85571 |    3.0771853770e-07    |    4.2532524808e+03    |    4.2533721273e+03    |
| 0.85714 |    3.0767828822e-07    |    4.2454801943e+03    |    4.2456016839e+03    |
| 0.85857 |    3.0763871830e-07    |    4.2377350540e+03    |    4.2378584277e+03    |
| 0.86000 |    3.0759982234e-07    |    4.2300173300e+03    |    4.2301426298e+03    |
| 0.86143 |    3.0756159473e-07    |    4.2223272779e+03    |    4.2224545471e+03    |
| 0.86286 |    3.0752402981e-07    |    4.2146651395e+03    |    4.2147944225e+03    |
| 0.86429 |    3.0748712191e-07    |    4.2070311423e+03    |    4.2071624849e+03    |
| 0.86571 |    3.0745086535e-07    |    4.1994255003e+03    |    4.1995589496e+03    |
| 0.86714 |    3.0741525441e-07    |    4.1918484136e+03    |    4.1919840180e+03    |
| 0.86857 |    3.0738028335e-07    |    4.1843000687e+03    |    4.1844378782e+03    |
| 0.87000 |    3.0734594642e-07    |    4.1767806389e+03    |    4.1769207047e+03    |
| 0.87143 |    3.0731223784e-07    |    4.1692902839e+03    |    4.1694326589e+03    |
| 0.87286 |    3.0727915182e-07    |    4.1618291506e+03    |    4.1619738892e+03    |
| 0.87429 |    3.0724668255e-07    |    4.1543973726e+03    |    4.1545445311e+03    |
| 0.87571 |    3.0721482418e-07    |    4.1469950711e+03    |    4.1471447073e+03    |
| 0.87714 |    3.0718357088e-07    |    4.1396223545e+03    |    4.1397745280e+03    |
| 0.87857 |    3.0715291677e-07    |    4.1322793188e+03    |    4.1324340911e+03    |
| 0.88000 |    3.0712285598e-07    |    4.1249660478e+03    |    4.1251234825e+03    |
| 0.88143 |    3.0709338259e-07    |    4.1176826135e+03    |    4.1178427760e+03    |
| 0.88286 |    3.0706449071e-07    |    4.1104290760e+03    |    4.1105920338e+03    |
| 0.88429 |    3.0703617439e-07    |    4.1032054837e+03    |    4.1033713067e+03    |
| 0.88571 |    3.0700842769e-07    |    4.0960118739e+03    |    4.0961806340e+03    |
| 0.88714 |    3.0698124465e-07    |    4.0888482727e+03    |    4.0890200444e+03    |
| 0.88857 |    3.0695461931e-07    |    4.0817146952e+03    |    4.0818895554e+03    |
| 0.89000 |    3.0692854568e-07    |    4.0746111462e+03    |    4.0747891744e+03    |
| 0.89143 |    3.0690301775e-07    |    4.0675376197e+03    |    4.0677188982e+03    |
| 0.89286 |    3.0687802954e-07    |    4.0604940999e+03    |    4.0606787137e+03    |
| 0.89429 |    3.0685357500e-07    |    4.0534805610e+03    |    4.0536685980e+03    |
| 0.89571 |    3.0682964813e-07    |    4.0464969676e+03    |    4.0466885188e+03    |
| 0.89714 |    3.0680624287e-07    |    4.0395432748e+03    |    4.0397384346e+03    |
| 0.89857 |    3.0678335318e-07    |    4.0326194287e+03    |    4.0328182947e+03    |
| 0.90000 |    3.0676097300e-07    |    4.0257253666e+03    |    4.0259280399e+03    |
| 0.90143 |    3.0673909627e-07    |    4.0188610171e+03    |    4.0190676025e+03    |
| 0.90286 |    3.0671771691e-07    |    4.0120263005e+03    |    4.0122369067e+03    |
| 0.90429 |    3.0669682885e-07    |    4.0052211292e+03    |    4.0054358689e+03    |
| 0.90571 |    3.0667642598e-07    |    3.9984454076e+03    |    3.9986643978e+03    |
| 0.90714 |    3.0665650224e-07    |    3.9916990327e+03    |    3.9919223947e+03    |
| 0.90857 |    3.0663705151e-07    |    3.9849818943e+03    |    3.9852097540e+03    |
| 0.91000 |    3.0661806769e-07    |    3.9782938750e+03    |    3.9785263634e+03    |
| 0.91143 |    3.0659954468e-07    |    3.9716348508e+03    |    3.9718721039e+03    |
| 0.91286 |    3.0658147637e-07    |    3.9650046914e+03    |    3.9652468504e+03    |
| 0.91429 |    3.0656385665e-07    |    3.9584032600e+03    |    3.9586504720e+03    |
| 0.91571 |    3.0654667939e-07    |    3.9518304139e+03    |    3.9520828318e+03    |
| 0.91714 |    3.0652993849e-07    |    3.9452860049e+03    |    3.9455437877e+03    |
| 0.91857 |    3.0651362782e-07    |    3.9387698791e+03    |    3.9390331926e+03    |
| 0.92000 |    3.0649774128e-07    |    3.9322818775e+03    |    3.9325508942e+03    |
| 0.92143 |    3.0648227273e-07    |    3.9258218361e+03    |    3.9260967359e+03    |
| 0.92286 |    3.0646721607e-07    |    3.9193895861e+03    |    3.9196705564e+03    |
| 0.92429 |    3.0645256518e-07    |    3.9129849542e+03    |    3.9132721906e+03    |
| 0.92571 |    3.0643831396e-07    |    3.9066077628e+03    |    3.9069014694e+03    |
| 0.92714 |    3.0642445628e-07    |    3.9002578303e+03    |    3.9005582200e+03    |
| 0.92857 |    3.0641098605e-07    |    3.8939349709e+03    |    3.8942422662e+03    |
| 0.93000 |    3.0639789717e-07    |    3.8876389954e+03    |    3.8879534289e+03    |
| 0.93143 |    3.0638518355e-07    |    3.8813697110e+03    |    3.8816915257e+03    |
| 0.93286 |    3.0637283909e-07    |    3.8751269214e+03    |    3.8754563716e+03    |
| 0.93429 |    3.0636085771e-07    |    3.8689104274e+03    |    3.8692477793e+03    |
| 0.93571 |    3.0634923334e-07    |    3.8627200266e+03    |    3.8630655588e+03    |
| 0.93714 |    3.0633795992e-07    |    3.8565555138e+03    |    3.8569095183e+03    |
| 0.93857 |    3.0632703139e-07    |    3.8504166811e+03    |    3.8507794639e+03    |
| 0.94000 |    3.0631644171e-07    |    3.8443033178e+03    |    3.8446752000e+03    |
| 0.94143 |    3.0630618483e-07    |    3.8382152110e+03    |    3.8385965295e+03    |
| 0.94286 |    3.0629625475e-07    |    3.8321521451e+03    |    3.8325432539e+03    |
| 0.94429 |    3.0628664545e-07    |    3.8261139026e+03    |    3.8265151733e+03    |
| 0.94571 |    3.0627735093e-07    |    3.8201002633e+03    |    3.8205120869e+03    |
| 0.94714 |    3.0626836522e-07    |    3.8141110052e+03    |    3.8145337930e+03    |
| 0.94857 |    3.0625968235e-07    |    3.8081459039e+03    |    3.8085800890e+03    |
| 0.95000 |    3.0625129637e-07    |    3.8022047331e+03    |    3.8026507716e+03    |
| 0.95143 |    3.0624320135e-07    |    3.7962872642e+03    |    3.7967456372e+03    |
| 0.95286 |    3.0623539138e-07    |    3.7903932667e+03    |    3.7908644815e+03    |
| 0.95429 |    3.0622786057e-07    |    3.7845225079e+03    |    3.7850071003e+03    |
| 0.95571 |    3.0622060304e-07    |    3.7786747529e+03    |    3.7791732889e+03    |
| 0.95714 |    3.0621361295e-07    |    3.7728497645e+03    |    3.7733628427e+03    |
| 0.95857 |    3.0620688446e-07    |    3.7670473034e+03    |    3.7675755569e+03    |
| 0.96000 |    3.0620041178e-07    |    3.7612671275e+03    |    3.7618112273e+03    |
| 0.96143 |    3.0619418912e-07    |    3.7555089923e+03    |    3.7560696493e+03    |
| 0.96286 |    3.0618821073e-07    |    3.7497726507e+03    |    3.7503506190e+03    |
| 0.96429 |    3.0618247089e-07    |    3.7440578522e+03    |    3.7446539328e+03    |
| 0.96571 |    3.0617696390e-07    |    3.7383643434e+03    |    3.7389793875e+03    |
| 0.96714 |    3.0617168409e-07    |    3.7326918674e+03    |    3.7333267804e+03    |
| 0.96857 |    3.0616662583e-07    |    3.7270401633e+03    |    3.7276959093e+03    |
| 0.97000 |    3.0616178351e-07    |    3.7214089661e+03    |    3.7220865728e+03    |
| 0.97143 |    3.0615715157e-07    |    3.7157980062e+03    |    3.7164985701e+03    |
| 0.97286 |    3.0615272445e-07    |    3.7102070089e+03    |    3.7109317011e+03    |
| 0.97429 |    3.0614849668e-07    |    3.7046356938e+03    |    3.7053857668e+03    |
| 0.97571 |    3.0614446277e-07    |    3.6990837741e+03    |    3.6998605686e+03    |
| 0.97714 |    3.0614061731e-07    |    3.6935509562e+03    |    3.6943559092e+03    |
| 0.97857 |    3.0613695491e-07    |    3.6880369385e+03    |    3.6888715920e+03    |
| 0.98000 |    3.0613347024e-07    |    3.6825414107e+03    |    3.6834074216e+03    |
| 0.98143 |    3.0613015798e-07    |    3.6770640527e+03    |    3.6779632035e+03    |
| 0.98286 |    3.0612701289e-07    |    3.6716045332e+03    |    3.6725387445e+03    |
| 0.98429 |    3.0612402975e-07    |    3.6661625085e+03    |    3.6671338523e+03    |
| 0.98571 |    3.0612120340e-07    |    3.6607376210e+03    |    3.6617483359e+03    |
| 0.98714 |    3.0611852873e-07    |    3.6553294972e+03    |    3.6563820056e+03    |
| 0.98857 |    3.0611600068e-07    |    3.6499377456e+03    |    3.6510346729e+03    |
| 0.99000 |    3.0611361423e-07    |    3.6445619542e+03    |    3.6457061506e+03    |
| 0.99143 |    3.0611136442e-07    |    3.6392016879e+03    |    3.6403962529e+03    |
| 0.99286 |    3.0610924635e-07    |    3.6338564851e+03    |    3.6351047954e+03    |
| 0.99429 |    3.0610725518e-07    |    3.6285258538e+03    |    3.6298315953e+03    |
| 0.99571 |    3.0610538611e-07    |    3.6232092677e+03    |    3.6245764711e+03    |
| 0.99714 |    3.0610363443e-07    |    3.6179061606e+03    |    3.6193392430e+03    |
| 0.99857 |    3.0610199545e-07    |    3.6126159204e+03    |    3.6141197326e+03    |
| 1.00000 |    3.0610046460e-07    |    3.6018060595e+03    |    3.6089177635e+03    |
--------------------------------------------------------------------------------------