Число узлов n = 81
--------------------------------------------------------------------------------------
|    x    |          u(z)          |          f(z)          |     f(z) integral      |
--------------------------------------------------------------------------------------
| 0.00000 |    3.9205947225e-07    |    0.0000000000e+00    |    0.0000000000e+00    |
| 0.01250 |    3.9202083816e-07    |    1.5473057082e+02    |    1.4594139289e+02    |
| 0.02500 |    3.9192070129e-07    |    2.9540326569e+02    |    2.9188914885e+02    |
| 0.03750 |    3.9175590437e-07    |    4.4010559904e+02    |    4.3784849636e+02    |
| 0.05000 |    3.9152599204e-07    |    5.8549201459e+02    |    5.8382263685e+02    |
| 0.06250 |    3.9123081051e-07    |    7.3113643296e+02    |    7.2981181967e+02    |
| 0.07500 |    3.9087029232e-07    |    8.7690854490e+02    |    8.7581232925e+02    |
| 0.08750 |    3.9044440998e-07    |    1.0227480112e+03    |    1.0218154864e+03    |
| 0.10000 |    3.8995316418e-07    |    1.1686149820e+03    |    1.1678066539e+03    |
| 0.11250 |    3.8939658272e-07    |    1.3144740268e+03    |    1.3137642463e+03    |
| 0.12500 |    3.8877472406e-07    |    1.4602873500e+03    |    1.4596587444e+03    |
| 0.13750 |    3.8808768320e-07    |    1.6060112421e+03    |    1.6054517188e+03    |
| 0.15000 |    3.8733559931e-07    |    1.7515938498e+03    |    1.7510948643e+03    |
| 0.16250 |    3.8651866450e-07    |    1.8969735557e+03    |    1.8965290520e+03    |
| 0.17500 |    3.8563713366e-07    |    2.0420776722e+03    |    2.0416834040e+03    |
| 0.18750 |    3.8469133524e-07    |    2.1868213190e+03    |    2.1864743982e+03    |
| 0.20000 |    3.8368168282e-07    |    2.3311064266e+03    |    2.3308050114e+03    |
| 0.21250 |    3.8260868740e-07    |    2.4748208375e+03    |    2.4745639112e+03    |
| 0.22500 |    3.8147297037e-07    |    2.6178374988e+03    |    2.6176247083e+03    |
| 0.23750 |    3.8027527697e-07    |    2.7600137467e+03    |    2.7598452805e+03    |
| 0.25000 |    3.7901649018e-07    |    2.9011906903e+03    |    2.9010671853e+03    |
| 0.26250 |    3.7769764495e-07    |    3.0411927072e+03    |    3.0411151735e+03    |
| 0.27500 |    3.7631994246e-07    |    3.1798270653e+03    |    3.1797968253e+03    |
| 0.28750 |    3.7488476448e-07    |    3.3168836863e+03    |    3.3169023236e+03    |
| 0.30000 |    3.7339368738e-07    |    3.4521350728e+03    |    3.4522043870e+03    |
| 0.31250 |    3.7184849574e-07    |    3.5853364155e+03    |    3.5854583826e+03    |
| 0.32500 |    3.7025119529e-07    |    3.7162259044e+03    |    3.7164026406e+03    |
| 0.33750 |    3.6860402481e-07    |    3.8445252655e+03    |    3.8447589928e+03    |
| 0.35000 |    3.6690946689e-07    |    3.9699405446e+03    |    3.9702335583e+03    |
| 0.36250 |    3.6517025702e-07    |    4.0921631604e+03    |    4.0925177987e+03    |
| 0.37500 |    3.6338939087e-07    |    4.2108712498e+03    |    4.2112898633e+03    |
| 0.38750 |    3.6157012936e-07    |    4.3257313232e+03    |    4.3262162468e+03    |
| 0.40000 |    3.5971600114e-07    |    4.4364002503e+03    |    4.4369537751e+03    |
| 0.41250 |    3.5783080214e-07    |    4.5425275892e+03    |    4.5431519377e+03    |
| 0.42500 |    3.5591859200e-07    |    4.6437582725e+03    |    4.6444555746e+03    |
| 0.43750 |    3.5398368680e-07    |    4.7397356557e+03    |    4.7405079284e+03    |
| 0.45000 |    3.5203064802e-07    |    4.8301049298e+03    |    4.8309540608e+03    |
| 0.46250 |    3.5006426744e-07    |    4.9145168922e+03    |    4.9154446276e+03    |
| 0.47500 |    3.4808954762e-07    |    4.9926320613e+03    |    4.9936400001e+03    |
| 0.48750 |    3.4611167809e-07    |    5.0641251134e+03    |    5.0652147090e+03    |
| 0.50000 |    3.4413600695e-07    |    5.1286896063e+03    |    5.1298621777e+03    |
| 0.51250 |    3.4216800802e-07    |    5.1860429474e+03    |    5.1872997002e+03    |
| 0.52500 |    3.4021324368e-07    |    5.2359315446e+03    |    5.2372736055e+03    |
| 0.53750 |    3.3827732370e-07    |    5.2781360729e+03    |    5.2795645390e+03    |
| 0.55000 |    3.3636586021e-07    |    5.3124767681e+03    |    5.3139927728e+03    |
| 0.56250 |    3.3448441968e-07    |    5.3388186473e+03    |    5.3404234464e+03    |
| 0.57500 |    3.3263847218e-07    |    5.3570765424e+03    |    5.3587716220e+03    |
| 0.58750 |    3.3083333894e-07    |    5.3672198146e+03    |    5.3690070240e+03    |
| 0.60000 |    3.2907413899e-07    |    5.3692766080e+03    |    5.3711583198e+03    |
| 0.61250 |    3.2736573596e-07    |    5.3633374854e+03    |    5.3653167870e+03    |
| 0.62500 |    3.2571268600e-07    |    5.3495582833e+03    |    5.3516392018e+03    |
| 0.63750 |    3.2411918812e-07    |    5.3281620147e+03    |    5.3303497794e+03    |
| 0.65000 |    3.2258903811e-07    |    5.2994396488e+03    |    5.3017409941e+03    |
| 0.66250 |    3.2112558709e-07    |    5.2637496005e+03    |    5.2661731145e+03    |
| 0.67500 |    3.1973170597e-07    |    5.2215157753e+03    |    5.2240722988e+03    |
| 0.68750 |    3.1840975675e-07    |    5.1732240356e+03    |    5.1759271173e+03    |
| 0.70000 |    3.1716157150e-07    |    5.1194169839e+03    |    5.1222834009e+03    |
| 0.71250 |    3.1598843967e-07    |    5.0606870012e+03    |    5.0637373547e+03    |
| 0.72500 |    3.1489110410e-07    |    4.9976675317e+03    |    5.0009269343e+03    |
| 0.73750 |    3.1386976585e-07    |    4.9310226704e+03    |    4.9345215449e+03    |
| 0.75000 |    3.1292409756e-07    |    4.8614351891e+03    |    4.8652102107e+03    |
| 0.76250 |    3.1205326469e-07    |    4.7895932251e+03    |    4.7936884494e+03    |
| 0.77500 |    3.1125595391e-07    |    4.7161759530e+03    |    4.7206441925e+03    |
| 0.78750 |    3.1053040726e-07    |    4.6418386583e+03    |    4.6467431982e+03    |
| 0.80000 |    3.0987446074e-07    |    4.5671977284e+03    |    4.5726145112e+03    |
| 0.81250 |    3.0928558571e-07    |    4.4928161491e+03    |    4.4988366189e+03    |
| 0.82500 |    3.0876093159e-07    |    4.4191901416e+03    |    4.4259250247e+03    |
| 0.83750 |    3.0829736816e-07    |    4.3467375617e+03    |    4.3543219941e+03    |
| 0.85000 |    3.0789152636e-07    |    4.2757885893e+03    |    4.2843892027e+03    |
| 0.86250 |    3.0753983655e-07    |    4.2065790177e+03    |    4.2164039128e+03    |
| 0.87500 |    3.0723856374e-07    |    4.1392460663e+03    |    4.1505591129e+03    |
| 0.88750 |    3.0698383991e-07    |    4.0738260078e+03    |    4.0869677514e+03    |
| 0.90000 |    3.0677169396e-07    |    4.0102519086e+03    |    4.0256708086e+03    |
| 0.91250 |    3.0659808039e-07    |    3.9483482134e+03    |    3.9666484984e+03    |
| 0.92500 |    3.0645890834e-07    |    3.8878162892e+03    |    3.9098334545e+03    |
| 0.93750 |    3.0635007247e-07    |    3.8282002963e+03    |    3.8551244424e+03    |
| 0.95000 |    3.0626748784e-07    |    3.7688131867e+03    |    3.8023990720e+03    |
| 0.96250 |    3.0620713021e-07    |    3.7085813294e+03    |    3.7515242818e+03    |
| 0.97500 |    3.0616508353e-07    |    3.6457145019e+03    |    3.7023639987e+03    |
| 0.98750 |    3.0613759579e-07    |    3.5769723932e+03    |    3.6547841870e+03    |
| 1.00000 |    3.0612114434e-07    |    3.0474861374e+03    |    3.6086561302e+03    |
--------------------------------------------------------------------------------------