Число узлов n = 801
--------------------------------------------------------------------------------------
|    x    |          u(z)          |          f(z)          |     f(z) integral      |
--------------------------------------------------------------------------------------
| 0.00000 |    3.9205337089e-07    |    0.0000000000e+00    |    0.0000000000e+00    |
| 0.00125 |    3.9205298455e-07    |    1.5472962298e+01    |    1.4593925542e+01    |
| 0.00250 |    3.9205198319e-07    |    2.9539471169e+01    |    2.9187857816e+01    |
| 0.00375 |    3.9205033528e-07    |    4.4007839129e+01    |    4.3781803403e+01    |
| 0.00500 |    3.9204803632e-07    |    5.8543201212e+01    |    5.8375768821e+01    |
| 0.00625 |    3.9204508481e-07    |    7.3102943927e+01    |    7.2969760592e+01    |
| 0.00750 |    3.9204148005e-07    |    8.7674428265e+01    |    8.7563785201e+01    |
| 0.00875 |    3.9203722168e-07    |    1.0225250880e+02    |    1.0215784909e+02    |
| 0.01000 |    3.9203230947e-07    |    1.1683468486e+02    |    1.1675195865e+02    |
| 0.01125 |    3.9202674329e-07    |    1.3141959250e+02    |    1.3134612020e+02    |
| 0.01250 |    3.9202052304e-07    |    1.4600642451e+02    |    1.4594033997e+02    |
| 0.01375 |    3.9201364863e-07    |    1.6059467316e+02    |    1.6053462411e+02    |
| 0.01500 |    3.9200612002e-07    |    1.7518400374e+02    |    1.7512897868e+02    |
| 0.01625 |    3.9199793716e-07    |    1.8977418718e+02    |    1.8972340961e+02    |
| 0.01750 |    3.9198910002e-07    |    2.0436506195e+02    |    2.0431792274e+02    |
| 0.01875 |    3.9197960857e-07    |    2.1895651132e+02    |    2.1891252375e+02    |
| 0.02000 |    3.9196946279e-07    |    2.3354844917e+02    |    2.3350721820e+02    |
| 0.02125 |    3.9195866265e-07    |    2.4814081093e+02    |    2.4810201150e+02    |
| 0.02250 |    3.9194720815e-07    |    2.6273354748e+02    |    2.6269690890e+02    |
| 0.02375 |    3.9193509927e-07    |    2.7732662103e+02    |    2.7729191547e+02    |
| 0.02500 |    3.9192233598e-07    |    2.9192000220e+02    |    2.9188703611e+02    |
| 0.02625 |    3.9190891828e-07    |    3.0651366798e+02    |    3.0648227554e+02    |
| 0.02750 |    3.9189484617e-07    |    3.2110760022e+02    |    3.2107763826e+02    |
| 0.02875 |    3.9188011961e-07    |    3.3570178451e+02    |    3.3567312860e+02    |
| 0.03000 |    3.9186473862e-07    |    3.5029620934e+02    |    3.5026875062e+02    |
| 0.03125 |    3.9184870317e-07    |    3.6489086548e+02    |    3.6486450818e+02    |
| 0.03250 |    3.9183201325e-07    |    3.7948574548e+02    |    3.7946040492e+02    |
| 0.03375 |    3.9181466887e-07    |    3.9408084328e+02    |    3.9405644419e+02    |
| 0.03500 |    3.9179667001e-07    |    4.0867615391e+02    |    4.0865262911e+02    |
| 0.03625 |    3.9177801665e-07    |    4.2327167325e+02    |    4.2324896253e+02    |
| 0.03750 |    3.9175870881e-07    |    4.3786739783e+02    |    4.3784544701e+02    |
| 0.03875 |    3.9173874646e-07    |    4.5246332468e+02    |    4.5244208482e+02    |
| 0.04000 |    3.9171812961e-07    |    4.6705945118e+02    |    4.6703887796e+02    |
| 0.04125 |    3.9169685824e-07    |    4.8165577497e+02    |    4.8163582808e+02    |
| 0.04250 |    3.9167493234e-07    |    4.9625229383e+02    |    4.9623293656e+02    |
| 0.04375 |    3.9165235192e-07    |    5.1084900563e+02    |    5.1083020440e+02    |
| 0.04500 |    3.9162911697e-07    |    5.2544590827e+02    |    5.2542763231e+02    |
| 0.04625 |    3.9160522748e-07    |    5.4004299956e+02    |    5.4002522062e+02    |
| 0.04750 |    3.9158068345e-07    |    5.5464027727e+02    |    5.5462296932e+02    |
| 0.04875 |    3.9155548487e-07    |    5.6923773900e+02    |    5.6922087801e+02    |
| 0.05000 |    3.9152963174e-07    |    5.8383538218e+02    |    5.8381894595e+02    |
| 0.05125 |    3.9150312406e-07    |    5.9843320403e+02    |    5.9841717198e+02    |
| 0.05250 |    3.9147596182e-07    |    6.1303120152e+02    |    6.1301555455e+02    |
| 0.05375 |    3.9144814502e-07    |    6.2762937136e+02    |    6.2761409172e+02    |
| 0.05500 |    3.9141967366e-07    |    6.4222770997e+02    |    6.4221278110e+02    |
| 0.05625 |    3.9139054774e-07    |    6.5682621343e+02    |    6.5681161990e+02    |
| 0.05750 |    3.9136076726e-07    |    6.7142487750e+02    |    6.7141060488e+02    |
| 0.05875 |    3.9133033221e-07    |    6.8602369757e+02    |    6.8600973237e+02    |
| 0.06000 |    3.9129924261e-07    |    7.0062266865e+02    |    7.0060899822e+02    |
| 0.06125 |    3.9126749844e-07    |    7.1522178535e+02    |    7.1520839783e+02    |
| 0.06250 |    3.9123509971e-07    |    7.2982104187e+02    |    7.2980792610e+02    |
| 0.06375 |    3.9120204643e-07    |    7.4442043197e+02    |    7.4440757748e+02    |
| 0.06500 |    3.9116833860e-07    |    7.5901994899e+02    |    7.5900734588e+02    |
| 0.06625 |    3.9113397623e-07    |    7.7361958577e+02    |    7.7360722475e+02    |
| 0.06750 |    3.9109895931e-07    |    7.8821933472e+02    |    7.8820720698e+02    |
| 0.06875 |    3.9106328786e-07    |    8.0281918771e+02    |    8.0280728497e+02    |
| 0.07000 |    3.9102696189e-07    |    8.1741913616e+02    |    8.1740745054e+02    |
| 0.07125 |    3.9098998140e-07    |    8.3201917093e+02    |    8.3200769502e+02    |
| 0.07250 |    3.9095234641e-07    |    8.4661928239e+02    |    8.4660800913e+02    |
| 0.07375 |    3.9091405692e-07    |    8.6121946033e+02    |    8.6120838305e+02    |
| 0.07500 |    3.9087511295e-07    |    8.7581969404e+02    |    8.7580880640e+02    |
| 0.07625 |    3.9083551452e-07    |    8.9041997219e+02    |    8.9040926817e+02    |
| 0.07750 |    3.9079526163e-07    |    9.0502028292e+02    |    9.0500975678e+02    |
| 0.07875 |    3.9075435430e-07    |    9.1962061376e+02    |    9.1961026006e+02    |
| 0.08000 |    3.9071279256e-07    |    9.3422095164e+02    |    9.3421076519e+02    |
| 0.08125 |    3.9067057642e-07    |    9.4882128288e+02    |    9.4881125875e+02    |
| 0.08250 |    3.9062770590e-07    |    9.6342159320e+02    |    9.6341172667e+02    |
| 0.08375 |    3.9058418103e-07    |    9.7802186766e+02    |    9.7801215425e+02    |
| 0.08500 |    3.9054000183e-07    |    9.9262209070e+02    |    9.9261252610e+02    |
| 0.08625 |    3.9049516832e-07    |    1.0072222461e+03    |    1.0072128262e+03    |
| 0.08750 |    3.9044968054e-07    |    1.0218223169e+03    |    1.0218130379e+03    |
| 0.08875 |    3.9040353852e-07    |    1.0364222857e+03    |    1.0364131437e+03    |
| 0.09000 |    3.9035674228e-07    |    1.0510221341e+03    |    1.0510131255e+03    |
| 0.09125 |    3.9030929186e-07    |    1.0656218432e+03    |    1.0656129647e+03    |
| 0.09250 |    3.9026118730e-07    |    1.0802213933e+03    |    1.0802126416e+03    |
| 0.09375 |    3.9021242863e-07    |    1.0948207641e+03    |    1.0948121360e+03    |
| 0.09500 |    3.9016301590e-07    |    1.1094199346e+03    |    1.1094114270e+03    |
| 0.09625 |    3.9011294914e-07    |    1.1240188827e+03    |    1.1240104929e+03    |
| 0.09750 |    3.9006222841e-07    |    1.1386175861e+03    |    1.1386093111e+03    |
| 0.09875 |    3.9001085375e-07    |    1.1532160212e+03    |    1.1532078585e+03    |
| 0.10000 |    3.8995882520e-07    |    1.1678141641e+03    |    1.1678061111e+03    |
| 0.10125 |    3.8990614282e-07    |    1.1824119898e+03    |    1.1824040440e+03    |
| 0.10250 |    3.8985280667e-07    |    1.1970094727e+03    |    1.1970016317e+03    |
| 0.10375 |    3.8979881681e-07    |    1.2116065862e+03    |    1.2115988478e+03    |
| 0.10500 |    3.8974417329e-07    |    1.2262033031e+03    |    1.2261956651e+03    |
| 0.10625 |    3.8968887617e-07    |    1.2407995953e+03    |    1.2407920556e+03    |
| 0.10750 |    3.8963292552e-07    |    1.2553954339e+03    |    1.2553879905e+03    |
| 0.10875 |    3.8957632142e-07    |    1.2699907891e+03    |    1.2699834399e+03    |
| 0.11000 |    3.8951906393e-07    |    1.2845856302e+03    |    1.2845783735e+03    |
| 0.11125 |    3.8946115313e-07    |    1.2991799258e+03    |    1.2991727597e+03    |
| 0.11250 |    3.8940258909e-07    |    1.3137736435e+03    |    1.3137665663e+03    |
| 0.11375 |    3.8934337191e-07    |    1.3283667502e+03    |    1.3283597602e+03    |
| 0.11500 |    3.8928350165e-07    |    1.3429592116e+03    |    1.3429523072e+03    |
| 0.11625 |    3.8922297842e-07    |    1.3575509928e+03    |    1.3575441724e+03    |
| 0.11750 |    3.8916180230e-07    |    1.3721420579e+03    |    1.3721353200e+03    |
| 0.11875 |    3.8909997339e-07    |    1.3867323700e+03    |    1.3867257131e+03    |
| 0.12000 |    3.8903749179e-07    |    1.4013218913e+03    |    1.4013153141e+03    |
| 0.12125 |    3.8897435760e-07    |    1.4159105831e+03    |    1.4159040842e+03    |
| 0.12250 |    3.8891057093e-07    |    1.4304984058e+03    |    1.4304919839e+03    |
| 0.12375 |    3.8884613189e-07    |    1.4450853188e+03    |    1.4450789726e+03    |
| 0.12500 |    3.8878104059e-07    |    1.4596712805e+03    |    1.4596650088e+03    |
| 0.12625 |    3.8871529716e-07    |    1.4742562483e+03    |    1.4742500499e+03    |
| 0.12750 |    3.8864890171e-07    |    1.4888401786e+03    |    1.4888340525e+03    |
| 0.12875 |    3.8858185438e-07    |    1.5034230271e+03    |    1.5034169720e+03    |
| 0.13000 |    3.8851415529e-07    |    1.5180047480e+03    |    1.5179987630e+03    |
| 0.13125 |    3.8844580459e-07    |    1.5325852948e+03    |    1.5325793788e+03    |
| 0.13250 |    3.8837680241e-07    |    1.5471646200e+03    |    1.5471587721e+03    |
| 0.13375 |    3.8830714889e-07    |    1.5617426750e+03    |    1.5617368941e+03    |
| 0.13500 |    3.8823684420e-07    |    1.5763194100e+03    |    1.5763136953e+03    |
| 0.13625 |    3.8816588849e-07    |    1.5908947743e+03    |    1.5908891249e+03    |
| 0.13750 |    3.8809428191e-07    |    1.6054687163e+03    |    1.6054631312e+03    |
| 0.13875 |    3.8802202463e-07    |    1.6200411829e+03    |    1.6200356614e+03    |
| 0.14000 |    3.8794911682e-07    |    1.6346121204e+03    |    1.6346066616e+03    |
| 0.14125 |    3.8787555866e-07    |    1.6491814736e+03    |    1.6491760768e+03    |
| 0.14250 |    3.8780135033e-07    |    1.6637491864e+03    |    1.6637438509e+03    |
| 0.14375 |    3.8772649202e-07    |    1.6783152016e+03    |    1.6783099266e+03    |
| 0.14500 |    3.8765098391e-07    |    1.6928794609e+03    |    1.6928742456e+03    |
| 0.14625 |    3.8757482621e-07    |    1.7074419047e+03    |    1.7074367486e+03    |
| 0.14750 |    3.8749801912e-07    |    1.7220024724e+03    |    1.7219973748e+03    |
| 0.14875 |    3.8742056284e-07    |    1.7365611023e+03    |    1.7365560625e+03    |
| 0.15000 |    3.8734245760e-07    |    1.7511177314e+03    |    1.7511127488e+03    |
| 0.15125 |    3.8726370362e-07    |    1.7656722957e+03    |    1.7656673696e+03    |
| 0.15250 |    3.8718430112e-07    |    1.7802247298e+03    |    1.7802198598e+03    |
| 0.15375 |    3.8710425034e-07    |    1.7947749673e+03    |    1.7947701528e+03    |
| 0.15500 |    3.8702355152e-07    |    1.8093229405e+03    |    1.8093181810e+03    |
| 0.15625 |    3.8694220490e-07    |    1.8238685807e+03    |    1.8238638756e+03    |
| 0.15750 |    3.8686021074e-07    |    1.8384118178e+03    |    1.8384071666e+03    |
| 0.15875 |    3.8677756930e-07    |    1.8529525803e+03    |    1.8529479827e+03    |
| 0.16000 |    3.8669428085e-07    |    1.8674907960e+03    |    1.8674862513e+03    |
| 0.16125 |    3.8661034566e-07    |    1.8820263910e+03    |    1.8820218989e+03    |
| 0.16250 |    3.8652576401e-07    |    1.8965592902e+03    |    1.8965548503e+03    |
| 0.16375 |    3.8644053618e-07    |    1.9110894176e+03    |    1.9110850293e+03    |
| 0.16500 |    3.8635466249e-07    |    1.9256166954e+03    |    1.9256123585e+03    |
| 0.16625 |    3.8626814322e-07    |    1.9401410451e+03    |    1.9401367590e+03    |
| 0.16750 |    3.8618097869e-07    |    1.9546623864e+03    |    1.9546581509e+03    |
| 0.16875 |    3.8609316921e-07    |    1.9691806380e+03    |    1.9691764526e+03    |
| 0.17000 |    3.8600471512e-07    |    1.9836957172e+03    |    1.9836915817e+03    |
| 0.17125 |    3.8591561675e-07    |    1.9982075401e+03    |    1.9982034542e+03    |
| 0.17250 |    3.8582587443e-07    |    2.0127160214e+03    |    2.0127119846e+03    |
| 0.17375 |    3.8573548852e-07    |    2.0272210744e+03    |    2.0272170866e+03    |
| 0.17500 |    3.8564445938e-07    |    2.0417226113e+03    |    2.0417186720e+03    |
| 0.17625 |    3.8555278737e-07    |    2.0562205426e+03    |    2.0562166517e+03    |
| 0.17750 |    3.8546047286e-07    |    2.0707147779e+03    |    2.0707109350e+03    |
| 0.17875 |    3.8536751625e-07    |    2.0852052250e+03    |    2.0852014299e+03    |
| 0.18000 |    3.8527391792e-07    |    2.0996917906e+03    |    2.0996880430e+03    |
| 0.18125 |    3.8517967827e-07    |    2.1141743799e+03    |    2.1141706796e+03    |
| 0.18250 |    3.8508479772e-07    |    2.1286528968e+03    |    2.1286492436e+03    |
| 0.18375 |    3.8498927667e-07    |    2.1431272438e+03    |    2.1431236374e+03    |
| 0.18500 |    3.8489311557e-07    |    2.1575973220e+03    |    2.1575937623e+03    |
| 0.18625 |    3.8479631484e-07    |    2.1720630310e+03    |    2.1720595177e+03    |
| 0.18750 |    3.8469887494e-07    |    2.1865242691e+03    |    2.1865208020e+03    |
| 0.18875 |    3.8460079632e-07    |    2.2009809330e+03    |    2.2009775121e+03    |
| 0.19000 |    3.8450207945e-07    |    2.2154329183e+03    |    2.2154295432e+03    |
| 0.19125 |    3.8440272480e-07    |    2.2298801188e+03    |    2.2298767895e+03    |
| 0.19250 |    3.8430273285e-07    |    2.2443224270e+03    |    2.2443191433e+03    |
| 0.19375 |    3.8420210412e-07    |    2.2587597341e+03    |    2.2587564958e+03    |
| 0.19500 |    3.8410083909e-07    |    2.2731919295e+03    |    2.2731887365e+03    |
| 0.19625 |    3.8399893829e-07    |    2.2876189014e+03    |    2.2876157536e+03    |
| 0.19750 |    3.8389640225e-07    |    2.3020405365e+03    |    2.3020374337e+03    |
| 0.19875 |    3.8379323150e-07    |    2.3164567198e+03    |    2.3164536620e+03    |
| 0.20000 |    3.8368942658e-07    |    2.3308673351e+03    |    2.3308643221e+03    |
| 0.20125 |    3.8358498807e-07    |    2.3452722644e+03    |    2.3452692962e+03    |
| 0.20250 |    3.8347991653e-07    |    2.3596713886e+03    |    2.3596684650e+03    |
| 0.20375 |    3.8337421254e-07    |    2.3740645866e+03    |    2.3740617075e+03    |
| 0.20500 |    3.8326787669e-07    |    2.3884517361e+03    |    2.3884489015e+03    |
| 0.20625 |    3.8316090960e-07    |    2.4028327132e+03    |    2.4028299231e+03    |
| 0.20750 |    3.8305331186e-07    |    2.4172073924e+03    |    2.4172046466e+03    |
| 0.20875 |    3.8294508412e-07    |    2.4315756468e+03    |    2.4315729453e+03    |
| 0.21000 |    3.8283622701e-07    |    2.4459373478e+03    |    2.4459346905e+03    |
| 0.21125 |    3.8272674117e-07    |    2.4602923653e+03    |    2.4602897522e+03    |
| 0.21250 |    3.8261662729e-07    |    2.4746405676e+03    |    2.4746379987e+03    |
| 0.21375 |    3.8250588602e-07    |    2.4889818216e+03    |    2.4889792968e+03    |
| 0.21500 |    3.8239451806e-07    |    2.5033159923e+03    |    2.5033135116e+03    |
| 0.21625 |    3.8228252410e-07    |    2.5176429435e+03    |    2.5176405069e+03    |
| 0.21750 |    3.8216990487e-07    |    2.5319625371e+03    |    2.5319601445e+03    |
| 0.21875 |    3.8205666108e-07    |    2.5462746336e+03    |    2.5462722851e+03    |
| 0.22000 |    3.8194279348e-07    |    2.5605790918e+03    |    2.5605767873e+03    |
| 0.22125 |    3.8182830281e-07    |    2.5748757689e+03    |    2.5748735085e+03    |
| 0.22250 |    3.8171318984e-07    |    2.5891645206e+03    |    2.5891623042e+03    |
| 0.22375 |    3.8159745536e-07    |    2.6034452008e+03    |    2.6034430285e+03    |
| 0.22500 |    3.8148110014e-07    |    2.6177176619e+03    |    2.6177155337e+03    |
| 0.22625 |    3.8136412500e-07    |    2.6319817547e+03    |    2.6319796705e+03    |
| 0.22750 |    3.8124653075e-07    |    2.6462373282e+03    |    2.6462352882e+03    |
| 0.22875 |    3.8112831822e-07    |    2.6604842299e+03    |    2.6604822341e+03    |
| 0.23000 |    3.8100948828e-07    |    2.6747223057e+03    |    2.6747203540e+03    |
| 0.23125 |    3.8089004176e-07    |    2.6889513997e+03    |    2.6889494923e+03    |
| 0.23250 |    3.8076997956e-07    |    2.7031713544e+03    |    2.7031694913e+03    |
| 0.23375 |    3.8064930256e-07    |    2.7173820107e+03    |    2.7173801919e+03    |
| 0.23500 |    3.8052801166e-07    |    2.7315832078e+03    |    2.7315814333e+03    |
| 0.23625 |    3.8040610778e-07    |    2.7457747832e+03    |    2.7457730531e+03    |
| 0.23750 |    3.8028359186e-07    |    2.7599565727e+03    |    2.7599548871e+03    |
| 0.23875 |    3.8016046485e-07    |    2.7741284105e+03    |    2.7741267695e+03    |
| 0.24000 |    3.8003672771e-07    |    2.7882901290e+03    |    2.7882885326e+03    |
| 0.24125 |    3.7991238142e-07    |    2.8024415592e+03    |    2.8024400075e+03    |
| 0.24250 |    3.7978742697e-07    |    2.8165825300e+03    |    2.8165810230e+03    |
| 0.24375 |    3.7966186538e-07    |    2.8307128688e+03    |    2.8307114068e+03    |
| 0.24500 |    3.7953569768e-07    |    2.8448324015e+03    |    2.8448309844e+03    |
| 0.24625 |    3.7940892489e-07    |    2.8589409519e+03    |    2.8589395798e+03    |
| 0.24750 |    3.7928154809e-07    |    2.8730383424e+03    |    2.8730370154e+03    |
| 0.24875 |    3.7915356835e-07    |    2.8871243935e+03    |    2.8871231118e+03    |
| 0.25000 |    3.7902498676e-07    |    2.9011989242e+03    |    2.9011976877e+03    |
| 0.25125 |    3.7889580442e-07    |    2.9152617515e+03    |    2.9152605605e+03    |
| 0.25250 |    3.7876602246e-07    |    2.9293126909e+03    |    2.9293115454e+03    |
| 0.25375 |    3.7863564202e-07    |    2.9433515561e+03    |    2.9433504562e+03    |
| 0.25500 |    3.7850466426e-07    |    2.9573781591e+03    |    2.9573771049e+03    |
| 0.25625 |    3.7837309035e-07    |    2.9713923101e+03    |    2.9713913018e+03    |
| 0.25750 |    3.7824092148e-07    |    2.9853938176e+03    |    2.9853928553e+03    |
| 0.25875 |    3.7810815887e-07    |    2.9993824885e+03    |    2.9993815723e+03    |
| 0.26000 |    3.7797480373e-07    |    3.0133581278e+03    |    3.0133572578e+03    |
| 0.26125 |    3.7784085732e-07    |    3.0273205387e+03    |    3.0273197150e+03    |
| 0.26250 |    3.7770632090e-07    |    3.0412695229e+03    |    3.0412687457e+03    |
| 0.26375 |    3.7757119574e-07    |    3.0552048801e+03    |    3.0552041495e+03    |
| 0.26500 |    3.7743548314e-07    |    3.0691264085e+03    |    3.0691257247e+03    |
| 0.26625 |    3.7729918443e-07    |    3.0830339044e+03    |    3.0830332674e+03    |
| 0.26750 |    3.7716230092e-07    |    3.0969271623e+03    |    3.0969265724e+03    |
| 0.26875 |    3.7702483399e-07    |    3.1108059752e+03    |    3.1108054325e+03    |
| 0.27000 |    3.7688678499e-07    |    3.1246701341e+03    |    3.1246696387e+03    |
| 0.27125 |    3.7674815533e-07    |    3.1385194283e+03    |    3.1385189804e+03    |
| 0.27250 |    3.7660894640e-07    |    3.1523536455e+03    |    3.1523532452e+03    |
| 0.27375 |    3.7646915963e-07    |    3.1661725715e+03    |    3.1661722189e+03    |
| 0.27500 |    3.7632879648e-07    |    3.1799759903e+03    |    3.1799756857e+03    |
| 0.27625 |    3.7618785841e-07    |    3.1937636844e+03    |    3.1937634278e+03    |
| 0.27750 |    3.7604634691e-07    |    3.2075354342e+03    |    3.2075352260e+03    |
| 0.27875 |    3.7590426347e-07    |    3.2212910187e+03    |    3.2212908589e+03    |
| 0.28000 |    3.7576160964e-07    |    3.2350302150e+03    |    3.2350301037e+03    |
| 0.28125 |    3.7561838695e-07    |    3.2487527983e+03    |    3.2487527358e+03    |
| 0.28250 |    3.7547459696e-07    |    3.2624585422e+03    |    3.2624585286e+03    |
| 0.28375 |    3.7533024127e-07    |    3.2761472187e+03    |    3.2761472542e+03    |
| 0.28500 |    3.7518532148e-07    |    3.2898185977e+03    |    3.2898186824e+03    |
| 0.28625 |    3.7503983922e-07    |    3.3034724476e+03    |    3.3034725818e+03    |
| 0.28750 |    3.7489379613e-07    |    3.3171085351e+03    |    3.3171087189e+03    |
| 0.28875 |    3.7474719387e-07    |    3.3307266250e+03    |    3.3307268586e+03    |
| 0.29000 |    3.7460003415e-07    |    3.3443264804e+03    |    3.3443267640e+03    |
| 0.29125 |    3.7445231866e-07    |    3.3579078626e+03    |    3.3579081964e+03    |
| 0.29250 |    3.7430404914e-07    |    3.3714705314e+03    |    3.3714709155e+03    |
| 0.29375 |    3.7415522734e-07    |    3.3850142447e+03    |    3.3850146793e+03    |
| 0.29500 |    3.7400585503e-07    |    3.3985387585e+03    |    3.3985392439e+03    |
| 0.29625 |    3.7385593401e-07    |    3.4120438274e+03    |    3.4120443638e+03    |
| 0.29750 |    3.7370546609e-07    |    3.4255292042e+03    |    3.4255297916e+03    |
| 0.29875 |    3.7355445311e-07    |    3.4389946397e+03    |    3.4389952785e+03    |
| 0.30000 |    3.7340289692e-07    |    3.4524398834e+03    |    3.4524405736e+03    |
| 0.30125 |    3.7325079942e-07    |    3.4658646827e+03    |    3.4658654247e+03    |
| 0.30250 |    3.7309816251e-07    |    3.4792687836e+03    |    3.4792695774e+03    |
| 0.30375 |    3.7294498810e-07    |    3.4926519301e+03    |    3.4926527761e+03    |
| 0.30500 |    3.7279127815e-07    |    3.5060138648e+03    |    3.5060147631e+03    |
| 0.30625 |    3.7263703463e-07    |    3.5193543285e+03    |    3.5193552793e+03    |
| 0.30750 |    3.7248225954e-07    |    3.5326730601e+03    |    3.5326740637e+03    |
| 0.30875 |    3.7232695488e-07    |    3.5459697971e+03    |    3.5459708536e+03    |
| 0.31000 |    3.7217112270e-07    |    3.5592442752e+03    |    3.5592453848e+03    |
| 0.31125 |    3.7201476506e-07    |    3.5724962284e+03    |    3.5724973914e+03    |
| 0.31250 |    3.7185788404e-07    |    3.5857253891e+03    |    3.5857266056e+03    |
| 0.31375 |    3.7170048175e-07    |    3.5989314880e+03    |    3.5989327583e+03    |
| 0.31500 |    3.7154256033e-07    |    3.6121142541e+03    |    3.6121155783e+03    |
| 0.31625 |    3.7138412193e-07    |    3.6252734148e+03    |    3.6252747932e+03    |
| 0.31750 |    3.7122516873e-07    |    3.6384086958e+03    |    3.6384101287e+03    |
| 0.31875 |    3.7106570292e-07    |    3.6515198214e+03    |    3.6515213088e+03    |
| 0.32000 |    3.7090572674e-07    |    3.6646065138e+03    |    3.6646080562e+03    |
| 0.32125 |    3.7074524243e-07    |    3.6776684941e+03    |    3.6776700915e+03    |
| 0.32250 |    3.7058425227e-07    |    3.6907054815e+03    |    3.6907071342e+03    |
| 0.32375 |    3.7042275856e-07    |    3.7037171936e+03    |    3.7037189018e+03    |
| 0.32500 |    3.7026076362e-07    |    3.7167033465e+03    |    3.7167051104e+03    |
| 0.32625 |    3.7009826978e-07    |    3.7296636546e+03    |    3.7296654745e+03    |
| 0.32750 |    3.6993527944e-07    |    3.7425978309e+03    |    3.7425997069e+03    |
| 0.32875 |    3.6977179497e-07    |    3.7555055865e+03    |    3.7555075190e+03    |
| 0.33000 |    3.6960781880e-07    |    3.7683866314e+03    |    3.7683886204e+03    |
| 0.33125 |    3.6944335338e-07    |    3.7812406737e+03    |    3.7812427196e+03    |
| 0.33250 |    3.6927840117e-07    |    3.7940674200e+03    |    3.7940695230e+03    |
| 0.33375 |    3.6911296467e-07    |    3.8068665755e+03    |    3.8068687358e+03    |
| 0.33500 |    3.6894704639e-07    |    3.8196378439e+03    |    3.8196400617e+03    |
| 0.33625 |    3.6878064888e-07    |    3.8323809272e+03    |    3.8323832027e+03    |
| 0.33750 |    3.6861377471e-07    |    3.8450955260e+03    |    3.8450978596e+03    |
| 0.33875 |    3.6844642647e-07    |    3.8577813395e+03    |    3.8577837313e+03    |
| 0.34000 |    3.6827860679e-07    |    3.8704380653e+03    |    3.8704405156e+03    |
| 0.34125 |    3.6811031830e-07    |    3.8830653997e+03    |    3.8830679086e+03    |
| 0.34250 |    3.6794156368e-07    |    3.8956630373e+03    |    3.8956656051e+03    |
| 0.34375 |    3.6777234563e-07    |    3.9082306714e+03    |    3.9082332984e+03    |
| 0.34500 |    3.6760266686e-07    |    3.9207679941e+03    |    3.9207706804e+03    |
| 0.34625 |    3.6743253012e-07    |    3.9332746956e+03    |    3.9332774416e+03    |
| 0.34750 |    3.6726193819e-07    |    3.9457504652e+03    |    3.9457532710e+03    |
| 0.34875 |    3.6709089387e-07    |    3.9581949904e+03    |    3.9581978563e+03    |
| 0.35000 |    3.6691939998e-07    |    3.9706079577e+03    |    3.9706108839e+03    |
| 0.35125 |    3.6674745936e-07    |    3.9829890519e+03    |    3.9829920387e+03    |
| 0.35250 |    3.6657507491e-07    |    3.9953379568e+03    |    3.9953410043e+03    |
| 0.35375 |    3.6640224951e-07    |    4.0076543546e+03    |    4.0076574631e+03    |
| 0.35500 |    3.6622898611e-07    |    4.0199379263e+03    |    4.0199410961e+03    |
| 0.35625 |    3.6605528765e-07    |    4.0321883516e+03    |    4.0321915829e+03    |
| 0.35750 |    3.6588115712e-07    |    4.0444053090e+03    |    4.0444086020e+03    |
| 0.35875 |    3.6570659752e-07    |    4.0565884756e+03    |    4.0565918305e+03    |
| 0.36000 |    3.6553161189e-07    |    4.0687375273e+03    |    4.0687409444e+03    |
| 0.36125 |    3.6535620329e-07    |    4.0808521389e+03    |    4.0808556184e+03    |
| 0.36250 |    3.6518037480e-07    |    4.0929319838e+03    |    4.0929355260e+03    |
| 0.36375 |    3.6500412955e-07    |    4.1049767342e+03    |    4.1049803393e+03    |
| 0.36500 |    3.6482747067e-07    |    4.1169860614e+03    |    4.1169897297e+03    |
| 0.36625 |    3.6465040132e-07    |    4.1289596353e+03    |    4.1289633669e+03    |
| 0.36750 |    3.6447292471e-07    |    4.1408971247e+03    |    4.1409009199e+03    |
| 0.36875 |    3.6429504404e-07    |    4.1527981972e+03    |    4.1528020563e+03    |
| 0.37000 |    3.6411676258e-07    |    4.1646625196e+03    |    4.1646664427e+03    |
| 0.37125 |    3.6393808358e-07    |    4.1764897574e+03    |    4.1764937448e+03    |
| 0.37250 |    3.6375901036e-07    |    4.1882795749e+03    |    4.1882836269e+03    |
| 0.37375 |    3.6357954623e-07    |    4.2000316357e+03    |    4.2000357524e+03    |
| 0.37500 |    3.6339969455e-07    |    4.2117456021e+03    |    4.2117497838e+03    |
| 0.37625 |    3.6321945871e-07    |    4.2234211356e+03    |    4.2234253825e+03    |
| 0.37750 |    3.6303884211e-07    |    4.2350578965e+03    |    4.2350622090e+03    |
| 0.37875 |    3.6285784817e-07    |    4.2466555444e+03    |    4.2466599226e+03    |
| 0.38000 |    3.6267648038e-07    |    4.2582137379e+03    |    4.2582181820e+03    |
| 0.38125 |    3.6249474220e-07    |    4.2697321344e+03    |    4.2697366447e+03    |
| 0.38250 |    3.6231263716e-07    |    4.2812103909e+03    |    4.2812149676e+03    |
| 0.38375 |    3.6213016880e-07    |    4.2926481632e+03    |    4.2926528065e+03    |
| 0.38500 |    3.6194734068e-07    |    4.3040451063e+03    |    4.3040498165e+03    |
| 0.38625 |    3.6176415641e-07    |    4.3154008745e+03    |    4.3154056518e+03    |
| 0.38750 |    3.6158061959e-07    |    4.3267151212e+03    |    4.3267199658e+03    |
| 0.38875 |    3.6139673389e-07    |    4.3379874991e+03    |    4.3379924112e+03    |
| 0.39000 |    3.6121250297e-07    |    4.3492176600e+03    |    4.3492226400e+03    |
| 0.39125 |    3.6102793054e-07    |    4.3604052553e+03    |    4.3604103032e+03    |
| 0.39250 |    3.6084302033e-07    |    4.3715499353e+03    |    4.3715550516e+03    |
| 0.39375 |    3.6065777609e-07    |    4.3826513500e+03    |    4.3826565348e+03    |
| 0.39500 |    3.6047220160e-07    |    4.3937091486e+03    |    4.3937144020e+03    |
| 0.39625 |    3.6028630068e-07    |    4.4047229797e+03    |    4.4047283020e+03    |
| 0.39750 |    3.6010007715e-07    |    4.4156924912e+03    |    4.4156978827e+03    |
| 0.39875 |    3.5991353488e-07    |    4.4266173307e+03    |    4.4266227915e+03    |
| 0.40000 |    3.5972667776e-07    |    4.4374971449e+03    |    4.4375026754e+03    |
| 0.40125 |    3.5953950971e-07    |    4.4483315805e+03    |    4.4483371807e+03    |
| 0.40250 |    3.5935203465e-07    |    4.4591202832e+03    |    4.4591259535e+03    |
| 0.40375 |    3.5916425657e-07    |    4.4698628985e+03    |    4.4698686391e+03    |
| 0.40500 |    3.5897617945e-07    |    4.4805590717e+03    |    4.4805648827e+03    |
| 0.40625 |    3.5878780732e-07    |    4.4912084472e+03    |    4.4912143290e+03    |
| 0.40750 |    3.5859914422e-07    |    4.5018106696e+03    |    4.5018166222e+03    |
| 0.40875 |    3.5841019422e-07    |    4.5123653827e+03    |    4.5123714065e+03    |
| 0.41000 |    3.5822096142e-07    |    4.5228722303e+03    |    4.5228783254e+03    |
| 0.41125 |    3.5803144995e-07    |    4.5333308558e+03    |    4.5333370225e+03    |
| 0.41250 |    3.5784166395e-07    |    4.5437409025e+03    |    4.5437471410e+03    |
| 0.41375 |    3.5765160761e-07    |    4.5541020132e+03    |    4.5541083237e+03    |
| 0.41500 |    3.5746128512e-07    |    4.5644138310e+03    |    4.5644202137e+03    |
| 0.41625 |    3.5727070070e-07    |    4.5746759985e+03    |    4.5746824536e+03    |
| 0.41750 |    3.5707985862e-07    |    4.5848881582e+03    |    4.5848946860e+03    |
| 0.41875 |    3.5688876315e-07    |    4.5950499527e+03    |    4.5950565533e+03    |
| 0.42000 |    3.5669741859e-07    |    4.6051610246e+03    |    4.6051676982e+03    |
| 0.42125 |    3.5650582927e-07    |    4.6152210161e+03    |    4.6152277630e+03    |
| 0.42250 |    3.5631399955e-07    |    4.6252295700e+03    |    4.6252363904e+03    |
| 0.42375 |    3.5612193381e-07    |    4.6351863288e+03    |    4.6351932228e+03    |
| 0.42500 |    3.5592963643e-07    |    4.6450909351e+03    |    4.6450979029e+03    |
| 0.42625 |    3.5573711187e-07    |    4.6549430317e+03    |    4.6549500737e+03    |
| 0.42750 |    3.5554436456e-07    |    4.6647422617e+03    |    4.6647493780e+03    |
| 0.42875 |    3.5535139898e-07    |    4.6744882683e+03    |    4.6744954590e+03    |
| 0.43000 |    3.5515821964e-07    |    4.6841806949e+03    |    4.6841879602e+03    |
| 0.43125 |    3.5496483106e-07    |    4.6938191852e+03    |    4.6938265254e+03    |
| 0.43250 |    3.5477123779e-07    |    4.7034033832e+03    |    4.7034107985e+03    |
| 0.43375 |    3.5457744440e-07    |    4.7129329335e+03    |    4.7129404240e+03    |
| 0.43500 |    3.5438345550e-07    |    4.7224074806e+03    |    4.7224150466e+03    |
| 0.43625 |    3.5418927569e-07    |    4.7318266700e+03    |    4.7318343116e+03    |
| 0.43750 |    3.5399490963e-07    |    4.7411901473e+03    |    4.7411978647e+03    |
| 0.43875 |    3.5380036198e-07    |    4.7504975586e+03    |    4.7505053520e+03    |
| 0.44000 |    3.5360563744e-07    |    4.7597485508e+03    |    4.7597564204e+03    |
| 0.44125 |    3.5341074071e-07    |    4.7689427712e+03    |    4.7689507172e+03    |
| 0.44250 |    3.5321567653e-07    |    4.7780798677e+03    |    4.7780878903e+03    |
| 0.44375 |    3.5302044966e-07    |    4.7871594891e+03    |    4.7871675885e+03    |
| 0.44500 |    3.5282506488e-07    |    4.7961812847e+03    |    4.7961894610e+03    |
| 0.44625 |    3.5262952700e-07    |    4.8051449045e+03    |    4.8051531579e+03    |
| 0.44750 |    3.5243384084e-07    |    4.8140499996e+03    |    4.8140583303e+03    |
| 0.44875 |    3.5223801124e-07    |    4.8228962216e+03    |    4.8229046298e+03    |
| 0.45000 |    3.5204204307e-07    |    4.8316832231e+03    |    4.8316917089e+03    |
| 0.45125 |    3.5184594123e-07    |    4.8404106577e+03    |    4.8404192214e+03    |
| 0.45250 |    3.5164971062e-07    |    4.8490781799e+03    |    4.8490868216e+03    |
| 0.45375 |    3.5145335618e-07    |    4.8576854452e+03    |    4.8576941651e+03    |
| 0.45500 |    3.5125688285e-07    |    4.8662321102e+03    |    4.8662409084e+03    |
| 0.45625 |    3.5106029562e-07    |    4.8747178324e+03    |    4.8747267091e+03    |
| 0.45750 |    3.5086359946e-07    |    4.8831422707e+03    |    4.8831512261e+03    |
| 0.45875 |    3.5066679941e-07    |    4.8915050850e+03    |    4.8915141193e+03    |
| 0.46000 |    3.5046990048e-07    |    4.8998059366e+03    |    4.8998150499e+03    |
| 0.46125 |    3.5027290773e-07    |    4.9080444879e+03    |    4.9080536803e+03    |
| 0.46250 |    3.5007582623e-07    |    4.9162204026e+03    |    4.9162296743e+03    |
| 0.46375 |    3.4987866108e-07    |    4.9243333459e+03    |    4.9243426972e+03    |
| 0.46500 |    3.4968141738e-07    |    4.9323829844e+03    |    4.9323924153e+03    |
| 0.46625 |    3.4948410025e-07    |    4.9403689860e+03    |    4.9403784967e+03    |
| 0.46750 |    3.4928671485e-07    |    4.9482910202e+03    |    4.9483006110e+03    |
| 0.46875 |    3.4908926634e-07    |    4.9561487582e+03    |    4.9561584290e+03    |
| 0.47000 |    3.4889175990e-07    |    4.9639418725e+03    |    4.9639516236e+03    |
| 0.47125 |    3.4869420073e-07    |    4.9716700375e+03    |    4.9716798690e+03    |
| 0.47250 |    3.4849659404e-07    |    4.9793329290e+03    |    4.9793428411e+03    |
| 0.47375 |    3.4829894507e-07    |    4.9869302248e+03    |    4.9869402177e+03    |
| 0.47500 |    3.4810125907e-07    |    4.9944616045e+03    |    4.9944716782e+03    |
| 0.47625 |    3.4790354130e-07    |    5.0019267493e+03    |    5.0019369040e+03    |
| 0.47750 |    3.4770579704e-07    |    5.0093253424e+03    |    5.0093355783e+03    |
| 0.47875 |    3.4750803159e-07    |    5.0166570690e+03    |    5.0166673862e+03    |
| 0.48000 |    3.4731025026e-07    |    5.0239216162e+03    |    5.0239320148e+03    |
| 0.48125 |    3.4711245838e-07    |    5.0311186731e+03    |    5.0311291534e+03    |
| 0.48250 |    3.4691466129e-07    |    5.0382479311e+03    |    5.0382584930e+03    |
| 0.48375 |    3.4671686435e-07    |    5.0453090834e+03    |    5.0453197272e+03    |
| 0.48500 |    3.4651907292e-07    |    5.0523018256e+03    |    5.0523125514e+03    |
| 0.48625 |    3.4632129240e-07    |    5.0592258554e+03    |    5.0592366633e+03    |
| 0.48750 |    3.4612352817e-07    |    5.0660808729e+03    |    5.0660917631e+03    |
| 0.48875 |    3.4592578564e-07    |    5.0728665806e+03    |    5.0728775531e+03    |
| 0.49000 |    3.4572807025e-07    |    5.0795826830e+03    |    5.0795937381e+03    |
| 0.49125 |    3.4553038742e-07    |    5.0862288875e+03    |    5.0862400253e+03    |
| 0.49250 |    3.4533274260e-07    |    5.0928049037e+03    |    5.0928161242e+03    |
| 0.49375 |    3.4513514126e-07    |    5.0993104438e+03    |    5.0993217473e+03    |
| 0.49500 |    3.4493758884e-07    |    5.1057452226e+03    |    5.1057566091e+03    |
| 0.49625 |    3.4474009085e-07    |    5.1121089576e+03    |    5.1121204272e+03    |
| 0.49750 |    3.4454265277e-07    |    5.1184013688e+03    |    5.1184129218e+03    |
| 0.49875 |    3.4434528010e-07    |    5.1246221792e+03    |    5.1246338156e+03    |
| 0.50000 |    3.4414797835e-07    |    5.1307711144e+03    |    5.1307828343e+03    |
| 0.50125 |    3.4395075303e-07    |    5.1368479030e+03    |    5.1368597065e+03    |
| 0.50250 |    3.4375360969e-07    |    5.1428522762e+03    |    5.1428641635e+03    |
| 0.50375 |    3.4355655385e-07    |    5.1487839686e+03    |    5.1487959398e+03    |
| 0.50500 |    3.4335959107e-07    |    5.1546427174e+03    |    5.1546547726e+03    |
| 0.50625 |    3.4316272688e-07    |    5.1604282631e+03    |    5.1604404024e+03    |
| 0.50750 |    3.4296596686e-07    |    5.1661403492e+03    |    5.1661525728e+03    |
| 0.50875 |    3.4276931658e-07    |    5.1717787225e+03    |    5.1717910304e+03    |
| 0.51000 |    3.4257278159e-07    |    5.1773431328e+03    |    5.1773555252e+03    |
| 0.51125 |    3.4237636749e-07    |    5.1828333333e+03    |    5.1828458103e+03    |
| 0.51250 |    3.4218007986e-07    |    5.1882490806e+03    |    5.1882616423e+03    |
| 0.51375 |    3.4198392429e-07    |    5.1935901345e+03    |    5.1936027810e+03    |
| 0.51500 |    3.4178790638e-07    |    5.1988562584e+03    |    5.1988689898e+03    |
| 0.51625 |    3.4159203172e-07    |    5.2040472190e+03    |    5.2040600354e+03    |
| 0.51750 |    3.4139630591e-07    |    5.2091627867e+03    |    5.2091756883e+03    |
| 0.51875 |    3.4120073457e-07    |    5.2142027354e+03    |    5.2142157222e+03    |
| 0.52000 |    3.4100532331e-07    |    5.2191668427e+03    |    5.2191799149e+03    |
| 0.52125 |    3.4081007773e-07    |    5.2240548898e+03    |    5.2240680475e+03    |
| 0.52250 |    3.4061500345e-07    |    5.2288666618e+03    |    5.2288799051e+03    |
| 0.52375 |    3.4042010610e-07    |    5.2336019475e+03    |    5.2336152765e+03    |
| 0.52500 |    3.4022539127e-07    |    5.2382605396e+03    |    5.2382739543e+03    |
| 0.52625 |    3.4003086460e-07    |    5.2428422346e+03    |    5.2428557353e+03    |
| 0.52750 |    3.3983653170e-07    |    5.2473468331e+03    |    5.2473604198e+03    |
| 0.52875 |    3.3964239820e-07    |    5.2517741397e+03    |    5.2517878126e+03    |
| 0.53000 |    3.3944846969e-07    |    5.2561239631e+03    |    5.2561377221e+03    |
| 0.53125 |    3.3925475182e-07    |    5.2603961159e+03    |    5.2604099613e+03    |
| 0.53250 |    3.3906125018e-07    |    5.2645904151e+03    |    5.2646043470e+03    |
| 0.53375 |    3.3886797039e-07    |    5.2687066819e+03    |    5.2687207003e+03    |
| 0.53500 |    3.3867491807e-07    |    5.2727447417e+03    |    5.2727588469e+03    |
| 0.53625 |    3.3848209881e-07    |    5.2767044244e+03    |    5.2767186163e+03    |
| 0.53750 |    3.3828951822e-07    |    5.2805855640e+03    |    5.2805998428e+03    |
| 0.53875 |    3.3809718191e-07    |    5.2843879992e+03    |    5.2844023651e+03    |
| 0.54000 |    3.3790509547e-07    |    5.2881115731e+03    |    5.2881260261e+03    |
| 0.54125 |    3.3771326448e-07    |    5.2917561333e+03    |    5.2917706736e+03    |
| 0.54250 |    3.3752169453e-07    |    5.2953215321e+03    |    5.2953361597e+03    |
| 0.54375 |    3.3733039120e-07    |    5.2988076263e+03    |    5.2988223414e+03    |
| 0.54500 |    3.3713936006e-07    |    5.3022142775e+03    |    5.3022290802e+03    |
| 0.54625 |    3.3694860667e-07    |    5.3055413520e+03    |    5.3055562424e+03    |
| 0.54750 |    3.3675813660e-07    |    5.3087887210e+03    |    5.3088036993e+03    |
| 0.54875 |    3.3656795539e-07    |    5.3119562604e+03    |    5.3119713267e+03    |
| 0.55000 |    3.3637806858e-07    |    5.3150438511e+03    |    5.3150590055e+03    |
| 0.55125 |    3.3618848171e-07    |    5.3180513790e+03    |    5.3180666215e+03    |
| 0.55250 |    3.3599920029e-07    |    5.3209787347e+03    |    5.3209940656e+03    |
| 0.55375 |    3.3581022984e-07    |    5.3238258143e+03    |    5.3238412337e+03    |
| 0.55500 |    3.3562157586e-07    |    5.3265925187e+03    |    5.3266080267e+03    |
| 0.55625 |    3.3543324383e-07    |    5.3292787540e+03    |    5.3292943507e+03    |
| 0.55750 |    3.3524523924e-07    |    5.3318844314e+03    |    5.3319001170e+03    |
| 0.55875 |    3.3505756755e-07    |    5.3344094677e+03    |    5.3344252422e+03    |
| 0.56000 |    3.3487023422e-07    |    5.3368537845e+03    |    5.3368696482e+03    |
| 0.56125 |    3.3468324468e-07    |    5.3392173091e+03    |    5.3392332621e+03    |
| 0.56250 |    3.3449660436e-07    |    5.3414999740e+03    |    5.3415160165e+03    |
| 0.56375 |    3.3431031868e-07    |    5.3437017173e+03    |    5.3437178493e+03    |
| 0.56500 |    3.3412439302e-07    |    5.3458224824e+03    |    5.3458387042e+03    |
| 0.56625 |    3.3393883277e-07    |    5.3478622184e+03    |    5.3478785300e+03    |
| 0.56750 |    3.3375364330e-07    |    5.3498208797e+03    |    5.3498372813e+03    |
| 0.56875 |    3.3356882996e-07    |    5.3516984265e+03    |    5.3517149184e+03    |
| 0.57000 |    3.3338439807e-07    |    5.3534948247e+03    |    5.3535114070e+03    |
| 0.57125 |    3.3320035295e-07    |    5.3552100459e+03    |    5.3552267187e+03    |
| 0.57250 |    3.3301669990e-07    |    5.3568440672e+03    |    5.3568608307e+03    |
| 0.57375 |    3.3283344420e-07    |    5.3583968718e+03    |    5.3584137262e+03    |
| 0.57500 |    3.3265059110e-07    |    5.3598684486e+03    |    5.3598853940e+03    |
| 0.57625 |    3.3246814584e-07    |    5.3612587922e+03    |    5.3612758289e+03    |
| 0.57750 |    3.3228611365e-07    |    5.3625679034e+03    |    5.3625850316e+03    |
| 0.57875 |    3.3210449972e-07    |    5.3637957888e+03    |    5.3638130086e+03    |
| 0.58000 |    3.3192330922e-07    |    5.3649424610e+03    |    5.3649597726e+03    |
| 0.58125 |    3.3174254731e-07    |    5.3660079386e+03    |    5.3660253422e+03    |
| 0.58250 |    3.3156221913e-07    |    5.3669922463e+03    |    5.3670097422e+03    |
| 0.58375 |    3.3138232978e-07    |    5.3678954149e+03    |    5.3679130032e+03    |
| 0.58500 |    3.3120288436e-07    |    5.3687174814e+03    |    5.3687351624e+03    |
| 0.58625 |    3.3102388791e-07    |    5.3694584888e+03    |    5.3694762627e+03    |
| 0.58750 |    3.3084534549e-07    |    5.3701184865e+03    |    5.3701363536e+03    |
| 0.58875 |    3.3066726209e-07    |    5.3706975301e+03    |    5.3707154905e+03    |
| 0.59000 |    3.3048964272e-07    |    5.3711956815e+03    |    5.3712137355e+03    |
| 0.59125 |    3.3031249233e-07    |    5.3716130087e+03    |    5.3716311566e+03    |
| 0.59250 |    3.3013581586e-07    |    5.3719495863e+03    |    5.3719678283e+03    |
| 0.59375 |    3.2995961820e-07    |    5.3722054953e+03    |    5.3722238316e+03    |
| 0.59500 |    3.2978390425e-07    |    5.3723808228e+03    |    5.3723992538e+03    |
| 0.59625 |    3.2960867886e-07    |    5.3724756627e+03    |    5.3724941887e+03    |
| 0.59750 |    3.2943394684e-07    |    5.3724901152e+03    |    5.3725087363e+03    |
| 0.59875 |    3.2925971300e-07    |    5.3724242868e+03    |    5.3724430035e+03    |
| 0.60000 |    3.2908598209e-07    |    5.3722782910e+03    |    5.3722971034e+03    |
| 0.60125 |    3.2891275884e-07    |    5.3720522473e+03    |    5.3720711559e+03    |
| 0.60250 |    3.2874004797e-07    |    5.3717462823e+03    |    5.3717652872e+03    |
| 0.60375 |    3.2856785415e-07    |    5.3713605287e+03    |    5.3713796304e+03    |
| 0.60500 |    3.2839618200e-07    |    5.3708951262e+03    |    5.3709143250e+03    |
| 0.60625 |    3.2822503615e-07    |    5.3703502210e+03    |    5.3703695173e+03    |
| 0.60750 |    3.2805442116e-07    |    5.3697259659e+03    |    5.3697453600e+03    |
| 0.60875 |    3.2788434158e-07    |    5.3690225206e+03    |    5.3690420128e+03    |
| 0.61000 |    3.2771480192e-07    |    5.3682400512e+03    |    5.3682596419e+03    |
| 0.61125 |    3.2754580664e-07    |    5.3673787307e+03    |    5.3673984203e+03    |
| 0.61250 |    3.2737736019e-07    |    5.3664387390e+03    |    5.3664585278e+03    |
| 0.61375 |    3.2720946697e-07    |    5.3654202623e+03    |    5.3654401509e+03    |
| 0.61500 |    3.2704213135e-07    |    5.3643234941e+03    |    5.3643434828e+03    |
| 0.61625 |    3.2687535766e-07    |    5.3631486344e+03    |    5.3631687235e+03    |
| 0.61750 |    3.2670915019e-07    |    5.3618958899e+03    |    5.3619160800e+03    |
| 0.61875 |    3.2654351320e-07    |    5.3605654744e+03    |    5.3605857659e+03    |
| 0.62000 |    3.2637845092e-07    |    5.3591576083e+03    |    5.3591780016e+03    |
| 0.62125 |    3.2621396752e-07    |    5.3576725188e+03    |    5.3576930146e+03    |
| 0.62250 |    3.2605006715e-07    |    5.3561104403e+03    |    5.3561310388e+03    |
| 0.62375 |    3.2588675391e-07    |    5.3544716135e+03    |    5.3544923154e+03    |
| 0.62500 |    3.2572403187e-07    |    5.3527562865e+03    |    5.3527770921e+03    |
| 0.62625 |    3.2556190505e-07    |    5.3509647138e+03    |    5.3509856238e+03    |
| 0.62750 |    3.2540037743e-07    |    5.3490971570e+03    |    5.3491181719e+03    |
| 0.62875 |    3.2523945296e-07    |    5.3471538845e+03    |    5.3471750048e+03    |
| 0.63000 |    3.2507913555e-07    |    5.3451351717e+03    |    5.3451563980e+03    |
| 0.63125 |    3.2491942905e-07    |    5.3430413005e+03    |    5.3430626334e+03    |
| 0.63250 |    3.2476033728e-07    |    5.3408725601e+03    |    5.3408940001e+03    |
| 0.63375 |    3.2460186402e-07    |    5.3386292462e+03    |    5.3386507940e+03    |
| 0.63500 |    3.2444401300e-07    |    5.3363116616e+03    |    5.3363333178e+03    |
| 0.63625 |    3.2428678792e-07    |    5.3339201157e+03    |    5.3339418810e+03    |
| 0.63750 |    3.2413019241e-07    |    5.3314549251e+03    |    5.3314768000e+03    |
| 0.63875 |    3.2397423008e-07    |    5.3289164127e+03    |    5.3289383980e+03    |
| 0.64000 |    3.2381890449e-07    |    5.3263049088e+03    |    5.3263270051e+03    |
| 0.64125 |    3.2366421915e-07    |    5.3236207500e+03    |    5.3236429581e+03    |
| 0.64250 |    3.2351017753e-07    |    5.3208642800e+03    |    5.3208866006e+03    |
| 0.64375 |    3.2335678305e-07    |    5.3180358493e+03    |    5.3180582831e+03    |
| 0.64500 |    3.2320403909e-07    |    5.3151358148e+03    |    5.3151583626e+03    |
| 0.64625 |    3.2305194897e-07    |    5.3121645406e+03    |    5.3121872032e+03    |
| 0.64750 |    3.2290051598e-07    |    5.3091223972e+03    |    5.3091451753e+03    |
| 0.64875 |    3.2274974335e-07    |    5.3060097619e+03    |    5.3060326564e+03    |
| 0.65000 |    3.2259963428e-07    |    5.3028270188e+03    |    5.3028500305e+03    |
| 0.65125 |    3.2245019190e-07    |    5.2995745584e+03    |    5.2995976883e+03    |
| 0.65250 |    3.2230141931e-07    |    5.2962527781e+03    |    5.2962760269e+03    |
| 0.65375 |    3.2215331954e-07    |    5.2928620817e+03    |    5.2928854504e+03    |
| 0.65500 |    3.2200589560e-07    |    5.2894028797e+03    |    5.2894263691e+03    |
| 0.65625 |    3.2185915044e-07    |    5.2858755891e+03    |    5.2858992002e+03    |
| 0.65750 |    3.2171308694e-07    |    5.2822806333e+03    |    5.2823043671e+03    |
| 0.65875 |    3.2156770795e-07    |    5.2786184423e+03    |    5.2786422998e+03    |
| 0.66000 |    3.2142301628e-07    |    5.2748894527e+03    |    5.2749134349e+03    |
| 0.66125 |    3.2127901467e-07    |    5.2710941071e+03    |    5.2711182150e+03    |
| 0.66250 |    3.2113570582e-07    |    5.2672328548e+03    |    5.2672570895e+03    |
| 0.66375 |    3.2099309238e-07    |    5.2633061514e+03    |    5.2633305139e+03    |
| 0.66500 |    3.2085117693e-07    |    5.2593144585e+03    |    5.2593389500e+03    |
| 0.66625 |    3.2070996203e-07    |    5.2552582443e+03    |    5.2552828660e+03    |
| 0.66750 |    3.2056945016e-07    |    5.2511379831e+03    |    5.2511627360e+03    |
| 0.66875 |    3.2042964377e-07    |    5.2469541551e+03    |    5.2469790404e+03    |
| 0.67000 |    3.2029054525e-07    |    5.2427072469e+03    |    5.2427322659e+03    |
| 0.67125 |    3.2015215693e-07    |    5.2383977510e+03    |    5.2384229049e+03    |
| 0.67250 |    3.2001448110e-07    |    5.2340261660e+03    |    5.2340514561e+03    |
| 0.67375 |    3.1987751999e-07    |    5.2295929963e+03    |    5.2296184239e+03    |
| 0.67500 |    3.1974127578e-07    |    5.2250987524e+03    |    5.2251243187e+03    |
| 0.67625 |    3.1960575060e-07    |    5.2205439503e+03    |    5.2205696568e+03    |
| 0.67750 |    3.1947094652e-07    |    5.2159291121e+03    |    5.2159549602e+03    |
| 0.67875 |    3.1933686556e-07    |    5.2112547655e+03    |    5.2112807565e+03    |
| 0.68000 |    3.1920350968e-07    |    5.2065214437e+03    |    5.2065475791e+03    |
| 0.68125 |    3.1907088081e-07    |    5.2017296857e+03    |    5.2017559670e+03    |
| 0.68250 |    3.1893898080e-07    |    5.1968800360e+03    |    5.1969064646e+03    |
| 0.68375 |    3.1880781145e-07    |    5.1919730443e+03    |    5.1919996218e+03    |
| 0.68500 |    3.1867737452e-07    |    5.1870092659e+03    |    5.1870359940e+03    |
| 0.68625 |    3.1854767171e-07    |    5.1819892615e+03    |    5.1820161417e+03    |
| 0.68750 |    3.1841870466e-07    |    5.1769135967e+03    |    5.1769406307e+03    |
| 0.68875 |    3.1829047496e-07    |    5.1717828426e+03    |    5.1718100320e+03    |
| 0.69000 |    3.1816298415e-07    |    5.1665975752e+03    |    5.1666249217e+03    |
| 0.69125 |    3.1803623370e-07    |    5.1613583756e+03    |    5.1613858809e+03    |
| 0.69250 |    3.1791022505e-07    |    5.1560658296e+03    |    5.1560934956e+03    |
| 0.69375 |    3.1778495956e-07    |    5.1507205281e+03    |    5.1507483567e+03    |
| 0.69500 |    3.1766043855e-07    |    5.1453230668e+03    |    5.1453510597e+03    |
| 0.69625 |    3.1753666329e-07    |    5.1398740457e+03    |    5.1399022049e+03    |
| 0.69750 |    3.1741363497e-07    |    5.1343740698e+03    |    5.1344023972e+03    |
| 0.69875 |    3.1729135477e-07    |    5.1288237484e+03    |    5.1288522459e+03    |
| 0.70000 |    3.1716982377e-07    |    5.1232236951e+03    |    5.1232523649e+03    |
| 0.70125 |    3.1704904302e-07    |    5.1175745281e+03    |    5.1176033721e+03    |
| 0.70250 |    3.1692901350e-07    |    5.1118768696e+03    |    5.1119058900e+03    |
| 0.70375 |    3.1680973616e-07    |    5.1061313460e+03    |    5.1061605448e+03    |
| 0.70500 |    3.1669121186e-07    |    5.1003385876e+03    |    5.1003679672e+03    |
| 0.70625 |    3.1657344145e-07    |    5.0944992289e+03    |    5.0945287914e+03    |
| 0.70750 |    3.1645642568e-07    |    5.0886139080e+03    |    5.0886436557e+03    |
| 0.70875 |    3.1634016527e-07    |    5.0826832668e+03    |    5.0827132020e+03    |
| 0.71000 |    3.1622466089e-07    |    5.0767079507e+03    |    5.0767380758e+03    |
| 0.71125 |    3.1610991314e-07    |    5.0706886088e+03    |    5.0707189262e+03    |
| 0.71250 |    3.1599592257e-07    |    5.0646258935e+03    |    5.0646564057e+03    |
| 0.71375 |    3.1588268968e-07    |    5.0585204606e+03    |    5.0585511701e+03    |
| 0.71500 |    3.1577021492e-07    |    5.0523729688e+03    |    5.0524038782e+03    |
| 0.71625 |    3.1565849867e-07    |    5.0461840803e+03    |    5.0462151922e+03    |
| 0.71750 |    3.1554754127e-07    |    5.0399544600e+03    |    5.0399857769e+03    |
| 0.71875 |    3.1543734300e-07    |    5.0336847755e+03    |    5.0337163003e+03    |
| 0.72000 |    3.1532790409e-07    |    5.0273756975e+03    |    5.0274074329e+03    |
| 0.72125 |    3.1521922471e-07    |    5.0210278990e+03    |    5.0210598479e+03    |
| 0.72250 |    3.1511130499e-07    |    5.0146420557e+03    |    5.0146742209e+03    |
| 0.72375 |    3.1500414499e-07    |    5.0082188456e+03    |    5.0082512300e+03    |
| 0.72500 |    3.1489774473e-07    |    5.0017589488e+03    |    5.0017915554e+03    |
| 0.72625 |    3.1479210416e-07    |    4.9952630476e+03    |    4.9952958796e+03    |
| 0.72750 |    3.1468722320e-07    |    4.9887318266e+03    |    4.9887648869e+03    |
| 0.72875 |    3.1458310170e-07    |    4.9821659718e+03    |    4.9821992636e+03    |
| 0.73000 |    3.1447973946e-07    |    4.9755661711e+03    |    4.9755996978e+03    |
| 0.73125 |    3.1437713624e-07    |    4.9689331143e+03    |    4.9689668790e+03    |
| 0.73250 |    3.1427529172e-07    |    4.9622674923e+03    |    4.9623014983e+03    |
| 0.73375 |    3.1417420557e-07    |    4.9555699975e+03    |    4.9556042483e+03    |
| 0.73500 |    3.1407387736e-07    |    4.9488413235e+03    |    4.9488758226e+03    |
| 0.73625 |    3.1397430666e-07    |    4.9420821651e+03    |    4.9421169160e+03    |
| 0.73750 |    3.1387549294e-07    |    4.9352932178e+03    |    4.9353282242e+03    |
| 0.73875 |    3.1377743565e-07    |    4.9284751782e+03    |    4.9285104437e+03    |
| 0.74000 |    3.1368013418e-07    |    4.9216287434e+03    |    4.9216642717e+03    |
| 0.74125 |    3.1358358787e-07    |    4.9147546111e+03    |    4.9147904061e+03    |
| 0.74250 |    3.1348779601e-07    |    4.9078534793e+03    |    4.9078895448e+03    |
| 0.74375 |    3.1339275783e-07    |    4.9009260464e+03    |    4.9009623864e+03    |
| 0.74500 |    3.1329847253e-07    |    4.8939730108e+03    |    4.8940096293e+03    |
| 0.74625 |    3.1320493926e-07    |    4.8869950710e+03    |    4.8870319721e+03    |
| 0.74750 |    3.1311215709e-07    |    4.8799929252e+03    |    4.8800301131e+03    |
| 0.74875 |    3.1302012507e-07    |    4.8729672714e+03    |    4.8730047503e+03    |
| 0.75000 |    3.1292884220e-07    |    4.8659188070e+03    |    4.8659565813e+03    |
| 0.75125 |    3.1283830742e-07    |    4.8588482290e+03    |    4.8588863031e+03    |
| 0.75250 |    3.1274851963e-07    |    4.8517562335e+03    |    4.8517946118e+03    |
| 0.75375 |    3.1265947768e-07    |    4.8446435158e+03    |    4.8446822030e+03    |
| 0.75500 |    3.1257118038e-07    |    4.8375107701e+03    |    4.8375497708e+03    |
| 0.75625 |    3.1248362647e-07    |    4.8303586894e+03    |    4.8303980084e+03    |
| 0.75750 |    3.1239681467e-07    |    4.8231879655e+03    |    4.8232276076e+03    |
| 0.75875 |    3.1231074364e-07    |    4.8159992887e+03    |    4.8160392588e+03    |
| 0.76000 |    3.1222541199e-07    |    4.8087933475e+03    |    4.8088336506e+03    |
| 0.76125 |    3.1214081831e-07    |    4.8015708287e+03    |    4.8016114700e+03    |
| 0.76250 |    3.1205696112e-07    |    4.7943324174e+03    |    4.7943734020e+03    |
| 0.76375 |    3.1197383889e-07    |    4.7870787963e+03    |    4.7871201295e+03    |
| 0.76500 |    3.1189145007e-07    |    4.7798106461e+03    |    4.7798523333e+03    |
| 0.76625 |    3.1180979304e-07    |    4.7725286450e+03    |    4.7725706918e+03    |
| 0.76750 |    3.1172886616e-07    |    4.7652334690e+03    |    4.7652758808e+03    |
| 0.76875 |    3.1164866774e-07    |    4.7579257909e+03    |    4.7579685735e+03    |
| 0.77000 |    3.1156919603e-07    |    4.7506062812e+03    |    4.7506494404e+03    |
| 0.77125 |    3.1149044926e-07    |    4.7432756071e+03    |    4.7433191488e+03    |
| 0.77250 |    3.1141242560e-07    |    4.7359344329e+03    |    4.7359783631e+03    |
| 0.77375 |    3.1133512320e-07    |    4.7285834196e+03    |    4.7286277444e+03    |
| 0.77500 |    3.1125854014e-07    |    4.7212232248e+03    |    4.7212679504e+03    |
| 0.77625 |    3.1118267448e-07    |    4.7138545025e+03    |    4.7138996353e+03    |
| 0.77750 |    3.1110752423e-07    |    4.7064779030e+03    |    4.7065234494e+03    |
| 0.77875 |    3.1103308737e-07    |    4.6990940729e+03    |    4.6991400395e+03    |
| 0.78000 |    3.1095936183e-07    |    4.6917036547e+03    |    4.6917500483e+03    |
| 0.78125 |    3.1088634550e-07    |    4.6843072869e+03    |    4.6843541142e+03    |
| 0.78250 |    3.1081403625e-07    |    4.6769056036e+03    |    4.6769528717e+03    |
| 0.78375 |    3.1074243188e-07    |    4.6694992347e+03    |    4.6695469505e+03    |
| 0.78500 |    3.1067153017e-07    |    4.6620888052e+03    |    4.6621369760e+03    |
| 0.78625 |    3.1060132887e-07    |    4.6546749358e+03    |    4.6547235689e+03    |
| 0.78750 |    3.1053182567e-07    |    4.6472582421e+03    |    4.6473073450e+03    |
| 0.78875 |    3.1046301825e-07    |    4.6398393350e+03    |    4.6398889153e+03    |
| 0.79000 |    3.1039490424e-07    |    4.6324188201e+03    |    4.6324688856e+03    |
| 0.79125 |    3.1032748122e-07    |    4.6249972979e+03    |    4.6250478565e+03    |
| 0.79250 |    3.1026074676e-07    |    4.6175753634e+03    |    4.6176264232e+03    |
| 0.79375 |    3.1019469839e-07    |    4.6101536063e+03    |    4.6102051754e+03    |
| 0.79500 |    3.1012933358e-07    |    4.6027326106e+03    |    4.6027846973e+03    |
| 0.79625 |    3.1006464979e-07    |    4.5953129544e+03    |    4.5953655674e+03    |
| 0.79750 |    3.1000064445e-07    |    4.5878952102e+03    |    4.5879483580e+03    |
| 0.79875 |    3.0993731494e-07    |    4.5804799443e+03    |    4.5805336359e+03    |
| 0.80000 |    3.0987465861e-07    |    4.5730677170e+03    |    4.5731219613e+03    |
| 0.80125 |    3.0981267279e-07    |    4.5656590823e+03    |    4.5657138885e+03    |
| 0.80250 |    3.0975135477e-07    |    4.5582545879e+03    |    4.5583099654e+03    |
| 0.80375 |    3.0969070180e-07    |    4.5508547749e+03    |    4.5509107332e+03    |
| 0.80500 |    3.0963071111e-07    |    4.5434601781e+03    |    4.5435167269e+03    |
| 0.80625 |    3.0957137989e-07    |    4.5360713252e+03    |    4.5361284744e+03    |
| 0.80750 |    3.0951270531e-07    |    4.5286887375e+03    |    4.5287464972e+03    |
| 0.80875 |    3.0945468451e-07    |    4.5213129291e+03    |    4.5213713096e+03    |
| 0.81000 |    3.0939731458e-07    |    4.5139444072e+03    |    4.5140034190e+03    |
| 0.81125 |    3.0934059261e-07    |    4.5065836719e+03    |    4.5066433258e+03    |
| 0.81250 |    3.0928451565e-07    |    4.4992312161e+03    |    4.4992915229e+03    |
| 0.81375 |    3.0922908070e-07    |    4.4918875254e+03    |    4.4919484961e+03    |
| 0.81500 |    3.0917428477e-07    |    4.4845530778e+03    |    4.4846147239e+03    |
| 0.81625 |    3.0912012482e-07    |    4.4772283440e+03    |    4.4772906771e+03    |
| 0.81750 |    3.0906659778e-07    |    4.4699137873e+03    |    4.4699768190e+03    |
| 0.81875 |    3.0901370056e-07    |    4.4626098629e+03    |    4.4626736054e+03    |
| 0.82000 |    3.0896143005e-07    |    4.4553170185e+03    |    4.4553814841e+03    |
| 0.82125 |    3.0890978311e-07    |    4.4480356942e+03    |    4.4481008953e+03    |
| 0.82250 |    3.0885875656e-07    |    4.4407663217e+03    |    4.4408322712e+03    |
| 0.82375 |    3.0880834721e-07    |    4.4335093252e+03    |    4.4335760360e+03    |
| 0.82500 |    3.0875855186e-07    |    4.4262651206e+03    |    4.4263326061e+03    |
| 0.82625 |    3.0870936725e-07    |    4.4190341158e+03    |    4.4191023896e+03    |
| 0.82750 |    3.0866079012e-07    |    4.4118167105e+03    |    4.4118857865e+03    |
| 0.82875 |    3.0861281718e-07    |    4.4046132964e+03    |    4.4046831887e+03    |
| 0.83000 |    3.0856544513e-07    |    4.3974242566e+03    |    4.3974949796e+03    |
| 0.83125 |    3.0851867062e-07    |    4.3902499660e+03    |    4.3903215346e+03    |
| 0.83250 |    3.0847249030e-07    |    4.3830907914e+03    |    4.3831632206e+03    |
| 0.83375 |    3.0842690079e-07    |    4.3759470908e+03    |    4.3760203960e+03    |
| 0.83500 |    3.0838189869e-07    |    4.3688192140e+03    |    4.3688934109e+03    |
| 0.83625 |    3.0833748058e-07    |    4.3617075023e+03    |    4.3617826070e+03    |
| 0.83750 |    3.0829364303e-07    |    4.3546122885e+03    |    4.3546883173e+03    |
| 0.83875 |    3.0825038256e-07    |    4.3475338968e+03    |    4.3476108665e+03    |
| 0.84000 |    3.0820769569e-07    |    4.3404726428e+03    |    4.3405505707e+03    |
| 0.84125 |    3.0816557893e-07    |    4.3334288338e+03    |    4.3335077372e+03    |
| 0.84250 |    3.0812402875e-07    |    4.3264027682e+03    |    4.3264826652e+03    |
| 0.84375 |    3.0808304161e-07    |    4.3193947360e+03    |    4.3194756448e+03    |
| 0.84500 |    3.0804261396e-07    |    4.3124050185e+03    |    4.3124869578e+03    |
| 0.84625 |    3.0800274221e-07    |    4.3054338884e+03    |    4.3055168774e+03    |
| 0.84750 |    3.0796342278e-07    |    4.2984816100e+03    |    4.2985656682e+03    |
| 0.84875 |    3.0792465205e-07    |    4.2915484387e+03    |    4.2916335862e+03    |
| 0.85000 |    3.0788642640e-07    |    4.2846346215e+03    |    4.2847208788e+03    |
| 0.85125 |    3.0784874217e-07    |    4.2777403969e+03    |    4.2778277849e+03    |
| 0.85250 |    3.0781159571e-07    |    4.2708659946e+03    |    4.2709545348e+03    |
| 0.85375 |    3.0777498333e-07    |    4.2640116360e+03    |    4.2641013504e+03    |
| 0.85500 |    3.0773890135e-07    |    4.2571775339e+03    |    4.2572684450e+03    |
| 0.85625 |    3.0770334605e-07    |    4.2503638927e+03    |    4.2504560235e+03    |
| 0.85750 |    3.0766831371e-07    |    4.2435709084e+03    |    4.2436642824e+03    |
| 0.85875 |    3.0763380060e-07    |    4.2367987684e+03    |    4.2368934099e+03    |
| 0.86000 |    3.0759980294e-07    |    4.2300476521e+03    |    4.2301435857e+03    |
| 0.86125 |    3.0756631699e-07    |    4.2233177302e+03    |    4.2234149813e+03    |
| 0.86250 |    3.0753333895e-07    |    4.2166091655e+03    |    4.2167077602e+03    |
| 0.86375 |    3.0750086504e-07    |    4.2099221125e+03    |    4.2100220773e+03    |
| 0.86500 |    3.0746889143e-07    |    4.2032567175e+03    |    4.2033580797e+03    |
| 0.86625 |    3.0743741432e-07    |    4.1966131188e+03    |    4.1967159064e+03    |
| 0.86750 |    3.0740642986e-07    |    4.1899914467e+03    |    4.1900956885e+03    |
| 0.86875 |    3.0737593422e-07    |    4.1833918237e+03    |    4.1834975490e+03    |
| 0.87000 |    3.0734592353e-07    |    4.1768143642e+03    |    4.1769216033e+03    |
| 0.87125 |    3.0731639392e-07    |    4.1702591750e+03    |    4.1703679589e+03    |
| 0.87250 |    3.0728734151e-07    |    4.1637263553e+03    |    4.1638367158e+03    |
| 0.87375 |    3.0725876241e-07    |    4.1572159965e+03    |    4.1573279662e+03    |
| 0.87500 |    3.0723065272e-07    |    4.1507281826e+03    |    4.1508417951e+03    |
| 0.87625 |    3.0720300852e-07    |    4.1442629902e+03    |    4.1443782800e+03    |
| 0.87750 |    3.0717582588e-07    |    4.1378204886e+03    |    4.1379374910e+03    |
| 0.87875 |    3.0714910088e-07    |    4.1314007399e+03    |    4.1315194912e+03    |
| 0.88000 |    3.0712282957e-07    |    4.1250037990e+03    |    4.1251243366e+03    |
| 0.88125 |    3.0709700800e-07    |    4.1186297140e+03    |    4.1187520762e+03    |
| 0.88250 |    3.0707163220e-07    |    4.1122785257e+03    |    4.1124027521e+03    |
| 0.88375 |    3.0704669821e-07    |    4.1059502686e+03    |    4.1060763997e+03    |
| 0.88500 |    3.0702220204e-07    |    4.0996449703e+03    |    4.0997730478e+03    |
| 0.88625 |    3.0699813971e-07    |    4.0933626518e+03    |    4.0934927186e+03    |
| 0.88750 |    3.0697450722e-07    |    4.0871033278e+03    |    4.0872354282e+03    |
| 0.88875 |    3.0695130057e-07    |    4.0808670067e+03    |    4.0810011860e+03    |
| 0.89000 |    3.0692851575e-07    |    4.0746536905e+03    |    4.0747899956e+03    |
| 0.89125 |    3.0690614873e-07    |    4.0684633755e+03    |    4.0686018546e+03    |
| 0.89250 |    3.0688419551e-07    |    4.0622960518e+03    |    4.0624367544e+03    |
| 0.89375 |    3.0686265204e-07    |    4.0561517037e+03    |    4.0562946811e+03    |
| 0.89500 |    3.0684151429e-07    |    4.0500303101e+03    |    4.0501756150e+03    |
| 0.89625 |    3.0682077822e-07    |    4.0439318441e+03    |    4.0440795307e+03    |
| 0.89750 |    3.0680043978e-07    |    4.0378562736e+03    |    4.0380063978e+03    |
| 0.89875 |    3.0678049491e-07    |    4.0318035609e+03    |    4.0319561807e+03    |
| 0.90000 |    3.0676093955e-07    |    4.0257736637e+03    |    4.0259288384e+03    |
| 0.90125 |    3.0674176964e-07    |    4.0197665342e+03    |    4.0199243254e+03    |
| 0.90250 |    3.0672298112e-07    |    4.0137821201e+03    |    4.0139425911e+03    |
| 0.90375 |    3.0670456991e-07    |    4.0078203642e+03    |    4.0079835805e+03    |
| 0.90500 |    3.0668653193e-07    |    4.0018812047e+03    |    4.0020472340e+03    |
| 0.90625 |    3.0666886311e-07    |    3.9959645756e+03    |    3.9961334877e+03    |
| 0.90750 |    3.0665155936e-07    |    3.9900704063e+03    |    3.9902422733e+03    |
| 0.90875 |    3.0663461660e-07    |    3.9841986223e+03    |    3.9843735188e+03    |
| 0.91000 |    3.0661803073e-07    |    3.9783491448e+03    |    3.9785271479e+03    |
| 0.91125 |    3.0660179767e-07    |    3.9725218913e+03    |    3.9727030807e+03    |
| 0.91250 |    3.0658591332e-07    |    3.9667167756e+03    |    3.9669012337e+03    |
| 0.91375 |    3.0657037359e-07    |    3.9609337076e+03    |    3.9611215197e+03    |
| 0.91500 |    3.0655517439e-07    |    3.9551725940e+03    |    3.9553638485e+03    |
| 0.91625 |    3.0654031161e-07    |    3.9494333380e+03    |    3.9496281263e+03    |
| 0.91750 |    3.0652578115e-07    |    3.9437158395e+03    |    3.9439142563e+03    |
| 0.91875 |    3.0651157893e-07    |    3.9380199956e+03    |    3.9382221389e+03    |
| 0.92000 |    3.0649770084e-07    |    3.9323456999e+03    |    3.9325516716e+03    |
| 0.92125 |    3.0648414278e-07    |    3.9266928437e+03    |    3.9269027491e+03    |
| 0.92250 |    3.0647090066e-07    |    3.9210613152e+03    |    3.9212752637e+03    |
| 0.92375 |    3.0645797038e-07    |    3.9154510002e+03    |    3.9156691051e+03    |
| 0.92500 |    3.0644534784e-07    |    3.9098617818e+03    |    3.9100841610e+03    |
| 0.92625 |    3.0643302895e-07    |    3.9042935410e+03    |    3.9045203165e+03    |
| 0.92750 |    3.0642100963e-07    |    3.8987461561e+03    |    3.8989774550e+03    |
| 0.92875 |    3.0640928578e-07    |    3.8932195037e+03    |    3.8934554577e+03    |
| 0.93000 |    3.0639785331e-07    |    3.8877134580e+03    |    3.8879542043e+03    |
| 0.93125 |    3.0638670815e-07    |    3.8822278913e+03    |    3.8824735723e+03    |
| 0.93250 |    3.0637584622e-07    |    3.8767626741e+03    |    3.8770134381e+03    |
| 0.93375 |    3.0636526343e-07    |    3.8713176751e+03    |    3.8715736764e+03    |
| 0.93500 |    3.0635495573e-07    |    3.8658927614e+03    |    3.8661541604e+03    |
| 0.93625 |    3.0634491904e-07    |    3.8604877981e+03    |    3.8607547621e+03    |
| 0.93750 |    3.0633514930e-07    |    3.8551026493e+03    |    3.8553753525e+03    |
| 0.93875 |    3.0632564247e-07    |    3.8497371773e+03    |    3.8500158012e+03    |
| 0.94000 |    3.0631639449e-07    |    3.8443912431e+03    |    3.8446759771e+03    |
| 0.94125 |    3.0630740131e-07    |    3.8390647063e+03    |    3.8393557480e+03    |
| 0.94250 |    3.0629865892e-07    |    3.8337574254e+03    |    3.8340549809e+03    |
| 0.94375 |    3.0629016327e-07    |    3.8284692576e+03    |    3.8287735421e+03    |
| 0.94500 |    3.0628191035e-07    |    3.8232000588e+03    |    3.8235112973e+03    |
| 0.94625 |    3.0627389615e-07    |    3.8179496841e+03    |    3.8182681117e+03    |
| 0.94750 |    3.0626611666e-07    |    3.8127179872e+03    |    3.8130438496e+03    |
| 0.94875 |    3.0625856790e-07    |    3.8075048210e+03    |    3.8078383754e+03    |
| 0.95000 |    3.0625124588e-07    |    3.8023100370e+03    |    3.8026515528e+03    |
| 0.95125 |    3.0624414663e-07    |    3.7971334863e+03    |    3.7974832453e+03    |
| 0.95250 |    3.0623726619e-07    |    3.7919750184e+03    |    3.7923333161e+03    |
| 0.95375 |    3.0623060060e-07    |    3.7868344821e+03    |    3.7872016284e+03    |
| 0.95500 |    3.0622414593e-07    |    3.7817117253e+03    |    3.7820880450e+03    |
| 0.95625 |    3.0621789825e-07    |    3.7766065945e+03    |    3.7769924290e+03    |
| 0.95750 |    3.0621185366e-07    |    3.7715189355e+03    |    3.7719146432e+03    |
| 0.95875 |    3.0620600825e-07    |    3.7664485930e+03    |    3.7668545505e+03    |
| 0.96000 |    3.0620035813e-07    |    3.7613954106e+03    |    3.7618120140e+03    |
| 0.96125 |    3.0619489944e-07    |    3.7563592307e+03    |    3.7567868968e+03    |
| 0.96250 |    3.0618962833e-07    |    3.7513398944e+03    |    3.7517790622e+03    |
| 0.96375 |    3.0618454094e-07    |    3.7463372418e+03    |    3.7467883737e+03    |
| 0.96500 |    3.0617963347e-07    |    3.7413511113e+03    |    3.7418146951e+03    |
| 0.96625 |    3.0617490210e-07    |    3.7363813402e+03    |    3.7368578905e+03    |
| 0.96750 |    3.0617034305e-07    |    3.7314277640e+03    |    3.7319178242e+03    |
| 0.96875 |    3.0616595255e-07    |    3.7264902165e+03    |    3.7269943609e+03    |
| 0.97000 |    3.0616172685e-07    |    3.7215685299e+03    |    3.7220873658e+03    |
| 0.97125 |    3.0615766221e-07    |    3.7166625341e+03    |    3.7171967044e+03    |
| 0.97250 |    3.0615375494e-07    |    3.7117720569e+03    |    3.7123222427e+03    |
| 0.97375 |    3.0615000133e-07    |    3.7068969238e+03    |    3.7074638470e+03    |
| 0.97500 |    3.0614639772e-07    |    3.7020369575e+03    |    3.7026213843e+03    |
| 0.97625 |    3.0614294046e-07    |    3.6971919780e+03    |    3.6977947221e+03    |
| 0.97750 |    3.0613962594e-07    |    3.6923618019e+03    |    3.6929837284e+03    |
| 0.97875 |    3.0613645055e-07    |    3.6875462424e+03    |    3.6881882717e+03    |
| 0.98000 |    3.0613341072e-07    |    3.6827451089e+03    |    3.6834082212e+03    |
| 0.98125 |    3.0613050290e-07    |    3.6779582061e+03    |    3.6786434467e+03    |
| 0.98250 |    3.0612772358e-07    |    3.6731853342e+03    |    3.6738938186e+03    |
| 0.98375 |    3.0612506924e-07    |    3.6684262879e+03    |    3.6691592081e+03    |
| 0.98500 |    3.0612253643e-07    |    3.6636808560e+03    |    3.6644394868e+03    |
| 0.98625 |    3.0612012170e-07    |    3.6589488208e+03    |    3.6597345275e+03    |
| 0.98750 |    3.0611782164e-07    |    3.6542299571e+03    |    3.6550442032e+03    |
| 0.98875 |    3.0611563288e-07    |    3.6495240312e+03    |    3.6503683879e+03    |
| 0.99000 |    3.0611355205e-07    |    3.6448308003e+03    |    3.6457069566e+03    |
| 0.99125 |    3.0611157585e-07    |    3.6401500114e+03    |    3.6410597847e+03    |
| 0.99250 |    3.0610970098e-07    |    3.6354813993e+03    |    3.6364267486e+03    |
| 0.99375 |    3.0610792419e-07    |    3.6308246863e+03    |    3.6318077257e+03    |
| 0.99500 |    3.0610624226e-07    |    3.6261795794e+03    |    3.6272025941e+03    |
| 0.99625 |    3.0610465201e-07    |    3.6215457690e+03    |    3.6226112328e+03    |
| 0.99750 |    3.0610315028e-07    |    3.6169229265e+03    |    3.6180335218e+03    |
| 0.99875 |    3.0610173397e-07    |    3.6123107019e+03    |    3.6134693420e+03    |
| 1.00000 |    3.0610040000e-07    |    3.6034773528e+03    |    3.6089185754e+03    |
--------------------------------------------------------------------------------------