Число узлов n = 901
--------------------------------------------------------------------------------------
|    x    |          u(z)          |          f(z)          |     f(z) integral      |
--------------------------------------------------------------------------------------
| 0.00000 |    3.9205334616e-07    |    0.0000000000e+00    |    0.0000000000e+00    |
| 0.00111 |    3.9205304090e-07    |    1.3753744120e+01    |    1.2972377923e+01    |
| 0.00222 |    3.9205224970e-07    |    2.6257306105e+01    |    2.5944760574e+01    |
| 0.00333 |    3.9205094765e-07    |    3.9118073700e+01    |    3.8917152578e+01    |
| 0.00444 |    3.9204913119e-07    |    5.2038387939e+01    |    5.1889558518e+01    |
| 0.00556 |    3.9204679913e-07    |    6.4980368957e+01    |    6.4861982982e+01    |
| 0.00667 |    3.9204395093e-07    |    7.7932780882e+01    |    7.7834430543e+01    |
| 0.00778 |    3.9204058629e-07    |    9.0891048823e+01    |    9.0806905747e+01    |
| 0.00889 |    3.9203670505e-07    |    1.0385294880e+02    |    1.0377941311e+02    |
| 0.01000 |    3.9203230708e-07    |    1.1681726728e+02    |    1.1675195711e+02    |
| 0.01111 |    3.9202739232e-07    |    1.2978328563e+02    |    1.2972454219e+02    |
| 0.01222 |    3.9202196070e-07    |    1.4275055147e+02    |    1.4269717272e+02    |
| 0.01333 |    3.9201601217e-07    |    1.5571876621e+02    |    1.5566985305e+02    |
| 0.01444 |    3.9200954672e-07    |    1.6868772524e+02    |    1.6864258743e+02    |
| 0.01556 |    3.9200256431e-07    |    1.8165728400e+02    |    1.8161538008e+02    |
| 0.01667 |    3.9199506491e-07    |    1.9462733778e+02    |    1.9458823513e+02    |
| 0.01778 |    3.9198704852e-07    |    2.0759780918e+02    |    2.0756115664e+02    |
| 0.01889 |    3.9197851512e-07    |    2.2056863997e+02    |    2.2053414857e+02    |
| 0.02000 |    3.9196946469e-07    |    2.3353978569e+02    |    2.3350721481e+02    |
| 0.02111 |    3.9195989722e-07    |    2.4651121203e+02    |    2.4648035916e+02    |
| 0.02222 |    3.9194981270e-07    |    2.5948289223e+02    |    2.5945358530e+02    |
| 0.02333 |    3.9193921113e-07    |    2.7245480522e+02    |    2.7242689684e+02    |
| 0.02444 |    3.9192809249e-07    |    2.8542693434e+02    |    2.8540029723e+02    |
| 0.02556 |    3.9191645677e-07    |    2.9839926630e+02    |    2.9837378985e+02    |
| 0.02667 |    3.9190430398e-07    |    3.1137179051e+02    |    3.1134737793e+02    |
| 0.02778 |    3.9189163409e-07    |    3.2434449842e+02    |    3.2432106460e+02    |
| 0.02889 |    3.9187844711e-07    |    3.3731738318e+02    |    3.3729485283e+02    |
| 0.03000 |    3.9186474303e-07    |    3.5029043927e+02    |    3.5026874546e+02    |
| 0.03111 |    3.9185052184e-07    |    3.6326366219e+02    |    3.6324274519e+02    |
| 0.03222 |    3.9183578354e-07    |    3.7623704831e+02    |    3.7621685459e+02    |
| 0.03333 |    3.9182052812e-07    |    3.8921059466e+02    |    3.8919107604e+02    |
| 0.03444 |    3.9180475557e-07    |    4.0218429881e+02    |    4.0216541178e+02    |
| 0.03556 |    3.9178846590e-07    |    4.1515815875e+02    |    4.1513986389e+02    |
| 0.03667 |    3.9177165909e-07    |    4.2813217278e+02    |    4.2811443426e+02    |
| 0.03778 |    3.9175433514e-07    |    4.4110633947e+02    |    4.4108912463e+02    |
| 0.03889 |    3.9173649405e-07    |    4.5408065755e+02    |    4.5406393653e+02    |
| 0.04000 |    3.9171813581e-07    |    4.6705512588e+02    |    4.6703887132e+02    |
| 0.04111 |    3.9169926041e-07    |    4.8002974340e+02    |    4.8001393016e+02    |
| 0.04222 |    3.9167986786e-07    |    4.9300450910e+02    |    4.9298911402e+02    |
| 0.04333 |    3.9165995815e-07    |    5.0597942194e+02    |    5.0596442366e+02    |
| 0.04444 |    3.9163953128e-07    |    5.1895448087e+02    |    5.1893985962e+02    |
| 0.04556 |    3.9161858723e-07    |    5.3192968477e+02    |    5.3191542225e+02    |
| 0.04667 |    3.9159712602e-07    |    5.4490503245e+02    |    5.4489111166e+02    |
| 0.04778 |    3.9157514763e-07    |    5.5788052261e+02    |    5.5786692773e+02    |
| 0.04889 |    3.9155265207e-07    |    5.7085615381e+02    |    5.7084287014e+02    |
| 0.05000 |    3.9152963933e-07    |    5.8383192451e+02    |    5.8381893828e+02    |
| 0.05111 |    3.9150610940e-07    |    5.9680783297e+02    |    5.9679513136e+02    |
| 0.05222 |    3.9148206229e-07    |    6.0978387731e+02    |    6.0977144828e+02    |
| 0.05333 |    3.9145749800e-07    |    6.2276005544e+02    |    6.2274788774e+02    |
| 0.05444 |    3.9143241652e-07    |    6.3573636509e+02    |    6.3572444814e+02    |
| 0.05556 |    3.9140681785e-07    |    6.4871280377e+02    |    6.4870112764e+02    |
| 0.05667 |    3.9138070200e-07    |    6.6168936878e+02    |    6.6167792413e+02    |
| 0.05778 |    3.9135406896e-07    |    6.7466605718e+02    |    6.7465483520e+02    |
| 0.05889 |    3.9132691873e-07    |    6.8764286580e+02    |    6.8763185818e+02    |
| 0.06000 |    3.9129925132e-07    |    7.0061979121e+02    |    7.0060899012e+02    |
| 0.06111 |    3.9127106672e-07    |    7.1359682972e+02    |    7.1358622776e+02    |
| 0.06222 |    3.9124236493e-07    |    7.2657397739e+02    |    7.2656356754e+02    |
| 0.06333 |    3.9121314597e-07    |    7.3955122998e+02    |    7.3954100562e+02    |
| 0.06444 |    3.9118340982e-07    |    7.5252858299e+02    |    7.5251853783e+02    |
| 0.06556 |    3.9115315650e-07    |    7.6550603162e+02    |    7.6549615968e+02    |
| 0.06667 |    3.9112238601e-07    |    7.7848357077e+02    |    7.7847386639e+02    |
| 0.06778 |    3.9109109836e-07    |    7.9146119502e+02    |    7.9145165284e+02    |
| 0.06889 |    3.9105929354e-07    |    8.0443889868e+02    |    8.0442951355e+02    |
| 0.07000 |    3.9102697156e-07    |    8.1741667569e+02    |    8.1740744276e+02    |
| 0.07111 |    3.9099413243e-07    |    8.3039451970e+02    |    8.3038543432e+02    |
| 0.07222 |    3.9096077617e-07    |    8.4337242401e+02    |    8.4336348176e+02    |
| 0.07333 |    3.9092690276e-07    |    8.5635038158e+02    |    8.5634157824e+02    |
| 0.07444 |    3.9089251223e-07    |    8.6932838503e+02    |    8.6931971658e+02    |
| 0.07556 |    3.9085760459e-07    |    8.8230642663e+02    |    8.8229788921e+02    |
| 0.07667 |    3.9082217983e-07    |    8.9528449827e+02    |    8.9527608822e+02    |
| 0.07778 |    3.9078623799e-07    |    9.0826259151e+02    |    9.0825430531e+02    |
| 0.07889 |    3.9074977905e-07    |    9.2124069752e+02    |    9.2123253179e+02    |
| 0.08000 |    3.9071280305e-07    |    9.3421880707e+02    |    9.3421075861e+02    |
| 0.08111 |    3.9067531000e-07    |    9.4719691058e+02    |    9.4718897631e+02    |
| 0.08222 |    3.9063729990e-07    |    9.6017499808e+02    |    9.6016717503e+02    |
| 0.08333 |    3.9059877277e-07    |    9.7315305917e+02    |    9.7314534451e+02    |
| 0.08444 |    3.9055972864e-07    |    9.8613108309e+02    |    9.8612347410e+02    |
| 0.08556 |    3.9052016751e-07    |    9.9910905865e+02    |    9.9910155272e+02    |
| 0.08667 |    3.9048008942e-07    |    1.0120869743e+03    |    1.0120795689e+03    |
| 0.08778 |    3.9043949437e-07    |    1.0250648179e+03    |    1.0250575106e+03    |
| 0.08889 |    3.9039838239e-07    |    1.0380425771e+03    |    1.0380353657e+03    |
| 0.09000 |    3.9035675350e-07    |    1.0510202390e+03    |    1.0510131212e+03    |
| 0.09111 |    3.9031460774e-07    |    1.0639977903e+03    |    1.0639907639e+03    |
| 0.09222 |    3.9027194511e-07    |    1.0769752172e+03    |    1.0769682803e+03    |
| 0.09333 |    3.9022876565e-07    |    1.0899525056e+03    |    1.0899456560e+03    |
| 0.09444 |    3.9018506939e-07    |    1.1029296407e+03    |    1.1029228767e+03    |
| 0.09556 |    3.9014085635e-07    |    1.1159066076e+03    |    1.1158999272e+03    |
| 0.09667 |    3.9009612656e-07    |    1.1288833905e+03    |    1.1288767920e+03    |
| 0.09778 |    3.9005088007e-07    |    1.1418599735e+03    |    1.1418534552e+03    |
| 0.09889 |    3.9000511690e-07    |    1.1548363399e+03    |    1.1548299002e+03    |
| 0.10000 |    3.8995883708e-07    |    1.1678124729e+03    |    1.1678061101e+03    |
| 0.10111 |    3.8991204066e-07    |    1.1807883550e+03    |    1.1807820675e+03    |
| 0.10222 |    3.8986472766e-07    |    1.1937639680e+03    |    1.1937577545e+03    |
| 0.10333 |    3.8981689815e-07    |    1.2067392936e+03    |    1.2067331525e+03    |
| 0.10444 |    3.8976855214e-07    |    1.2197143127e+03    |    1.2197082427e+03    |
| 0.10556 |    3.8971968969e-07    |    1.2326890059e+03    |    1.2326830057e+03    |
| 0.10667 |    3.8967031085e-07    |    1.2456633531e+03    |    1.2456574213e+03    |
| 0.10778 |    3.8962041565e-07    |    1.2586373338e+03    |    1.2586314693e+03    |
| 0.10889 |    3.8957000415e-07    |    1.2716109269e+03    |    1.2716051284e+03    |
| 0.11000 |    3.8951907640e-07    |    1.2845841109e+03    |    1.2845783772e+03    |
| 0.11111 |    3.8946763246e-07    |    1.2975568636e+03    |    1.2975511936e+03    |
| 0.11222 |    3.8941567237e-07    |    1.3105291623e+03    |    1.3105235549e+03    |
| 0.11333 |    3.8936319620e-07    |    1.3235009838e+03    |    1.3234954380e+03    |
| 0.11444 |    3.8931020399e-07    |    1.3364723043e+03    |    1.3364668191e+03    |
| 0.11556 |    3.8925669583e-07    |    1.3494430995e+03    |    1.3494376738e+03    |
| 0.11667 |    3.8920267176e-07    |    1.3624133445e+03    |    1.3624079774e+03    |
| 0.11778 |    3.8914813186e-07    |    1.3753830139e+03    |    1.3753777044e+03    |
| 0.11889 |    3.8909307618e-07    |    1.3883520815e+03    |    1.3883468288e+03    |
| 0.12000 |    3.8903750481e-07    |    1.4013205207e+03    |    1.4013153239e+03    |
| 0.12111 |    3.8898141781e-07    |    1.4142883044e+03    |    1.4142831626e+03    |
| 0.12222 |    3.8892481526e-07    |    1.4272554046e+03    |    1.4272503171e+03    |
| 0.12333 |    3.8886769724e-07    |    1.4402217931e+03    |    1.4402167590e+03    |
| 0.12444 |    3.8881006382e-07    |    1.4531874408e+03    |    1.4531824594e+03    |
| 0.12556 |    3.8875191509e-07    |    1.4661523181e+03    |    1.4661473886e+03    |
| 0.12667 |    3.8869325114e-07    |    1.4791163948e+03    |    1.4791115165e+03    |
| 0.12778 |    3.8863407204e-07    |    1.4920796400e+03    |    1.4920748121e+03    |
| 0.12889 |    3.8857437790e-07    |    1.5050420222e+03    |    1.5050372442e+03    |
| 0.13000 |    3.8851416881e-07    |    1.5180035094e+03    |    1.5179987805e+03    |
| 0.13111 |    3.8845344485e-07    |    1.5309640688e+03    |    1.5309593884e+03    |
| 0.13222 |    3.8839220614e-07    |    1.5439236670e+03    |    1.5439190345e+03    |
| 0.13333 |    3.8833045277e-07    |    1.5568822700e+03    |    1.5568776849e+03    |
| 0.13444 |    3.8826818484e-07    |    1.5698398432e+03    |    1.5698353048e+03    |
| 0.13556 |    3.8820540247e-07    |    1.5827963512e+03    |    1.5827918589e+03    |
| 0.13667 |    3.8814210577e-07    |    1.5957517580e+03    |    1.5957473113e+03    |
| 0.13778 |    3.8807829484e-07    |    1.6087060271e+03    |    1.6087016254e+03    |
| 0.13889 |    3.8801396981e-07    |    1.6216591209e+03    |    1.6216547638e+03    |
| 0.14000 |    3.8794913080e-07    |    1.6346110016e+03    |    1.6346066886e+03    |
| 0.14111 |    3.8788377793e-07    |    1.6475616305e+03    |    1.6475573610e+03    |
| 0.14222 |    3.8781791133e-07    |    1.6605109682e+03    |    1.6605067418e+03    |
| 0.14333 |    3.8775153113e-07    |    1.6734589745e+03    |    1.6734547908e+03    |
| 0.14444 |    3.8768463746e-07    |    1.6864056089e+03    |    1.6864014673e+03    |
| 0.14556 |    3.8761723045e-07    |    1.6993508297e+03    |    1.6993467299e+03    |
| 0.14667 |    3.8754931026e-07    |    1.7122945949e+03    |    1.7122905364e+03    |
| 0.14778 |    3.8748087703e-07    |    1.7252368615e+03    |    1.7252328439e+03    |
| 0.14889 |    3.8741193090e-07    |    1.7381775859e+03    |    1.7381736089e+03    |
| 0.15000 |    3.8734247202e-07    |    1.7511167238e+03    |    1.7511127869e+03    |
| 0.15111 |    3.8727250056e-07    |    1.7640542302e+03    |    1.7640503331e+03    |
| 0.15222 |    3.8720201667e-07    |    1.7769900592e+03    |    1.7769862015e+03    |
| 0.15333 |    3.8713102051e-07    |    1.7899241643e+03    |    1.7899203457e+03    |
| 0.15444 |    3.8705951226e-07    |    1.8028564983e+03    |    1.8028527184e+03    |
| 0.15556 |    3.8698749208e-07    |    1.8157870131e+03    |    1.8157832716e+03    |
| 0.15667 |    3.8691496015e-07    |    1.8287156599e+03    |    1.8287119566e+03    |
| 0.15778 |    3.8684191665e-07    |    1.8416423893e+03    |    1.8416387237e+03    |
| 0.15889 |    3.8676836176e-07    |    1.8545671508e+03    |    1.8545635228e+03    |
| 0.16000 |    3.8669429568e-07    |    1.8674898935e+03    |    1.8674863027e+03    |
| 0.16111 |    3.8661971860e-07    |    1.8804105655e+03    |    1.8804070116e+03    |
| 0.16222 |    3.8654463070e-07    |    1.8933291142e+03    |    1.8933255969e+03    |
| 0.16333 |    3.8646903220e-07    |    1.9062454861e+03    |    1.9062420053e+03    |
| 0.16444 |    3.8639292330e-07    |    1.9191596271e+03    |    1.9191561824e+03    |
| 0.16556 |    3.8631630421e-07    |    1.9320714822e+03    |    1.9320680734e+03    |
| 0.16667 |    3.8623917515e-07    |    1.9449809957e+03    |    1.9449776225e+03    |
| 0.16778 |    3.8616153633e-07    |    1.9578881108e+03    |    1.9578847731e+03    |
| 0.16889 |    3.8608338799e-07    |    1.9707927703e+03    |    1.9707894678e+03    |
| 0.17000 |    3.8600473035e-07    |    1.9836949158e+03    |    1.9836916483e+03    |
| 0.17111 |    3.8592556364e-07    |    1.9965944885e+03    |    1.9965912558e+03    |
| 0.17222 |    3.8584588811e-07    |    2.0094914284e+03    |    2.0094882303e+03    |
| 0.17333 |    3.8576570400e-07    |    2.0223856748e+03    |    2.0223825111e+03    |
| 0.17444 |    3.8568501156e-07    |    2.0352771663e+03    |    2.0352740368e+03    |
| 0.17556 |    3.8560381104e-07    |    2.0481658406e+03    |    2.0481627451e+03    |
| 0.17667 |    3.8552210271e-07    |    2.0610516343e+03    |    2.0610485727e+03    |
| 0.17778 |    3.8543988683e-07    |    2.0739344835e+03    |    2.0739314556e+03    |
| 0.17889 |    3.8535716367e-07    |    2.0868143234e+03    |    2.0868113289e+03    |
| 0.18000 |    3.8527393352e-07    |    2.0996910881e+03    |    2.0996881270e+03    |
| 0.18111 |    3.8519019664e-07    |    2.1125647110e+03    |    2.1125617832e+03    |
| 0.18222 |    3.8510595333e-07    |    2.1254351248e+03    |    2.1254322301e+03    |
| 0.18333 |    3.8502120388e-07    |    2.1383022611e+03    |    2.1382993993e+03    |
| 0.18444 |    3.8493594859e-07    |    2.1511660506e+03    |    2.1511632217e+03    |
| 0.18556 |    3.8485018776e-07    |    2.1640264234e+03    |    2.1640236271e+03    |
| 0.18667 |    3.8476392171e-07    |    2.1768833084e+03    |    2.1768805446e+03    |
| 0.18778 |    3.8467715075e-07    |    2.1897366337e+03    |    2.1897339024e+03    |
| 0.18889 |    3.8458987520e-07    |    2.2025863267e+03    |    2.2025836278e+03    |
| 0.19000 |    3.8450209540e-07    |    2.2154323137e+03    |    2.2154296470e+03    |
| 0.19111 |    3.8441381167e-07    |    2.2282745202e+03    |    2.2282718857e+03    |
| 0.19222 |    3.8432502437e-07    |    2.2411128708e+03    |    2.2411102682e+03    |
| 0.19333 |    3.8423573382e-07    |    2.2539472890e+03    |    2.2539447184e+03    |
| 0.19444 |    3.8414594040e-07    |    2.2667776976e+03    |    2.2667751589e+03    |
| 0.19556 |    3.8405564445e-07    |    2.2796040185e+03    |    2.2796015115e+03    |
| 0.19667 |    3.8396484635e-07    |    2.2924261726e+03    |    2.2924236973e+03    |
| 0.19778 |    3.8387354647e-07    |    2.3052440797e+03    |    2.3052416361e+03    |
| 0.19889 |    3.8378174518e-07    |    2.3180576591e+03    |    2.3180552470e+03    |
| 0.20000 |    3.8368944288e-07    |    2.3308668287e+03    |    2.3308644481e+03    |
| 0.20111 |    3.8359663996e-07    |    2.3436715059e+03    |    2.3436691566e+03    |
| 0.20222 |    3.8350333681e-07    |    2.3564716067e+03    |    2.3564692888e+03    |
| 0.20333 |    3.8340953385e-07    |    2.3692670465e+03    |    2.3692647600e+03    |
| 0.20444 |    3.8331523149e-07    |    2.3820577397e+03    |    2.3820554844e+03    |
| 0.20556 |    3.8322043014e-07    |    2.3948435996e+03    |    2.3948413756e+03    |
| 0.20667 |    3.8312513025e-07    |    2.4076245387e+03    |    2.4076223458e+03    |
| 0.20778 |    3.8302933223e-07    |    2.4204004684e+03    |    2.4203983067e+03    |
| 0.20889 |    3.8293303655e-07    |    2.4331712993e+03    |    2.4331691687e+03    |
| 0.21000 |    3.8283624364e-07    |    2.4459369409e+03    |    2.4459348413e+03    |
| 0.21111 |    3.8273895396e-07    |    2.4586973017e+03    |    2.4586952332e+03    |
| 0.21222 |    3.8264116799e-07    |    2.4714522894e+03    |    2.4714502519e+03    |
| 0.21333 |    3.8254288618e-07    |    2.4842018105e+03    |    2.4841998040e+03    |
| 0.21444 |    3.8244410903e-07    |    2.4969457708e+03    |    2.4969437952e+03    |
| 0.21556 |    3.8234483702e-07    |    2.5096840747e+03    |    2.5096821302e+03    |
| 0.21667 |    3.8224507065e-07    |    2.5224166261e+03    |    2.5224147125e+03    |
| 0.21778 |    3.8214481042e-07    |    2.5351433276e+03    |    2.5351414449e+03    |
| 0.21889 |    3.8204405684e-07    |    2.5478640807e+03    |    2.5478622290e+03    |
| 0.22000 |    3.8194281044e-07    |    2.5605787863e+03    |    2.5605769655e+03    |
| 0.22111 |    3.8184107173e-07    |    2.5732873439e+03    |    2.5732855540e+03    |
| 0.22222 |    3.8173884127e-07    |    2.5859896522e+03    |    2.5859878932e+03    |
| 0.22333 |    3.8163611959e-07    |    2.5986856088e+03    |    2.5986838808e+03    |
| 0.22444 |    3.8153290725e-07    |    2.6113751105e+03    |    2.6113734134e+03    |
| 0.22556 |    3.8142920481e-07    |    2.6240580527e+03    |    2.6240563866e+03    |
| 0.22667 |    3.8132501283e-07    |    2.6367343302e+03    |    2.6367326951e+03    |
| 0.22778 |    3.8122033190e-07    |    2.6494038364e+03    |    2.6494022323e+03    |
| 0.22889 |    3.8111516261e-07    |    2.6620664640e+03    |    2.6620648909e+03    |
| 0.23000 |    3.8100950555e-07    |    2.6747221044e+03    |    2.6747205623e+03    |
| 0.23111 |    3.8090336133e-07    |    2.6873706481e+03    |    2.6873691371e+03    |
| 0.23222 |    3.8079673056e-07    |    2.7000119847e+03    |    2.7000105048e+03    |
| 0.23333 |    3.8068961386e-07    |    2.7126460024e+03    |    2.7126445536e+03    |
| 0.23444 |    3.8058201187e-07    |    2.7252725888e+03    |    2.7252711712e+03    |
| 0.23556 |    3.8047392523e-07    |    2.7378916301e+03    |    2.7378902437e+03    |
| 0.23667 |    3.8036535458e-07    |    2.7505030117e+03    |    2.7505016565e+03    |
| 0.23778 |    3.8025630060e-07    |    2.7631066178e+03    |    2.7631052938e+03    |
| 0.23889 |    3.8014676394e-07    |    2.7757023316e+03    |    2.7757010389e+03    |
| 0.24000 |    3.8003674530e-07    |    2.7882900352e+03    |    2.7882887738e+03    |
| 0.24111 |    3.7992624535e-07    |    2.8008696097e+03    |    2.8008683798e+03    |
| 0.24222 |    3.7981526479e-07    |    2.8134409352e+03    |    2.8134397367e+03    |
| 0.24333 |    3.7970380433e-07    |    2.8260038907e+03    |    2.8260027237e+03    |
| 0.24444 |    3.7959186470e-07    |    2.8385583541e+03    |    2.8385572186e+03    |
| 0.24556 |    3.7947944661e-07    |    2.8511042022e+03    |    2.8511030983e+03    |
| 0.24667 |    3.7936655081e-07    |    2.8636413108e+03    |    2.8636402386e+03    |
| 0.24778 |    3.7925317805e-07    |    2.8761695547e+03    |    2.8761685141e+03    |
| 0.24889 |    3.7913932907e-07    |    2.8886888074e+03    |    2.8886877987e+03    |
| 0.25000 |    3.7902500465e-07    |    2.9011989417e+03    |    2.9011979647e+03    |
| 0.25111 |    3.7891020557e-07    |    2.9136998289e+03    |    2.9136988839e+03    |
| 0.25222 |    3.7879493262e-07    |    2.9261913396e+03    |    2.9261904265e+03    |
| 0.25333 |    3.7867918659e-07    |    2.9386733431e+03    |    2.9386724620e+03    |
| 0.25444 |    3.7856296829e-07    |    2.9511457076e+03    |    2.9511448587e+03    |
| 0.25556 |    3.7844627855e-07    |    2.9636083005e+03    |    2.9636074837e+03    |
| 0.25667 |    3.7832911820e-07    |    2.9760609877e+03    |    2.9760602032e+03    |
| 0.25778 |    3.7821148808e-07    |    2.9885036344e+03    |    2.9885028822e+03    |
| 0.25889 |    3.7809338903e-07    |    3.0009361045e+03    |    3.0009353847e+03    |
| 0.26000 |    3.7797482193e-07    |    3.0133582609e+03    |    3.0133575735e+03    |
| 0.26111 |    3.7785578765e-07    |    3.0257699654e+03    |    3.0257693105e+03    |
| 0.26222 |    3.7773628707e-07    |    3.0381710786e+03    |    3.0381704564e+03    |
| 0.26333 |    3.7761632109e-07    |    3.0505614603e+03    |    3.0505608708e+03    |
| 0.26444 |    3.7749589062e-07    |    3.0629409689e+03    |    3.0629404121e+03    |
| 0.26556 |    3.7737499658e-07    |    3.0753094618e+03    |    3.0753089379e+03    |
| 0.26667 |    3.7725363990e-07    |    3.0876667954e+03    |    3.0876663045e+03    |
| 0.26778 |    3.7713182152e-07    |    3.1000128250e+03    |    3.1000123672e+03    |
| 0.26889 |    3.7700954240e-07    |    3.1123474047e+03    |    3.1123469800e+03    |
| 0.27000 |    3.7688680349e-07    |    3.1246703876e+03    |    3.1246699962e+03    |
| 0.27111 |    3.7676360579e-07    |    3.1369816257e+03    |    3.1369812676e+03    |
| 0.27222 |    3.7663995027e-07    |    3.1492809699e+03    |    3.1492806452e+03    |
| 0.27333 |    3.7651583794e-07    |    3.1615682699e+03    |    3.1615679788e+03    |
| 0.27444 |    3.7639126980e-07    |    3.1738433745e+03    |    3.1738431170e+03    |
| 0.27556 |    3.7626624690e-07    |    3.1861061313e+03    |    3.1861059074e+03    |
| 0.27667 |    3.7614077025e-07    |    3.1983563867e+03    |    3.1983561967e+03    |
| 0.27778 |    3.7601484092e-07    |    3.2105939863e+03    |    3.2105938302e+03    |
| 0.27889 |    3.7588845996e-07    |    3.2228187743e+03    |    3.2228186522e+03    |
| 0.28000 |    3.7576162844e-07    |    3.2350305939e+03    |    3.2350305060e+03    |
| 0.28111 |    3.7563434746e-07    |    3.2472292874e+03    |    3.2472292338e+03    |
| 0.28222 |    3.7550661811e-07    |    3.2594146958e+03    |    3.2594146765e+03    |
| 0.28333 |    3.7537844150e-07    |    3.2715866590e+03    |    3.2715866741e+03    |
| 0.28444 |    3.7524981876e-07    |    3.2837450159e+03    |    3.2837450656e+03    |
| 0.28556 |    3.7512075101e-07    |    3.2958896043e+03    |    3.2958896886e+03    |
| 0.28667 |    3.7499123942e-07    |    3.3080202608e+03    |    3.3080203799e+03    |
| 0.28778 |    3.7486128515e-07    |    3.3201368211e+03    |    3.3201369751e+03    |
| 0.28889 |    3.7473088936e-07    |    3.3322391197e+03    |    3.3322393087e+03    |
| 0.29000 |    3.7460005325e-07    |    3.3443269901e+03    |    3.3443272141e+03    |
| 0.29111 |    3.7446877802e-07    |    3.3564002644e+03    |    3.3564005237e+03    |
| 0.29222 |    3.7433706489e-07    |    3.3684587741e+03    |    3.3684590687e+03    |
| 0.29333 |    3.7420491507e-07    |    3.3805023493e+03    |    3.3805026794e+03    |
| 0.29444 |    3.7407232981e-07    |    3.3925308190e+03    |    3.3925311847e+03    |
| 0.29556 |    3.7393931037e-07    |    3.4045440114e+03    |    3.4045444127e+03    |
| 0.29667 |    3.7380585802e-07    |    3.4165417532e+03    |    3.4165421904e+03    |
| 0.29778 |    3.7367197403e-07    |    3.4285238705e+03    |    3.4285243437e+03    |
| 0.29889 |    3.7353765969e-07    |    3.4404901880e+03    |    3.4404906972e+03    |
| 0.30000 |    3.7340291633e-07    |    3.4524405294e+03    |    3.4524410747e+03    |
| 0.30111 |    3.7326774526e-07    |    3.4643747173e+03    |    3.4643752990e+03    |
| 0.30222 |    3.7313214781e-07    |    3.4762925733e+03    |    3.4762931915e+03    |
| 0.30333 |    3.7299612534e-07    |    3.4881939180e+03    |    3.4881945727e+03    |
| 0.30444 |    3.7285967922e-07    |    3.5000785708e+03    |    3.5000792622e+03    |
| 0.30556 |    3.7272281081e-07    |    3.5119463501e+03    |    3.5119470783e+03    |
| 0.30667 |    3.7258552151e-07    |    3.5237970733e+03    |    3.5237978384e+03    |
| 0.30778 |    3.7244781273e-07    |    3.5356305565e+03    |    3.5356313587e+03    |
| 0.30889 |    3.7230968588e-07    |    3.5474466151e+03    |    3.5474474545e+03    |
| 0.31000 |    3.7217114241e-07    |    3.5592450632e+03    |    3.5592459399e+03    |
| 0.31111 |    3.7203218376e-07    |    3.5710257139e+03    |    3.5710266281e+03    |
| 0.31222 |    3.7189281139e-07    |    3.5827883794e+03    |    3.5827893312e+03    |
| 0.31333 |    3.7175302678e-07    |    3.5945328707e+03    |    3.5945338602e+03    |
| 0.31444 |    3.7161283143e-07    |    3.6062589978e+03    |    3.6062600252e+03    |
| 0.31556 |    3.7147222684e-07    |    3.6179665698e+03    |    3.6179676351e+03    |
| 0.31667 |    3.7133121453e-07    |    3.6296553945e+03    |    3.6296564979e+03    |
| 0.31778 |    3.7118979605e-07    |    3.6413252789e+03    |    3.6413264206e+03    |
| 0.31889 |    3.7104797293e-07    |    3.6529760290e+03    |    3.6529772091e+03    |
| 0.32000 |    3.7090574675e-07    |    3.6646074496e+03    |    3.6646086682e+03    |
| 0.32111 |    3.7076311909e-07    |    3.6762193446e+03    |    3.6762206019e+03    |
| 0.32222 |    3.7062009154e-07    |    3.6878115169e+03    |    3.6878128130e+03    |
| 0.32333 |    3.7047666572e-07    |    3.6993837684e+03    |    3.6993851035e+03    |
| 0.32444 |    3.7033284325e-07    |    3.7109359000e+03    |    3.7109372741e+03    |
| 0.32556 |    3.7018862577e-07    |    3.7224677116e+03    |    3.7224691249e+03    |
| 0.32667 |    3.7004401494e-07    |    3.7339790020e+03    |    3.7339804547e+03    |
| 0.32778 |    3.6989901243e-07    |    3.7454695692e+03    |    3.7454710614e+03    |
| 0.32889 |    3.6975361992e-07    |    3.7569392102e+03    |    3.7569407420e+03    |
| 0.33000 |    3.6960783912e-07    |    3.7683877208e+03    |    3.7683892924e+03    |
| 0.33111 |    3.6946167176e-07    |    3.7798148962e+03    |    3.7798165077e+03    |
| 0.33222 |    3.6931511955e-07    |    3.7912205303e+03    |    3.7912221818e+03    |
| 0.33333 |    3.6916818425e-07    |    3.8026044162e+03    |    3.8026061080e+03    |
| 0.33444 |    3.6902086762e-07    |    3.8139663461e+03    |    3.8139680782e+03    |
| 0.33556 |    3.6887317144e-07    |    3.8253061112e+03    |    3.8253078838e+03    |
| 0.33667 |    3.6872509752e-07    |    3.8366235017e+03    |    3.8366253149e+03    |
| 0.33778 |    3.6857664765e-07    |    3.8479183069e+03    |    3.8479201609e+03    |
| 0.33889 |    3.6842782367e-07    |    3.8591903153e+03    |    3.8591922102e+03    |
| 0.34000 |    3.6827862742e-07    |    3.8704393143e+03    |    3.8704412503e+03    |
| 0.34111 |    3.6812906075e-07    |    3.8816650905e+03    |    3.8816670677e+03    |
| 0.34222 |    3.6797912555e-07    |    3.8928674296e+03    |    3.8928694481e+03    |
| 0.34333 |    3.6782882370e-07    |    3.9040461163e+03    |    3.9040481763e+03    |
| 0.34444 |    3.6767815711e-07    |    3.9152009344e+03    |    3.9152030361e+03    |
| 0.34556 |    3.6752712771e-07    |    3.9263316671e+03    |    3.9263338106e+03    |
| 0.34667 |    3.6737573742e-07    |    3.9374380964e+03    |    3.9374402818e+03    |
| 0.34778 |    3.6722398821e-07    |    3.9485200036e+03    |    3.9485222310e+03    |
| 0.34889 |    3.6707188205e-07    |    3.9595771690e+03    |    3.9595794386e+03    |
| 0.35000 |    3.6691942092e-07    |    3.9706093721e+03    |    3.9706116842e+03    |
| 0.35111 |    3.6676660682e-07    |    3.9816163918e+03    |    3.9816187464e+03    |
| 0.35222 |    3.6661344178e-07    |    3.9925980058e+03    |    3.9926004030e+03    |
| 0.35333 |    3.6645992783e-07    |    4.0035539911e+03    |    4.0035564312e+03    |
| 0.35444 |    3.6630606703e-07    |    4.0144841240e+03    |    4.0144866070e+03    |
| 0.35556 |    3.6615186144e-07    |    4.0253881799e+03    |    4.0253907060e+03    |
| 0.35667 |    3.6599731315e-07    |    4.0362659333e+03    |    4.0362685026e+03    |
| 0.35778 |    3.6584242425e-07    |    4.0471171581e+03    |    4.0471197708e+03    |
| 0.35889 |    3.6568719687e-07    |    4.0579416272e+03    |    4.0579442835e+03    |
| 0.36000 |    3.6553163314e-07    |    4.0687391130e+03    |    4.0687418130e+03    |
| 0.36111 |    3.6537573521e-07    |    4.0795093869e+03    |    4.0795121307e+03    |
| 0.36222 |    3.6521950525e-07    |    4.0902522196e+03    |    4.0902550074e+03    |
| 0.36333 |    3.6506294544e-07    |    4.1009673811e+03    |    4.1009702130e+03    |
| 0.36444 |    3.6490605798e-07    |    4.1116546406e+03    |    4.1116575168e+03    |
| 0.36556 |    3.6474884509e-07    |    4.1223137667e+03    |    4.1223166873e+03    |
| 0.36667 |    3.6459130901e-07    |    4.1329445272e+03    |    4.1329474924e+03    |
| 0.36778 |    3.6443345197e-07    |    4.1435466891e+03    |    4.1435496990e+03    |
| 0.36889 |    3.6427527626e-07    |    4.1541200189e+03    |    4.1541230736e+03    |
| 0.37000 |    3.6411678415e-07    |    4.1646642822e+03    |    4.1646673820e+03    |
| 0.37111 |    3.6395797794e-07    |    4.1751792442e+03    |    4.1751823891e+03    |
| 0.37222 |    3.6379885994e-07    |    4.1856646692e+03    |    4.1856678594e+03    |
| 0.37333 |    3.6363943251e-07    |    4.1961203209e+03    |    4.1961235565e+03    |
| 0.37444 |    3.6347969797e-07    |    4.2065459624e+03    |    4.2065492437e+03    |
| 0.37556 |    3.6331965870e-07    |    4.2169413562e+03    |    4.2169446832e+03    |
| 0.37667 |    3.6315931709e-07    |    4.2273062643e+03    |    4.2273096371e+03    |
| 0.37778 |    3.6299867553e-07    |    4.2376404477e+03    |    4.2376438666e+03    |
| 0.37889 |    3.6283773644e-07    |    4.2479436671e+03    |    4.2479471322e+03    |
| 0.38000 |    3.6267650226e-07    |    4.2582156827e+03    |    4.2582191942e+03    |
| 0.38111 |    3.6251497543e-07    |    4.2684562540e+03    |    4.2684598119e+03    |
| 0.38222 |    3.6235315843e-07    |    4.2786651399e+03    |    4.2786687444e+03    |
| 0.38333 |    3.6219105373e-07    |    4.2888420988e+03    |    4.2888457500e+03    |
| 0.38444 |    3.6202866383e-07    |    4.2989868886e+03    |    4.2989905868e+03    |
| 0.38556 |    3.6186599126e-07    |    4.3090992667e+03    |    4.3091030119e+03    |
| 0.38667 |    3.6170303856e-07    |    4.3191789900e+03    |    4.3191827824e+03    |
| 0.38778 |    3.6153980826e-07    |    4.3292258149e+03    |    4.3292296546e+03    |
| 0.38889 |    3.6137630293e-07    |    4.3392394972e+03    |    4.3392433844e+03    |
| 0.39000 |    3.6121252517e-07    |    4.3492197924e+03    |    4.3492237272e+03    |
| 0.39111 |    3.6104847758e-07    |    4.3591664555e+03    |    4.3591704381e+03    |
| 0.39222 |    3.6088416276e-07    |    4.3690792411e+03    |    4.3690832716e+03    |
| 0.39333 |    3.6071958336e-07    |    4.3789579034e+03    |    4.3789619819e+03    |
| 0.39444 |    3.6055474202e-07    |    4.3888021960e+03    |    4.3888063227e+03    |
| 0.39556 |    3.6038964142e-07    |    4.3986118723e+03    |    4.3986160474e+03    |
| 0.39667 |    3.6022428423e-07    |    4.4083866854e+03    |    4.4083909089e+03    |
| 0.39778 |    3.6005867317e-07    |    4.4181263879e+03    |    4.4181306600e+03    |
| 0.39889 |    3.5989281094e-07    |    4.4278307320e+03    |    4.4278350529e+03    |
| 0.40000 |    3.5972670028e-07    |    4.4374994697e+03    |    4.4375038394e+03    |
| 0.40111 |    3.5956034394e-07    |    4.4471323526e+03    |    4.4471367714e+03    |
| 0.40222 |    3.5939374469e-07    |    4.4567291322e+03    |    4.4567336001e+03    |
| 0.40333 |    3.5922690531e-07    |    4.4662895594e+03    |    4.4662940766e+03    |
| 0.40444 |    3.5905982860e-07    |    4.4758133850e+03    |    4.4758179517e+03    |
| 0.40556 |    3.5889251738e-07    |    4.4853003597e+03    |    4.4853049760e+03    |
| 0.40667 |    3.5872497448e-07    |    4.4947502337e+03    |    4.4947548997e+03    |
| 0.40778 |    3.5855720274e-07    |    4.5041627572e+03    |    4.5041674730e+03    |
| 0.40889 |    3.5838920504e-07    |    4.5135376800e+03    |    4.5135424458e+03    |
| 0.41000 |    3.5822098425e-07    |    4.5228747519e+03    |    4.5228795679e+03    |
| 0.41111 |    3.5805254328e-07    |    4.5321737225e+03    |    4.5321785887e+03    |
| 0.41222 |    3.5788388503e-07    |    4.5414343412e+03    |    4.5414392578e+03    |
| 0.41333 |    3.5771501244e-07    |    4.5506563572e+03    |    4.5506613243e+03    |
| 0.41444 |    3.5754592845e-07    |    4.5598395198e+03    |    4.5598445376e+03    |
| 0.41556 |    3.5737663602e-07    |    4.5689835780e+03    |    4.5689886466e+03    |
| 0.41667 |    3.5720713813e-07    |    4.5780882810e+03    |    4.5780934005e+03    |
| 0.41778 |    3.5703743778e-07    |    4.5871533775e+03    |    4.5871585480e+03    |
| 0.41889 |    3.5686753797e-07    |    4.5961786166e+03    |    4.5961838383e+03    |
| 0.42000 |    3.5669744173e-07    |    4.6051637472e+03    |    4.6051690202e+03    |
| 0.42111 |    3.5652715210e-07    |    4.6141085181e+03    |    4.6141138425e+03    |
| 0.42222 |    3.5635667214e-07    |    4.6230126782e+03    |    4.6230180543e+03    |
| 0.42333 |    3.5618600492e-07    |    4.6318759767e+03    |    4.6318814044e+03    |
| 0.42444 |    3.5601515352e-07    |    4.6406981624e+03    |    4.6407036419e+03    |
| 0.42556 |    3.5584412106e-07    |    4.6494789844e+03    |    4.6494845159e+03    |
| 0.42667 |    3.5567291064e-07    |    4.6582181921e+03    |    4.6582237756e+03    |
| 0.42778 |    3.5550152540e-07    |    4.6669155345e+03    |    4.6669211703e+03    |
| 0.42889 |    3.5532996850e-07    |    4.6755707614e+03    |    4.6755764494e+03    |
| 0.43000 |    3.5515824309e-07    |    4.6841836221e+03    |    4.6841893626e+03    |
| 0.43111 |    3.5498635235e-07    |    4.6927538665e+03    |    4.6927596597e+03    |
| 0.43222 |    3.5481429949e-07    |    4.7012812447e+03    |    4.7012870905e+03    |
| 0.43333 |    3.5464208770e-07    |    4.7097655068e+03    |    4.7097714054e+03    |
| 0.43444 |    3.5446972021e-07    |    4.7182064032e+03    |    4.7182123547e+03    |
| 0.43556 |    3.5429720027e-07    |    4.7266036846e+03    |    4.7266096892e+03    |
| 0.43667 |    3.5412453112e-07    |    4.7349571022e+03    |    4.7349631599e+03    |
| 0.43778 |    3.5395171603e-07    |    4.7432664070e+03    |    4.7432725181e+03    |
| 0.43889 |    3.5377875829e-07    |    4.7515313509e+03    |    4.7515375154e+03    |
| 0.44000 |    3.5360566119e-07    |    4.7597516857e+03    |    4.7597579037e+03    |
| 0.44111 |    3.5343242804e-07    |    4.7679271638e+03    |    4.7679334354e+03    |
| 0.44222 |    3.5325906217e-07    |    4.7760575379e+03    |    4.7760638633e+03    |
| 0.44333 |    3.5308556691e-07    |    4.7841425611e+03    |    4.7841489404e+03    |
| 0.44444 |    3.5291194563e-07    |    4.7921819872e+03    |    4.7921884205e+03    |
| 0.44556 |    3.5273820169e-07    |    4.8001755701e+03    |    4.8001820575e+03    |
| 0.44667 |    3.5256433846e-07    |    4.8081230643e+03    |    4.8081296059e+03    |
| 0.44778 |    3.5239035935e-07    |    4.8160242249e+03    |    4.8160308209e+03    |
| 0.44889 |    3.5221626776e-07    |    4.8238788075e+03    |    4.8238854579e+03    |
| 0.45000 |    3.5204206711e-07    |    4.8316865682e+03    |    4.8316932731e+03    |
| 0.45111 |    3.5186776084e-07    |    4.8394472637e+03    |    4.8394540232e+03    |
| 0.45222 |    3.5169335240e-07    |    4.8471606513e+03    |    4.8471674656e+03    |
| 0.45333 |    3.5151884525e-07    |    4.8548264889e+03    |    4.8548333581e+03    |
| 0.45444 |    3.5134424285e-07    |    4.8624445351e+03    |    4.8624514593e+03    |
| 0.45556 |    3.5116954871e-07    |    4.8700145492e+03    |    4.8700215284e+03    |
| 0.45667 |    3.5099476631e-07    |    4.8775362910e+03    |    4.8775433255e+03    |
| 0.45778 |    3.5081989918e-07    |    4.8850095214e+03    |    4.8850166111e+03    |
| 0.45889 |    3.5064495082e-07    |    4.8924340016e+03    |    4.8924411467e+03    |
| 0.46000 |    3.5046992479e-07    |    4.8998094939e+03    |    4.8998166945e+03    |
| 0.46111 |    3.5029482464e-07    |    4.9071357612e+03    |    4.9071430175e+03    |
| 0.46222 |    3.5011965391e-07    |    4.9144125674e+03    |    4.9144198794e+03    |
| 0.46333 |    3.4994441618e-07    |    4.9216396772e+03    |    4.9216470449e+03    |
| 0.46444 |    3.4976911505e-07    |    4.9288168560e+03    |    4.9288242796e+03    |
| 0.46556 |    3.4959375410e-07    |    4.9359438702e+03    |    4.9359513499e+03    |
| 0.46667 |    3.4941833695e-07    |    4.9430204873e+03    |    4.9430280230e+03    |
| 0.46778 |    3.4924286720e-07    |    4.9500464755e+03    |    4.9500540674e+03    |
| 0.46889 |    3.4906734850e-07    |    4.9570216040e+03    |    4.9570292522e+03    |
| 0.47000 |    3.4889178449e-07    |    4.9639456432e+03    |    4.9639533478e+03    |
| 0.47111 |    3.4871617880e-07    |    4.9708183644e+03    |    4.9708261255e+03    |
| 0.47222 |    3.4854053512e-07    |    4.9776395399e+03    |    4.9776473576e+03    |
| 0.47333 |    3.4836485711e-07    |    4.9844089431e+03    |    4.9844168175e+03    |
| 0.47444 |    3.4818914845e-07    |    4.9911263487e+03    |    4.9911342798e+03    |
| 0.47556 |    3.4801341284e-07    |    4.9977915322e+03    |    4.9977995201e+03    |
| 0.47667 |    3.4783765398e-07    |    5.0044042705e+03    |    5.0044123154e+03    |
| 0.47778 |    3.4766187558e-07    |    5.0109643417e+03    |    5.0109724436e+03    |
| 0.47889 |    3.4748608138e-07    |    5.0174715250e+03    |    5.0174796841e+03    |
| 0.48000 |    3.4731027509e-07    |    5.0239256009e+03    |    5.0239338171e+03    |
| 0.48111 |    3.4713446047e-07    |    5.0303263511e+03    |    5.0303346247e+03    |
| 0.48222 |    3.4695864126e-07    |    5.0366735588e+03    |    5.0366818897e+03    |
| 0.48333 |    3.4678282122e-07    |    5.0429670082e+03    |    5.0429753966e+03    |
| 0.48444 |    3.4660700413e-07    |    5.0492064851e+03    |    5.0492149310e+03    |
| 0.48556 |    3.4643119376e-07    |    5.0553917767e+03    |    5.0554002803e+03    |
| 0.48667 |    3.4625539389e-07    |    5.0615226714e+03    |    5.0615312327e+03    |
| 0.48778 |    3.4607960833e-07    |    5.0675989593e+03    |    5.0676075784e+03    |
| 0.48889 |    3.4590384086e-07    |    5.0736204318e+03    |    5.0736291087e+03    |
| 0.49000 |    3.4572809531e-07    |    5.0795868817e+03    |    5.0795956166e+03    |
| 0.49111 |    3.4555237549e-07    |    5.0854981035e+03    |    5.0855068965e+03    |
| 0.49222 |    3.4537668522e-07    |    5.0913538933e+03    |    5.0913627444e+03    |
| 0.49333 |    3.4520102833e-07    |    5.0971540486e+03    |    5.0971629579e+03    |
| 0.49444 |    3.4502540867e-07    |    5.1028983685e+03    |    5.1029073361e+03    |
| 0.49556 |    3.4484983009e-07    |    5.1085866540e+03    |    5.1085956800e+03    |
| 0.49667 |    3.4467429643e-07    |    5.1142187075e+03    |    5.1142277919e+03    |
| 0.49778 |    3.4449881155e-07    |    5.1197943331e+03    |    5.1198034760e+03    |
| 0.49889 |    3.4432337932e-07    |    5.1253133368e+03    |    5.1253225383e+03    |
| 0.50000 |    3.4414800361e-07    |    5.1307755262e+03    |    5.1307847864e+03    |
| 0.50111 |    3.4397268829e-07    |    5.1361807108e+03    |    5.1361900297e+03    |
| 0.50222 |    3.4379743726e-07    |    5.1415287018e+03    |    5.1415380795e+03    |
| 0.50333 |    3.4362225439e-07    |    5.1468193122e+03    |    5.1468287489e+03    |
| 0.50444 |    3.4344714358e-07    |    5.1520523571e+03    |    5.1520618527e+03    |
| 0.50556 |    3.4327210873e-07    |    5.1572276533e+03    |    5.1572372080e+03    |
| 0.50667 |    3.4309715374e-07    |    5.1623450196e+03    |    5.1623546334e+03    |
| 0.50778 |    3.4292228252e-07    |    5.1674042767e+03    |    5.1674139496e+03    |
| 0.50889 |    3.4274749898e-07    |    5.1724052473e+03    |    5.1724149795e+03    |
| 0.51000 |    3.4257280703e-07    |    5.1773477562e+03    |    5.1773575477e+03    |
| 0.51111 |    3.4239821059e-07    |    5.1822316301e+03    |    5.1822414810e+03    |
| 0.51222 |    3.4222371359e-07    |    5.1870566979e+03    |    5.1870666083e+03    |
| 0.51333 |    3.4204931995e-07    |    5.1918227906e+03    |    5.1918327606e+03    |
| 0.51444 |    3.4187503360e-07    |    5.1965297413e+03    |    5.1965397708e+03    |
| 0.51556 |    3.4170085847e-07    |    5.2011773851e+03    |    5.2011874744e+03    |
| 0.51667 |    3.4152679850e-07    |    5.2057655597e+03    |    5.2057757087e+03    |
| 0.51778 |    3.4135285762e-07    |    5.2102941046e+03    |    5.2103043134e+03    |
| 0.51889 |    3.4117903976e-07    |    5.2147628618e+03    |    5.2147731305e+03    |
| 0.52000 |    3.4100534888e-07    |    5.2191716754e+03    |    5.2191820041e+03    |
| 0.52111 |    3.4083178892e-07    |    5.2235203921e+03    |    5.2235307808e+03    |
| 0.52222 |    3.4065836381e-07    |    5.2278088606e+03    |    5.2278193094e+03    |
| 0.52333 |    3.4048507749e-07    |    5.2320369322e+03    |    5.2320474412e+03    |
| 0.52444 |    3.4031193393e-07    |    5.2362044606e+03    |    5.2362150298e+03    |
| 0.52556 |    3.4013893705e-07    |    5.2403113017e+03    |    5.2403219312e+03    |
| 0.52667 |    3.3996609081e-07    |    5.2443573142e+03    |    5.2443680041e+03    |
| 0.52778 |    3.3979339916e-07    |    5.2483423590e+03    |    5.2483531093e+03    |
| 0.52889 |    3.3962086603e-07    |    5.2522662997e+03    |    5.2522771105e+03    |
| 0.53000 |    3.3944849537e-07    |    5.2561290023e+03    |    5.2561398737e+03    |
| 0.53111 |    3.3927629114e-07    |    5.2599303355e+03    |    5.2599412675e+03    |
| 0.53222 |    3.3910425727e-07    |    5.2636701706e+03    |    5.2636811633e+03    |
| 0.53333 |    3.3893239770e-07    |    5.2673483814e+03    |    5.2673594349e+03    |
| 0.53444 |    3.3876071637e-07    |    5.2709648446e+03    |    5.2709759589e+03    |
| 0.53556 |    3.3858921723e-07    |    5.2745194393e+03    |    5.2745306146e+03    |
| 0.53667 |    3.3841790421e-07    |    5.2780120476e+03    |    5.2780232839e+03    |
| 0.53778 |    3.3824678125e-07    |    5.2814425542e+03    |    5.2814538516e+03    |
| 0.53889 |    3.3807585227e-07    |    5.2848108467e+03    |    5.2848222052e+03    |
| 0.54000 |    3.3790512121e-07    |    5.2881168153e+03    |    5.2881282350e+03    |
| 0.54111 |    3.3773459199e-07    |    5.2913603532e+03    |    5.2913718342e+03    |
| 0.54222 |    3.3756426853e-07    |    5.2945413565e+03    |    5.2945528988e+03    |
| 0.54333 |    3.3739415476e-07    |    5.2976597241e+03    |    5.2976713278e+03    |
| 0.54444 |    3.3722425458e-07    |    5.3007153579e+03    |    5.3007270231e+03    |
| 0.54556 |    3.3705457191e-07    |    5.3037081626e+03    |    5.3037198893e+03    |
| 0.54667 |    3.3688511066e-07    |    5.3066380460e+03    |    5.3066498344e+03    |
| 0.54778 |    3.3671587471e-07    |    5.3095049191e+03    |    5.3095167692e+03    |
| 0.54889 |    3.3654686798e-07    |    5.3123086955e+03    |    5.3123206074e+03    |
| 0.55000 |    3.3637809435e-07    |    5.3150492922e+03    |    5.3150612661e+03    |
| 0.55111 |    3.3620955770e-07    |    5.3177266293e+03    |    5.3177386651e+03    |
| 0.55222 |    3.3604126191e-07    |    5.3203406298e+03    |    5.3203527276e+03    |
| 0.55333 |    3.3587321086e-07    |    5.3228912200e+03    |    5.3229033799e+03    |
| 0.55444 |    3.3570540840e-07    |    5.3253783294e+03    |    5.3253905515e+03    |
| 0.55556 |    3.3553785841e-07    |    5.3278018906e+03    |    5.3278141749e+03    |
| 0.55667 |    3.3537056473e-07    |    5.3301618394e+03    |    5.3301741862e+03    |
| 0.55778 |    3.3520353120e-07    |    5.3324581151e+03    |    5.3324705243e+03    |
| 0.55889 |    3.3503676166e-07    |    5.3346906601e+03    |    5.3347031318e+03    |
| 0.56000 |    3.3487025995e-07    |    5.3368594200e+03    |    5.3368719543e+03    |
| 0.56111 |    3.3470402987e-07    |    5.3389643439e+03    |    5.3389769409e+03    |
| 0.56222 |    3.3453807524e-07    |    5.3410053843e+03    |    5.3410180441e+03    |
| 0.56333 |    3.3437239987e-07    |    5.3429824970e+03    |    5.3429952197e+03    |
| 0.56444 |    3.3420700755e-07    |    5.3448956412e+03    |    5.3449084268e+03    |
| 0.56556 |    3.3404190205e-07    |    5.3467447795e+03    |    5.3467576283e+03    |
| 0.56667 |    3.3387708716e-07    |    5.3485298782e+03    |    5.3485427901e+03    |
| 0.56778 |    3.3371256664e-07    |    5.3502509067e+03    |    5.3502638819e+03    |
| 0.56889 |    3.3354834424e-07    |    5.3519078384e+03    |    5.3519208769e+03    |
| 0.57000 |    3.3338442371e-07    |    5.3535006497e+03    |    5.3535137517e+03    |
| 0.57111 |    3.3322080877e-07    |    5.3550293209e+03    |    5.3550424866e+03    |
| 0.57222 |    3.3305750315e-07    |    5.3564938360e+03    |    5.3565070653e+03    |
| 0.57333 |    3.3289451055e-07    |    5.3578941822e+03    |    5.3579074753e+03    |
| 0.57444 |    3.3273183468e-07    |    5.3592303506e+03    |    5.3592437076e+03    |
| 0.57556 |    3.3256947922e-07    |    5.3605023360e+03    |    5.3605157570e+03    |
| 0.57667 |    3.3240744784e-07    |    5.3617101367e+03    |    5.3617236218e+03    |
| 0.57778 |    3.3224574420e-07    |    5.3628537548e+03    |    5.3628673042e+03    |
| 0.57889 |    3.3208437194e-07    |    5.3639331962e+03    |    5.3639468100e+03    |
| 0.58000 |    3.3192333471e-07    |    5.3649484703e+03    |    5.3649621486e+03    |
| 0.58111 |    3.3176263611e-07    |    5.3658995905e+03    |    5.3659133335e+03    |
| 0.58222 |    3.3160227976e-07    |    5.3667865740e+03    |    5.3668003817e+03    |
| 0.58333 |    3.3144226925e-07    |    5.3676094416e+03    |    5.3676233142e+03    |
| 0.58444 |    3.3128260815e-07    |    5.3683682180e+03    |    5.3683821557e+03    |
| 0.58556 |    3.3112330003e-07    |    5.3690629320e+03    |    5.3690769347e+03    |
| 0.58667 |    3.3096434843e-07    |    5.3696936158e+03    |    5.3697076839e+03    |
| 0.58778 |    3.3080575688e-07    |    5.3702603059e+03    |    5.3702744395e+03    |
| 0.58889 |    3.3064752890e-07    |    5.3707630426e+03    |    5.3707772417e+03    |
| 0.59000 |    3.3048966799e-07    |    5.3712018699e+03    |    5.3712161348e+03    |
| 0.59111 |    3.3033217764e-07    |    5.3715768361e+03    |    5.3715911669e+03    |
| 0.59222 |    3.3017506130e-07    |    5.3718879932e+03    |    5.3719023901e+03    |
| 0.59333 |    3.3001832243e-07    |    5.3721353973e+03    |    5.3721498604e+03    |
| 0.59444 |    3.2986196447e-07    |    5.3723191084e+03    |    5.3723336379e+03    |
| 0.59556 |    3.2970599082e-07    |    5.3724391906e+03    |    5.3724537867e+03    |
| 0.59667 |    3.2955040489e-07    |    5.3724957121e+03    |    5.3725103749e+03    |
| 0.59778 |    3.2939521005e-07    |    5.3724887449e+03    |    5.3725034747e+03    |
| 0.59889 |    3.2924040966e-07    |    5.3724183653e+03    |    5.3724331622e+03    |
| 0.60000 |    3.2908600707e-07    |    5.3722846536e+03    |    5.3722995177e+03    |
| 0.60111 |    3.2893200560e-07    |    5.3720876940e+03    |    5.3721026257e+03    |
| 0.60222 |    3.2877840856e-07    |    5.3718275752e+03    |    5.3718425746e+03    |
| 0.60333 |    3.2862521923e-07    |    5.3715043897e+03    |    5.3715194569e+03    |
| 0.60444 |    3.2847244087e-07    |    5.3711182342e+03    |    5.3711333695e+03    |
| 0.60556 |    3.2832007673e-07    |    5.3706692096e+03    |    5.3706844132e+03    |
| 0.60667 |    3.2816813003e-07    |    5.3701574210e+03    |    5.3701726931e+03    |
| 0.60778 |    3.2801660398e-07    |    5.3695829774e+03    |    5.3695983183e+03    |
| 0.60889 |    3.2786550176e-07    |    5.3689459923e+03    |    5.3689614022e+03    |
| 0.61000 |    3.2771482654e-07    |    5.3682465833e+03    |    5.3682620623e+03    |
| 0.61111 |    3.2756458145e-07    |    5.3674848720e+03    |    5.3675004205e+03    |
| 0.61222 |    3.2741476961e-07    |    5.3666609845e+03    |    5.3666766027e+03    |
| 0.61333 |    3.2726539412e-07    |    5.3657750509e+03    |    5.3657907390e+03    |
| 0.61444 |    3.2711645806e-07    |    5.3648272057e+03    |    5.3648429640e+03    |
| 0.61556 |    3.2696796447e-07    |    5.3638175875e+03    |    5.3638334162e+03    |
| 0.61667 |    3.2681991638e-07    |    5.3627463391e+03    |    5.3627622386e+03    |
| 0.61778 |    3.2667231681e-07    |    5.3616136077e+03    |    5.3616295782e+03    |
| 0.61889 |    3.2652516873e-07    |    5.3604195447e+03    |    5.3604355865e+03    |
| 0.62000 |    3.2637847510e-07    |    5.3591643058e+03    |    5.3591804191e+03    |
| 0.62111 |    3.2623223887e-07    |    5.3578480507e+03    |    5.3578642359e+03    |
| 0.62222 |    3.2608646293e-07    |    5.3564709438e+03    |    5.3564872011e+03    |
| 0.62333 |    3.2594115019e-07    |    5.3550331535e+03    |    5.3550494832e+03    |
| 0.62444 |    3.2579630349e-07    |    5.3535348524e+03    |    5.3535512549e+03    |
| 0.62556 |    3.2565192568e-07    |    5.3519762176e+03    |    5.3519926933e+03    |
| 0.62667 |    3.2550801958e-07    |    5.3503574304e+03    |    5.3503739795e+03    |
| 0.62778 |    3.2536458796e-07    |    5.3486786764e+03    |    5.3486952992e+03    |
| 0.62889 |    3.2522163359e-07    |    5.3469401454e+03    |    5.3469568423e+03    |
| 0.63000 |    3.2507915921e-07    |    5.3451420315e+03    |    5.3451588029e+03    |
| 0.63111 |    3.2493716752e-07    |    5.3432845332e+03    |    5.3433013795e+03    |
| 0.63222 |    3.2479566122e-07    |    5.3413678532e+03    |    5.3413847746e+03    |
| 0.63333 |    3.2465464295e-07    |    5.3393921984e+03    |    5.3394091954e+03    |
| 0.63444 |    3.2451411535e-07    |    5.3373577801e+03    |    5.3373748531e+03    |
| 0.63556 |    3.2437408102e-07    |    5.3352648138e+03    |    5.3352819632e+03    |
| 0.63667 |    3.2423454254e-07    |    5.3331135194e+03    |    5.3331307455e+03    |
| 0.63778 |    3.2409550246e-07    |    5.3309041209e+03    |    5.3309214242e+03    |
| 0.63889 |    3.2395696329e-07    |    5.3286368466e+03    |    5.3286542275e+03    |
| 0.64000 |    3.2381892754e-07    |    5.3263119292e+03    |    5.3263293880e+03    |
| 0.64111 |    3.2368139766e-07    |    5.3239296053e+03    |    5.3239471426e+03    |
| 0.64222 |    3.2354437609e-07    |    5.3214901162e+03    |    5.3215077324e+03    |
| 0.64333 |    3.2340786525e-07    |    5.3189937070e+03    |    5.3190114027e+03    |
| 0.64444 |    3.2327186751e-07    |    5.3164406274e+03    |    5.3164584029e+03    |
| 0.64556 |    3.2313638523e-07    |    5.3138311311e+03    |    5.3138489869e+03    |
| 0.64667 |    3.2300142072e-07    |    5.3111654759e+03    |    5.3111834125e+03    |
| 0.64778 |    3.2286697628e-07    |    5.3084439240e+03    |    5.3084619419e+03    |
| 0.64889 |    3.2273305417e-07    |    5.3056667417e+03    |    5.3056848415e+03    |
| 0.65000 |    3.2259965662e-07    |    5.3028341996e+03    |    5.3028523817e+03    |
| 0.65111 |    3.2246678585e-07    |    5.2999465722e+03    |    5.2999648372e+03    |
| 0.65222 |    3.2233444402e-07    |    5.2970041382e+03    |    5.2970224867e+03    |
| 0.65333 |    3.2220263327e-07    |    5.2940071806e+03    |    5.2940256131e+03    |
| 0.65444 |    3.2207135573e-07    |    5.2909559863e+03    |    5.2909745034e+03    |
| 0.65556 |    3.2194061347e-07    |    5.2878508466e+03    |    5.2878694488e+03    |
| 0.65667 |    3.2181040854e-07    |    5.2846920564e+03    |    5.2847107444e+03    |
| 0.65778 |    3.2168074297e-07    |    5.2814799150e+03    |    5.2814986894e+03    |
| 0.65889 |    3.2155161875e-07    |    5.2782147257e+03    |    5.2782335871e+03    |
| 0.66000 |    3.2142303783e-07    |    5.2748967958e+03    |    5.2749157447e+03    |
| 0.66111 |    3.2129500214e-07    |    5.2715264365e+03    |    5.2715454737e+03    |
| 0.66222 |    3.2116751358e-07    |    5.2681039630e+03    |    5.2681230891e+03    |
| 0.66333 |    3.2104057402e-07    |    5.2646296946e+03    |    5.2646489103e+03    |
| 0.66444 |    3.2091418528e-07    |    5.2611039544e+03    |    5.2611232603e+03    |
| 0.66556 |    3.2078834918e-07    |    5.2575270693e+03    |    5.2575464663e+03    |
| 0.66667 |    3.2066306746e-07    |    5.2538993704e+03    |    5.2539188590e+03    |
| 0.66778 |    3.2053834188e-07    |    5.2502211923e+03    |    5.2502407733e+03    |
| 0.66889 |    3.2041417414e-07    |    5.2464928736e+03    |    5.2465125479e+03    |
| 0.67000 |    3.2029056590e-07    |    5.2427147569e+03    |    5.2427345250e+03    |
| 0.67111 |    3.2016751881e-07    |    5.2388871881e+03    |    5.2389070510e+03    |
| 0.67222 |    3.2004503448e-07    |    5.2350105173e+03    |    5.2350304757e+03    |
| 0.67333 |    3.1992311448e-07    |    5.2310850980e+03    |    5.2311051527e+03    |
| 0.67444 |    3.1980176034e-07    |    5.2271112876e+03    |    5.2271314394e+03    |
| 0.67556 |    3.1968097359e-07    |    5.2230894471e+03    |    5.2231096968e+03    |
| 0.67667 |    3.1956075568e-07    |    5.2190199409e+03    |    5.2190402894e+03    |
| 0.67778 |    3.1944110807e-07    |    5.2149031373e+03    |    5.2149235855e+03    |
| 0.67889 |    3.1932203217e-07    |    5.2107394079e+03    |    5.2107599567e+03    |
| 0.68000 |    3.1920352934e-07    |    5.2065291281e+03    |    5.2065497784e+03    |
| 0.68111 |    3.1908560093e-07    |    5.2022726766e+03    |    5.2022934292e+03    |
| 0.68222 |    3.1896824825e-07    |    5.1979704354e+03    |    5.1979912914e+03    |
| 0.68333 |    3.1885147257e-07    |    5.1936227902e+03    |    5.1936437505e+03    |
| 0.68444 |    3.1873527514e-07    |    5.1892301299e+03    |    5.1892511954e+03    |
| 0.68556 |    3.1861965716e-07    |    5.1847928468e+03    |    5.1848140186e+03    |
| 0.68667 |    3.1850461980e-07    |    5.1803113364e+03    |    5.1803326154e+03    |
| 0.68778 |    3.1839016421e-07    |    5.1757859975e+03    |    5.1758073848e+03    |
| 0.68889 |    3.1827629149e-07    |    5.1712172321e+03    |    5.1712387288e+03    |
| 0.69000 |    3.1816300271e-07    |    5.1666054454e+03    |    5.1666270525e+03    |
| 0.69111 |    3.1805029892e-07    |    5.1619510456e+03    |    5.1619727643e+03    |
| 0.69222 |    3.1793818110e-07    |    5.1572544443e+03    |    5.1572762756e+03    |
| 0.69333 |    3.1782665024e-07    |    5.1525160556e+03    |    5.1525380007e+03    |
| 0.69444 |    3.1771570727e-07    |    5.1477362970e+03    |    5.1477583570e+03    |
| 0.69556 |    3.1760535309e-07    |    5.1429155889e+03    |    5.1429377650e+03    |
| 0.69667 |    3.1749558858e-07    |    5.1380543543e+03    |    5.1380766477e+03    |
| 0.69778 |    3.1738641455e-07    |    5.1331530194e+03    |    5.1331754313e+03    |
| 0.69889 |    3.1727783182e-07    |    5.1282120129e+03    |    5.1282345446e+03    |
| 0.70000 |    3.1716984114e-07    |    5.1232317665e+03    |    5.1232544192e+03    |
| 0.70111 |    3.1706244325e-07    |    5.1182127142e+03    |    5.1182354893e+03    |
| 0.70222 |    3.1695563885e-07    |    5.1131552932e+03    |    5.1131781918e+03    |
| 0.70333 |    3.1684942859e-07    |    5.1080599427e+03    |    5.1080829663e+03    |
| 0.70444 |    3.1674381311e-07    |    5.1029271048e+03    |    5.1029502547e+03    |
| 0.70556 |    3.1663879301e-07    |    5.0977572240e+03    |    5.0977805016e+03    |
| 0.70667 |    3.1653436883e-07    |    5.0925507471e+03    |    5.0925741537e+03    |
| 0.70778 |    3.1643054111e-07    |    5.0873081233e+03    |    5.0873316605e+03    |
| 0.70889 |    3.1632731033e-07    |    5.0820298042e+03    |    5.0820534734e+03    |
| 0.71000 |    3.1622467697e-07    |    5.0767162437e+03    |    5.0767400463e+03    |
| 0.71111 |    3.1612264143e-07    |    5.0713678975e+03    |    5.0713918351e+03    |
| 0.71222 |    3.1602120412e-07    |    5.0659852239e+03    |    5.0660092980e+03    |
| 0.71333 |    3.1592036539e-07    |    5.0605686830e+03    |    5.0605928952e+03    |
| 0.71444 |    3.1582012555e-07    |    5.0551187370e+03    |    5.0551430889e+03    |
| 0.71556 |    3.1572048490e-07    |    5.0496358500e+03    |    5.0496603431e+03    |
| 0.71667 |    3.1562144370e-07    |    5.0441204879e+03    |    5.0441451240e+03    |
| 0.71778 |    3.1552300215e-07    |    5.0385731186e+03    |    5.0385978993e+03    |
| 0.71889 |    3.1542516046e-07    |    5.0329942117e+03    |    5.0330191386e+03    |
| 0.72000 |    3.1532791878e-07    |    5.0273842383e+03    |    5.0274093132e+03    |
| 0.72111 |    3.1523127721e-07    |    5.0217436713e+03    |    5.0217688961e+03    |
| 0.72222 |    3.1513523586e-07    |    5.0160729852e+03    |    5.0160983615e+03    |
| 0.72333 |    3.1503979478e-07    |    5.0103726558e+03    |    5.0103981856e+03    |
| 0.72444 |    3.1494495398e-07    |    5.0046431605e+03    |    5.0046688455e+03    |
| 0.72556 |    3.1485071345e-07    |    4.9988849780e+03    |    4.9989108202e+03    |
| 0.72667 |    3.1475707315e-07    |    4.9930985882e+03    |    4.9931245894e+03    |
| 0.72778 |    3.1466403300e-07    |    4.9872844722e+03    |    4.9873106345e+03    |
| 0.72889 |    3.1457159288e-07    |    4.9814431125e+03    |    4.9814694377e+03    |
| 0.73000 |    3.1447975266e-07    |    4.9755749923e+03    |    4.9756014825e+03    |
| 0.73111 |    3.1438851215e-07    |    4.9696805961e+03    |    4.9697072534e+03    |
| 0.73222 |    3.1429787114e-07    |    4.9637604091e+03    |    4.9637872355e+03    |
| 0.73333 |    3.1420782939e-07    |    4.9578149175e+03    |    4.9578419152e+03    |
| 0.73444 |    3.1411838663e-07    |    4.9518446083e+03    |    4.9518717794e+03    |
| 0.73556 |    3.1402954256e-07    |    4.9458499690e+03    |    4.9458773157e+03    |
| 0.73667 |    3.1394129682e-07    |    4.9398314880e+03    |    4.9398590126e+03    |
| 0.73778 |    3.1385364905e-07    |    4.9337896540e+03    |    4.9338173587e+03    |
| 0.73889 |    3.1376659885e-07    |    4.9277249565e+03    |    4.9277528436e+03    |
| 0.74000 |    3.1368014579e-07    |    4.9216378850e+03    |    4.9216659569e+03    |
| 0.74111 |    3.1359428940e-07    |    4.9155289297e+03    |    4.9155571886e+03    |
| 0.74222 |    3.1350902917e-07    |    4.9093985807e+03    |    4.9094270292e+03    |
| 0.74333 |    3.1342436459e-07    |    4.9032473287e+03    |    4.9032759691e+03    |
| 0.74444 |    3.1334029509e-07    |    4.8970756640e+03    |    4.8971044990e+03    |
| 0.74556 |    3.1325682009e-07    |    4.8908840773e+03    |    4.8909131093e+03    |
| 0.74667 |    3.1317393896e-07    |    4.8846730590e+03    |    4.8847022907e+03    |
| 0.74778 |    3.1309165105e-07    |    4.8784430996e+03    |    4.8784725335e+03    |
| 0.74889 |    3.1300995568e-07    |    4.8721946891e+03    |    4.8722243279e+03    |
| 0.75000 |    3.1292885214e-07    |    4.8659283174e+03    |    4.8659581638e+03    |
| 0.75111 |    3.1284833968e-07    |    4.8596444739e+03    |    4.8596745307e+03    |
| 0.75222 |    3.1276841753e-07    |    4.8533436476e+03    |    4.8533739176e+03    |
| 0.75333 |    3.1268908489e-07    |    4.8470263270e+03    |    4.8470568130e+03    |
| 0.75444 |    3.1261034093e-07    |    4.8406929997e+03    |    4.8407237047e+03    |
| 0.75556 |    3.1253218479e-07    |    4.8343441531e+03    |    4.8343750798e+03    |
| 0.75667 |    3.1245461557e-07    |    4.8279802732e+03    |    4.8280114249e+03    |
| 0.75778 |    3.1237763237e-07    |    4.8216018457e+03    |    4.8216332252e+03    |
| 0.75889 |    3.1230123422e-07    |    4.8152093550e+03    |    4.8152409655e+03    |
| 0.76000 |    3.1222542016e-07    |    4.8088032845e+03    |    4.8088351291e+03    |
| 0.76111 |    3.1215018918e-07    |    4.8023841166e+03    |    4.8024161985e+03    |
| 0.76222 |    3.1207554024e-07    |    4.7959523324e+03    |    4.7959846548e+03    |
| 0.76333 |    3.1200147229e-07    |    4.7895084118e+03    |    4.7895409780e+03    |
| 0.76444 |    3.1192798423e-07    |    4.7830528333e+03    |    4.7830856466e+03    |
| 0.76556 |    3.1185507495e-07    |    4.7765860739e+03    |    4.7766191378e+03    |
| 0.76667 |    3.1178274331e-07    |    4.7701086092e+03    |    4.7701419271e+03    |
| 0.76778 |    3.1171098813e-07    |    4.7636209130e+03    |    4.7636544884e+03    |
| 0.76889 |    3.1163980822e-07    |    4.7571234576e+03    |    4.7571572941e+03    |
| 0.77000 |    3.1156920234e-07    |    4.7506167135e+03    |    4.7506508147e+03    |
| 0.77111 |    3.1149916926e-07    |    4.7441011492e+03    |    4.7441355188e+03    |
| 0.77222 |    3.1142970769e-07    |    4.7375772314e+03    |    4.7376118731e+03    |
| 0.77333 |    3.1136081632e-07    |    4.7310454247e+03    |    4.7310803424e+03    |
| 0.77444 |    3.1129249383e-07    |    4.7245061917e+03    |    4.7245413892e+03    |
| 0.77556 |    3.1122473886e-07    |    4.7179599927e+03    |    4.7179954739e+03    |
| 0.77667 |    3.1115755004e-07    |    4.7114072858e+03    |    4.7114430547e+03    |
| 0.77778 |    3.1109092594e-07    |    4.7048485267e+03    |    4.7048845875e+03    |
| 0.77889 |    3.1102486515e-07    |    4.6982841689e+03    |    4.6983205256e+03    |
| 0.78000 |    3.1095936621e-07    |    4.6917146631e+03    |    4.6917513199e+03    |
| 0.78111 |    3.1089442763e-07    |    4.6851404576e+03    |    4.6851774188e+03    |
| 0.78222 |    3.1083004792e-07    |    4.6785619979e+03    |    4.6785992678e+03    |
| 0.78333 |    3.1076622554e-07    |    4.6719797270e+03    |    4.6720173099e+03    |
| 0.78444 |    3.1070295893e-07    |    4.6653940848e+03    |    4.6654319853e+03    |
| 0.78556 |    3.1064024653e-07    |    4.6588055085e+03    |    4.6588437311e+03    |
| 0.78667 |    3.1057808673e-07    |    4.6522144322e+03    |    4.6522529816e+03    |
| 0.78778 |    3.1051647792e-07    |    4.6456212871e+03    |    4.6456601679e+03    |
| 0.78889 |    3.1045541843e-07    |    4.6390265012e+03    |    4.6390657183e+03    |
| 0.79000 |    3.1039490661e-07    |    4.6324304993e+03    |    4.6324700574e+03    |
| 0.79111 |    3.1033494077e-07    |    4.6258337029e+03    |    4.6258736070e+03    |
| 0.79222 |    3.1027551918e-07    |    4.6192365302e+03    |    4.6192767853e+03    |
| 0.79333 |    3.1021664012e-07    |    4.6126393960e+03    |    4.6126800072e+03    |
| 0.79444 |    3.1015830183e-07    |    4.6060427116e+03    |    4.6060836841e+03    |
| 0.79556 |    3.1010050253e-07    |    4.5994468846e+03    |    4.5994882237e+03    |
| 0.79667 |    3.1004324042e-07    |    4.5928523192e+03    |    4.5928940303e+03    |
| 0.79778 |    3.0998651367e-07    |    4.5862594158e+03    |    4.5863015042e+03    |
| 0.79889 |    3.0993032046e-07    |    4.5796685710e+03    |    4.5797110424e+03    |
| 0.80000 |    3.0987465891e-07    |    4.5730801776e+03    |    4.5731230375e+03    |
| 0.80111 |    3.0981952714e-07    |    4.5664946245e+03    |    4.5665378787e+03    |
| 0.80222 |    3.0976492325e-07    |    4.5599122966e+03    |    4.5599559509e+03    |
| 0.80333 |    3.0971084532e-07    |    4.5533335748e+03    |    4.5533776351e+03    |
| 0.80444 |    3.0965729140e-07    |    4.5467588359e+03    |    4.5468033083e+03    |
| 0.80556 |    3.0960425954e-07    |    4.5401884525e+03    |    4.5402333431e+03    |
| 0.80667 |    3.0955174775e-07    |    4.5336227931e+03    |    4.5336681082e+03    |
| 0.80778 |    3.0949975403e-07    |    4.5270622218e+03    |    4.5271079677e+03    |
| 0.80889 |    3.0944827637e-07    |    4.5205070985e+03    |    4.5205532816e+03    |
| 0.81000 |    3.0939731273e-07    |    4.5139577785e+03    |    4.5140044054e+03    |
| 0.81111 |    3.0934686106e-07    |    4.5074146129e+03    |    4.5074616902e+03    |
| 0.81222 |    3.0929691927e-07    |    4.5008779481e+03    |    4.5009254826e+03    |
| 0.81333 |    3.0924748529e-07    |    4.4943481259e+03    |    4.4943961247e+03    |
| 0.81444 |    3.0919855700e-07    |    4.4878254839e+03    |    4.4878739539e+03    |
| 0.81556 |    3.0915013228e-07    |    4.4813103545e+03    |    4.4813593029e+03    |
| 0.81667 |    3.0910220899e-07    |    4.4748030658e+03    |    4.4748524998e+03    |
| 0.81778 |    3.0905478496e-07    |    4.4683039409e+03    |    4.4683538680e+03    |
| 0.81889 |    3.0900785803e-07    |    4.4618132982e+03    |    4.4618637259e+03    |
| 0.82000 |    3.0896142600e-07    |    4.4553314513e+03    |    4.4553823874e+03    |
| 0.82111 |    3.0891548666e-07    |    4.4488587089e+03    |    4.4489101611e+03    |
| 0.82222 |    3.0887003779e-07    |    4.4423953747e+03    |    4.4424473509e+03    |
| 0.82333 |    3.0882507715e-07    |    4.4359417475e+03    |    4.4359942559e+03    |
| 0.82444 |    3.0878060248e-07    |    4.4294981210e+03    |    4.4295511699e+03    |
| 0.82556 |    3.0873661152e-07    |    4.4230647840e+03    |    4.4231183817e+03    |
| 0.82667 |    3.0869310198e-07    |    4.4166420202e+03    |    4.4166961753e+03    |
| 0.82778 |    3.0865007157e-07    |    4.4102301081e+03    |    4.4102848293e+03    |
| 0.82889 |    3.0860751795e-07    |    4.4038293210e+03    |    4.4038846172e+03    |
| 0.83000 |    3.0856543882e-07    |    4.3974399274e+03    |    4.3974958076e+03    |
| 0.83111 |    3.0852383182e-07    |    4.3910621901e+03    |    4.3911186637e+03    |
| 0.83222 |    3.0848269460e-07    |    4.3846963672e+03    |    4.3847534433e+03    |
| 0.83333 |    3.0844202479e-07    |    4.3783427111e+03    |    4.3784003995e+03    |
| 0.83444 |    3.0840182000e-07    |    4.3720014692e+03    |    4.3720597795e+03    |
| 0.83556 |    3.0836207784e-07    |    4.3656728836e+03    |    4.3657318258e+03    |
| 0.83667 |    3.0832279589e-07    |    4.3593571910e+03    |    4.3594167752e+03    |
| 0.83778 |    3.0828397175e-07    |    4.3530546228e+03    |    4.3531148594e+03    |
| 0.83889 |    3.0824560296e-07    |    4.3467654052e+03    |    4.3468263047e+03    |
| 0.84000 |    3.0820768708e-07    |    4.3404897590e+03    |    4.3405513320e+03    |
| 0.84111 |    3.0817022166e-07    |    4.3342278995e+03    |    4.3342901571e+03    |
| 0.84222 |    3.0813320422e-07    |    4.3279800369e+03    |    4.3280429901e+03    |
| 0.84333 |    3.0809663227e-07    |    4.3217463758e+03    |    4.3218100360e+03    |
| 0.84444 |    3.0806050332e-07    |    4.3155271156e+03    |    4.3155914944e+03    |
| 0.84556 |    3.0802481486e-07    |    4.3093224501e+03    |    4.3093875594e+03    |
| 0.84667 |    3.0798956439e-07    |    4.3031325681e+03    |    4.3031984200e+03    |
| 0.84778 |    3.0795474935e-07    |    4.2969576528e+03    |    4.2970242595e+03    |
| 0.84889 |    3.0792036723e-07    |    4.2907978820e+03    |    4.2908652561e+03    |
| 0.85000 |    3.0788641545e-07    |    4.2846534282e+03    |    4.2847215826e+03    |
| 0.85111 |    3.0785289148e-07    |    4.2785244586e+03    |    4.2785934064e+03    |
| 0.85222 |    3.0781979272e-07    |    4.2724111351e+03    |    4.2724808895e+03    |
| 0.85333 |    3.0778711661e-07    |    4.2663136142e+03    |    4.2663841889e+03    |
| 0.85444 |    3.0775486055e-07    |    4.2602320470e+03    |    4.2603034561e+03    |
| 0.85556 |    3.0772302194e-07    |    4.2541665795e+03    |    4.2542388371e+03    |
| 0.85667 |    3.0769159816e-07    |    4.2481173524e+03    |    4.2481904730e+03    |
| 0.85778 |    3.0766058661e-07    |    4.2420845010e+03    |    4.2421584995e+03    |
| 0.85889 |    3.0762998464e-07    |    4.2360681556e+03    |    4.2361430471e+03    |
| 0.86000 |    3.0759978963e-07    |    4.2300684410e+03    |    4.2301442411e+03    |
| 0.86111 |    3.0756999892e-07    |    4.2240854772e+03    |    4.2241622016e+03    |
| 0.86222 |    3.0754060986e-07    |    4.2181193788e+03    |    4.2181970436e+03    |
| 0.86333 |    3.0751161978e-07    |    4.2121702552e+03    |    4.2122488771e+03    |
| 0.86444 |    3.0748302602e-07    |    4.2062382110e+03    |    4.2063178069e+03    |
| 0.86556 |    3.0745482589e-07    |    4.2003233457e+03    |    4.2004039328e+03    |
| 0.86667 |    3.0742701671e-07    |    4.1944257536e+03    |    4.1945073496e+03    |
| 0.86778 |    3.0739959577e-07    |    4.1885455241e+03    |    4.1886281472e+03    |
| 0.86889 |    3.0737256038e-07    |    4.1826827419e+03    |    4.1827664104e+03    |
| 0.87000 |    3.0734590782e-07    |    4.1768374865e+03    |    4.1769222195e+03    |
| 0.87111 |    3.0731963538e-07    |    4.1710098328e+03    |    4.1710956495e+03    |
| 0.87222 |    3.0729374032e-07    |    4.1651998508e+03    |    4.1652867710e+03    |
| 0.87333 |    3.0726821992e-07    |    4.1594076057e+03    |    4.1594956498e+03    |
| 0.87444 |    3.0724307144e-07    |    4.1536331582e+03    |    4.1537223468e+03    |
| 0.87556 |    3.0721829213e-07    |    4.1478765641e+03    |    4.1479669185e+03    |
| 0.87667 |    3.0719387924e-07    |    4.1421378748e+03    |    4.1422294168e+03    |
| 0.87778 |    3.0716983000e-07    |    4.1364171371e+03    |    4.1365098890e+03    |
| 0.87889 |    3.0714614167e-07    |    4.1307143935e+03    |    4.1308083780e+03    |
| 0.88000 |    3.0712281145e-07    |    4.1250296817e+03    |    4.1251249223e+03    |
| 0.88111 |    3.0709983659e-07    |    4.1193630353e+03    |    4.1194595559e+03    |
| 0.88222 |    3.0707721429e-07    |    4.1137144837e+03    |    4.1138123089e+03    |
| 0.88333 |    3.0705494177e-07    |    4.1080840518e+03    |    4.1081832068e+03    |
| 0.88444 |    3.0703301623e-07    |    4.1024717605e+03    |    4.1025722710e+03    |
| 0.88556 |    3.0701143488e-07    |    4.0968776266e+03    |    4.0969795191e+03    |
| 0.88667 |    3.0699019492e-07    |    4.0913016627e+03    |    4.0914049645e+03    |
| 0.88778 |    3.0696929353e-07    |    4.0857438777e+03    |    4.0858486164e+03    |
| 0.88889 |    3.0694872790e-07    |    4.0802042762e+03    |    4.0803104806e+03    |
| 0.89000 |    3.0692849521e-07    |    4.0746828595e+03    |    4.0747905587e+03    |
| 0.89111 |    3.0690859265e-07    |    4.0691796246e+03    |    4.0692888488e+03    |
| 0.89222 |    3.0688901738e-07    |    4.0636945651e+03    |    4.0638053452e+03    |
| 0.89333 |    3.0686976658e-07    |    4.0582276710e+03    |    4.0583400386e+03    |
| 0.89444 |    3.0685083741e-07    |    4.0527789286e+03    |    4.0528929164e+03    |
| 0.89556 |    3.0683222703e-07    |    4.0473483208e+03    |    4.0474639622e+03    |
| 0.89667 |    3.0681393261e-07    |    4.0419358272e+03    |    4.0420531566e+03    |
| 0.89778 |    3.0679595130e-07    |    4.0365414239e+03    |    4.0366604765e+03    |
| 0.89889 |    3.0677828024e-07    |    4.0311650839e+03    |    4.0312858961e+03    |
| 0.90000 |    3.0676091660e-07    |    4.0258067769e+03    |    4.0259293859e+03    |
| 0.90111 |    3.0674385751e-07    |    4.0204664696e+03    |    4.0205909138e+03    |
| 0.90222 |    3.0672710011e-07    |    4.0151441256e+03    |    4.0152704445e+03    |
| 0.90333 |    3.0671064155e-07    |    4.0098397056e+03    |    4.0099679399e+03    |
| 0.90444 |    3.0669447897e-07    |    4.0045531676e+03    |    4.0046833588e+03    |
| 0.90556 |    3.0667860950e-07    |    3.9992844665e+03    |    3.9994166577e+03    |
| 0.90667 |    3.0666303028e-07    |    3.9940335546e+03    |    3.9941677900e+03    |
| 0.90778 |    3.0664773843e-07    |    3.9888003817e+03    |    3.9889367069e+03    |
| 0.90889 |    3.0663273108e-07    |    3.9835848949e+03    |    3.9837233568e+03    |
| 0.91000 |    3.0661800538e-07    |    3.9783870390e+03    |    3.9785276858e+03    |
| 0.91111 |    3.0660355843e-07    |    3.9732067560e+03    |    3.9733496375e+03    |
| 0.91222 |    3.0658938736e-07    |    3.9680439861e+03    |    3.9681891536e+03    |
| 0.91333 |    3.0657548931e-07    |    3.9628986667e+03    |    3.9630461731e+03    |
| 0.91444 |    3.0656186139e-07    |    3.9577707336e+03    |    3.9579206333e+03    |
| 0.91556 |    3.0654850073e-07    |    3.9526601199e+03    |    3.9528124692e+03    |
| 0.91667 |    3.0653540445e-07    |    3.9475667571e+03    |    3.9477216139e+03    |
| 0.91778 |    3.0652256967e-07    |    3.9424905745e+03    |    3.9426479988e+03    |
| 0.91889 |    3.0650999351e-07    |    3.9374314997e+03    |    3.9375915531e+03    |
| 0.92000 |    3.0649767310e-07    |    3.9323894583e+03    |    3.9325522046e+03    |
| 0.92111 |    3.0648560555e-07    |    3.9273643742e+03    |    3.9275298792e+03    |
| 0.92222 |    3.0647378799e-07    |    3.9223561698e+03    |    3.9225245014e+03    |
| 0.92333 |    3.0646221755e-07    |    3.9173647655e+03    |    3.9175359941e+03    |
| 0.92444 |    3.0645089134e-07    |    3.9123900806e+03    |    3.9125642786e+03    |
| 0.92556 |    3.0643980648e-07    |    3.9074320325e+03    |    3.9076092751e+03    |
| 0.92667 |    3.0642896012e-07    |    3.9024905375e+03    |    3.9026709021e+03    |
| 0.92778 |    3.0641834937e-07    |    3.8975655103e+03    |    3.8977490773e+03    |
| 0.92889 |    3.0640797136e-07    |    3.8926568644e+03    |    3.8928437168e+03    |
| 0.93000 |    3.0639782322e-07    |    3.8877645121e+03    |    3.8879547359e+03    |
| 0.93111 |    3.0638790209e-07    |    3.8828883645e+03    |    3.8830820486e+03    |
| 0.93222 |    3.0637820511e-07    |    3.8780283315e+03    |    3.8782255680e+03    |
| 0.93333 |    3.0636872940e-07    |    3.8731843219e+03    |    3.8733852063e+03    |
| 0.93444 |    3.0635947211e-07    |    3.8683562436e+03    |    3.8685608747e+03    |
| 0.93556 |    3.0635043038e-07    |    3.8635440033e+03    |    3.8637524838e+03    |
| 0.93667 |    3.0634160137e-07    |    3.8587475071e+03    |    3.8589599432e+03    |
| 0.93778 |    3.0633298221e-07    |    3.8539666599e+03    |    3.8541831619e+03    |
| 0.93889 |    3.0632457007e-07    |    3.8492013659e+03    |    3.8494220482e+03    |
| 0.94000 |    3.0631636210e-07    |    3.8444515285e+03    |    3.8446765099e+03    |
| 0.94111 |    3.0630835545e-07    |    3.8397170502e+03    |    3.8399464541e+03    |
| 0.94222 |    3.0630054731e-07    |    3.8349978329e+03    |    3.8352317874e+03    |
| 0.94333 |    3.0629293484e-07    |    3.8302937779e+03    |    3.8305324160e+03    |
| 0.94444 |    3.0628551521e-07    |    3.8256047856e+03    |    3.8258482457e+03    |
| 0.94556 |    3.0627828561e-07    |    3.8209307560e+03    |    3.8211791819e+03    |
| 0.94667 |    3.0627124321e-07    |    3.8162715881e+03    |    3.8165251296e+03    |
| 0.94778 |    3.0626438522e-07    |    3.8116271807e+03    |    3.8118859936e+03    |
| 0.94889 |    3.0625770883e-07    |    3.8069974320e+03    |    3.8072616785e+03    |
| 0.95000 |    3.0625121125e-07    |    3.8023822393e+03    |    3.8026520884e+03    |
| 0.95111 |    3.0624488968e-07    |    3.7977814999e+03    |    3.7980571276e+03    |
| 0.95222 |    3.0623874135e-07    |    3.7931951101e+03    |    3.7934767000e+03    |
| 0.95333 |    3.0623276347e-07    |    3.7886229660e+03    |    3.7889107094e+03    |
| 0.95444 |    3.0622695328e-07    |    3.7840649630e+03    |    3.7843590596e+03    |
| 0.95556 |    3.0622130802e-07    |    3.7795209961e+03    |    3.7798216544e+03    |
| 0.95667 |    3.0621582493e-07    |    3.7749909598e+03    |    3.7752983975e+03    |
| 0.95778 |    3.0621050128e-07    |    3.7704747479e+03    |    3.7707891925e+03    |
| 0.95889 |    3.0620533432e-07    |    3.7659722539e+03    |    3.7662939432e+03    |
| 0.96000 |    3.0620032134e-07    |    3.7614833708e+03    |    3.7618125535e+03    |
| 0.96111 |    3.0619545960e-07    |    3.7570079908e+03    |    3.7573449271e+03    |
| 0.96222 |    3.0619074641e-07    |    3.7525460057e+03    |    3.7528909681e+03    |
| 0.96333 |    3.0618617906e-07    |    3.7480973067e+03    |    3.7484505806e+03    |
| 0.96444 |    3.0618175487e-07    |    3.7436617843e+03    |    3.7440236690e+03    |
| 0.96556 |    3.0617747117e-07    |    3.7392393284e+03    |    3.7396101375e+03    |
| 0.96667 |    3.0617332527e-07    |    3.7348298282e+03    |    3.7352098909e+03    |
| 0.96778 |    3.0616931454e-07    |    3.7304331721e+03    |    3.7308228339e+03    |
| 0.96889 |    3.0616543632e-07    |    3.7260492477e+03    |    3.7264488717e+03    |
| 0.97000 |    3.0616168798e-07    |    3.7216779418e+03    |    3.7220879096e+03    |
| 0.97111 |    3.0615806691e-07    |    3.7173191400e+03    |    3.7177398531e+03    |
| 0.97222 |    3.0615457050e-07    |    3.7129727272e+03    |    3.7134046080e+03    |
| 0.97333 |    3.0615119615e-07    |    3.7086385871e+03    |    3.7090820806e+03    |
| 0.97444 |    3.0614794128e-07    |    3.7043166021e+03    |    3.7047721772e+03    |
| 0.97556 |    3.0614480334e-07    |    3.7000066532e+03    |    3.7004748046e+03    |
| 0.97667 |    3.0614177975e-07    |    3.6957086203e+03    |    3.6961898699e+03    |
| 0.97778 |    3.0613886800e-07    |    3.6914223814e+03    |    3.6919172805e+03    |
| 0.97889 |    3.0613606555e-07    |    3.6871478129e+03    |    3.6876569443e+03    |
| 0.98000 |    3.0613336990e-07    |    3.6828847893e+03    |    3.6834087694e+03    |
| 0.98111 |    3.0613077855e-07    |    3.6786331828e+03    |    3.6791726645e+03    |
| 0.98222 |    3.0612828904e-07    |    3.6743928638e+03    |    3.6749485384e+03    |
| 0.98333 |    3.0612589890e-07    |    3.6701636998e+03    |    3.6707363006e+03    |
| 0.98444 |    3.0612360569e-07    |    3.6659455556e+03    |    3.6665358609e+03    |
| 0.98556 |    3.0612140699e-07    |    3.6617382931e+03    |    3.6623471296e+03    |
| 0.98667 |    3.0611930039e-07    |    3.6575417705e+03    |    3.6581700174e+03    |
| 0.98778 |    3.0611728350e-07    |    3.6533558424e+03    |    3.6540044353e+03    |
| 0.98889 |    3.0611535396e-07    |    3.6491803592e+03    |    3.6498502953e+03    |
| 0.99000 |    3.0611350941e-07    |    3.6450151669e+03    |    3.6457075092e+03    |
| 0.99111 |    3.0611174753e-07    |    3.6408601063e+03    |    3.6415759899e+03    |
| 0.99222 |    3.0611006600e-07    |    3.6367150124e+03    |    3.6374556504e+03    |
| 0.99333 |    3.0610846254e-07    |    3.6325797144e+03    |    3.6333464046e+03    |
| 0.99444 |    3.0610693488e-07    |    3.6284540339e+03    |    3.6292481665e+03    |
| 0.99556 |    3.0610548077e-07    |    3.6243377851e+03    |    3.6251608511e+03    |
| 0.99667 |    3.0610409798e-07    |    3.6202307732e+03    |    3.6210843737e+03    |
| 0.99778 |    3.0610278433e-07    |    3.6161327936e+03    |    3.6170186503e+03    |
| 0.99889 |    3.0610153762e-07    |    3.6120436311e+03    |    3.6129635974e+03    |
| 1.00000 |    3.0610035570e-07    |    3.6046221720e+03    |    3.6089191321e+03    |
--------------------------------------------------------------------------------------