Число узлов n = 901
--------------------------------------------------------------------------------------
|    x    |          u(z)          |          f(z)          |     f(z) integral      |
--------------------------------------------------------------------------------------
| 0.00000 |    3.9205057357e-07    |    0.0000000000e+00    |    0.0000000000e+00    |
| 0.00111 |    3.9205026831e-07    |    1.3281293158e-09    |    1.2972394500e+01    |
| 0.00222 |    3.9205057357e-07    |    3.5427696115e+00    |    2.5944787173e+01    |
| 0.00333 |    3.9204998588e-07    |    2.2172938937e+01    |    3.8917182742e+01    |
| 0.00444 |    3.9204880593e-07    |    3.6492431692e+01    |    5.1889587399e+01    |
| 0.00556 |    3.9204707668e-07    |    5.0093490286e+01    |    6.4862005983e+01    |
| 0.00667 |    3.9204481245e-07    |    6.3433313346e+01    |    7.7834443176e+01    |
| 0.00778 |    3.9204201975e-07    |    7.6647556487e+01    |    9.0806903590e+01    |
| 0.00889 |    3.9203870207e-07    |    8.9791489535e+01    |    1.0377939178e+02    |
| 0.01000 |    3.9203486153e-07    |    1.0289201084e+02    |    1.1675191227e+02    |
| 0.01111 |    3.9203049947e-07    |    1.1596382396e+02    |    1.2972446951e+02    |
| 0.01222 |    3.9202561683e-07    |    1.2901565948e+02    |    1.4269706790e+02    |
| 0.01333 |    3.9202021428e-07    |    1.4205303424e+02    |    1.5566971180e+02    |
| 0.01444 |    3.9201429230e-07    |    1.5507960822e+02    |    1.6864240548e+02    |
| 0.01556 |    3.9200785126e-07    |    1.6809790662e+02    |    1.8161515317e+02    |
| 0.01667 |    3.9200089145e-07    |    1.8110972893e+02    |    1.9458795901e+02    |
| 0.01778 |    3.9199341310e-07    |    1.9411639278e+02    |    2.0756082705e+02    |
| 0.01889 |    3.9198541640e-07    |    2.0711888550e+02    |    2.2053376129e+02    |
| 0.02000 |    3.9197690149e-07    |    2.2011796187e+02    |    2.3350676562e+02    |
| 0.02111 |    3.9196786850e-07    |    2.3311420904e+02    |    2.4647984382e+02    |
| 0.02222 |    3.9195831752e-07    |    2.4610809081e+02    |    2.5945299961e+02    |
| 0.02333 |    3.9194824865e-07    |    2.5909997858e+02    |    2.7242623656e+02    |
| 0.02444 |    3.9193766196e-07    |    2.7209017340e+02    |    2.8539955817e+02    |
| 0.02556 |    3.9192655751e-07    |    2.8507892201e+02    |    2.9837296781e+02    |
| 0.02667 |    3.9191493535e-07    |    2.9806642863e+02    |    3.1134646870e+02    |
| 0.02778 |    3.9190279553e-07    |    3.1105286381e+02    |    3.2432006398e+02    |
| 0.02889 |    3.9189013810e-07    |    3.2403837119e+02    |    3.3729375662e+02    |
| 0.03000 |    3.9187696308e-07    |    3.3702307264e+02    |    3.5026754948e+02    |
| 0.03111 |    3.9186327051e-07    |    3.5000707224e+02    |    3.6324144525e+02    |
| 0.03222 |    3.9184906041e-07    |    3.6299045947e+02    |    3.7621544649e+02    |
| 0.03333 |    3.9183433281e-07    |    3.7597331172e+02    |    3.8918955560e+02    |
| 0.03444 |    3.9181908772e-07    |    3.8895569622e+02    |    4.0216377482e+02    |
| 0.03556 |    3.9180332517e-07    |    4.0193767171e+02    |    4.1513810623e+02    |
| 0.03667 |    3.9178704518e-07    |    4.1491928969e+02    |    4.2811255172e+02    |
| 0.03778 |    3.9177024775e-07    |    4.2790059554e+02    |    4.4108711302e+02    |
| 0.03889 |    3.9175293290e-07    |    4.4088162933e+02    |    4.5406179169e+02    |
| 0.04000 |    3.9173510064e-07    |    4.5386242662e+02    |    4.6703658906e+02    |
| 0.04111 |    3.9171675099e-07    |    4.6684301900e+02    |    4.8001150632e+02    |
| 0.04222 |    3.9169788394e-07    |    4.7982343461e+02    |    4.9298654443e+02    |
| 0.04333 |    3.9167849952e-07    |    4.9280369860e+02    |    5.0596170413e+02    |
| 0.04444 |    3.9165859772e-07    |    5.0578383342e+02    |    5.1893698600e+02    |
| 0.04556 |    3.9163817856e-07    |    5.1876385918e+02    |    5.3191239037e+02    |
| 0.04667 |    3.9161724204e-07    |    5.3174379389e+02    |    5.4488791734e+02    |
| 0.04778 |    3.9159578817e-07    |    5.4472365367e+02    |    5.5786356682e+02    |
| 0.04889 |    3.9157381695e-07    |    5.5770345295e+02    |    5.7083933846e+02    |
| 0.05000 |    3.9155132839e-07    |    5.7068320462e+02    |    5.8381523168e+02    |
| 0.05111 |    3.9152832249e-07    |    5.8366292019e+02    |    5.9679124566e+02    |
| 0.05222 |    3.9150479926e-07    |    5.9664260988e+02    |    6.0976737933e+02    |
| 0.05333 |    3.9148075870e-07    |    6.0962228277e+02    |    6.2274363137e+02    |
| 0.05444 |    3.9145620081e-07    |    6.2260194683e+02    |    6.3572000020e+02    |
| 0.05556 |    3.9143112561e-07    |    6.3558160906e+02    |    6.4869648397e+02    |
| 0.05667 |    3.9140553309e-07    |    6.4856127551e+02    |    6.6167308056e+02    |
| 0.05778 |    3.9137942327e-07    |    6.6154095138e+02    |    6.7464978758e+02    |
| 0.05889 |    3.9135279614e-07    |    6.7452064105e+02    |    6.8762660235e+02    |
| 0.06000 |    3.9132565171e-07    |    6.8750034812e+02    |    7.0060352193e+02    |
| 0.06111 |    3.9129798998e-07    |    7.0048007546e+02    |    7.1358054304e+02    |
| 0.06222 |    3.9126981096e-07    |    7.1345982526e+02    |    7.2655766215e+02    |
| 0.06333 |    3.9124111466e-07    |    7.2643959903e+02    |    7.3953487539e+02    |
| 0.06444 |    3.9121190108e-07    |    7.3941939766e+02    |    7.5251217861e+02    |
| 0.06556 |    3.9118217022e-07    |    7.5239922140e+02    |    7.6548956733e+02    |
| 0.06667 |    3.9115192210e-07    |    7.6537906993e+02    |    7.7846703675e+02    |
| 0.06778 |    3.9112115672e-07    |    7.7835894235e+02    |    7.9144458175e+02    |
| 0.06889 |    3.9108987409e-07    |    7.9133883719e+02    |    8.0442219687e+02    |
| 0.07000 |    3.9105807421e-07    |    8.0431875247e+02    |    8.1739987633e+02    |
| 0.07111 |    3.9102575710e-07    |    8.1729868563e+02    |    8.3037761400e+02    |
| 0.07222 |    3.9099292276e-07    |    8.3027863362e+02    |    8.4335540339e+02    |
| 0.07333 |    3.9095957120e-07    |    8.4325859286e+02    |    8.5633323768e+02    |
| 0.07444 |    3.9092570244e-07    |    8.5623855927e+02    |    8.6931110967e+02    |
| 0.07556 |    3.9089131648e-07    |    8.6921852827e+02    |    8.8228901182e+02    |
| 0.07667 |    3.9085641333e-07    |    8.8219849477e+02    |    8.9526693619e+02    |
| 0.07778 |    3.9082099301e-07    |    8.9517845321e+02    |    9.0824487449e+02    |
| 0.07889 |    3.9078505553e-07    |    9.0815839754e+02    |    9.2122281805e+02    |
| 0.08000 |    3.9074860091e-07    |    9.2113832121e+02    |    9.3420075780e+02    |
| 0.08111 |    3.9071162916e-07    |    9.3411821721e+02    |    9.4717868427e+02    |
| 0.08222 |    3.9067414029e-07    |    9.4709807802e+02    |    9.6015658763e+02    |
| 0.08333 |    3.9063613432e-07    |    9.6007789566e+02    |    9.7313445761e+02    |
| 0.08444 |    3.9059761126e-07    |    9.7305766168e+02    |    9.8611228356e+02    |
| 0.08556 |    3.9055857115e-07    |    9.8603736712e+02    |    9.9909005439e+02    |
| 0.08667 |    3.9051901399e-07    |    9.9901700256e+02    |    1.0120677586e+03    |
| 0.08778 |    3.9047893981e-07    |    1.0119965581e+03    |    1.0250453843e+03    |
| 0.08889 |    3.9043834862e-07    |    1.0249760233e+03    |    1.0380229191e+03    |
| 0.09000 |    3.9039724046e-07    |    1.0379553874e+03    |    1.0510003503e+03    |
| 0.09111 |    3.9035561534e-07    |    1.0509346390e+03    |    1.0639776645e+03    |
| 0.09222 |    3.9031347329e-07    |    1.0639137662e+03    |    1.0769548483e+03    |
| 0.09333 |    3.9027081434e-07    |    1.0768927566e+03    |    1.0899318873e+03    |
| 0.09444 |    3.9022763851e-07    |    1.0898715976e+03    |    1.1029087671e+03    |
| 0.09556 |    3.9018394583e-07    |    1.1028502757e+03    |    1.1158854725e+03    |
| 0.09667 |    3.9013973634e-07    |    1.1158287770e+03    |    1.1288619882e+03    |
| 0.09778 |    3.9009501006e-07    |    1.1288070874e+03    |    1.1418382980e+03    |
| 0.09889 |    3.9004976702e-07    |    1.1417851920e+03    |    1.1548143856e+03    |
| 0.10000 |    3.9000400727e-07    |    1.1547630753e+03    |    1.1677902340e+03    |
| 0.10111 |    3.8995773084e-07    |    1.1677407216e+03    |    1.1807658257e+03    |
| 0.10222 |    3.8991093776e-07    |    1.1807181145e+03    |    1.1937411428e+03    |
| 0.10333 |    3.8986362808e-07    |    1.1936952371e+03    |    1.2067161669e+03    |
| 0.10444 |    3.8981580183e-07    |    1.2066720720e+03    |    1.2196908790e+03    |
| 0.10556 |    3.8976745906e-07    |    1.2196486012e+03    |    1.2326652598e+03    |
| 0.10667 |    3.8971859981e-07    |    1.2326248063e+03    |    1.2456392891e+03    |
| 0.10778 |    3.8966922413e-07    |    1.2456006683e+03    |    1.2586129466e+03    |
| 0.10889 |    3.8961933207e-07    |    1.2585761677e+03    |    1.2715862111e+03    |
| 0.11000 |    3.8956892368e-07    |    1.2715512842e+03    |    1.2845590612e+03    |
| 0.11111 |    3.8951799900e-07    |    1.2845259973e+03    |    1.2975314748e+03    |
| 0.11222 |    3.8946655809e-07    |    1.2975002859e+03    |    1.3105034292e+03    |
| 0.11333 |    3.8941460101e-07    |    1.3104741281e+03    |    1.3234749012e+03    |
| 0.11444 |    3.8936212781e-07    |    1.3234475016e+03    |    1.3364458671e+03    |
| 0.11556 |    3.8930913856e-07    |    1.3364203836e+03    |    1.3494163025e+03    |
| 0.11667 |    3.8925563331e-07    |    1.3493927506e+03    |    1.3623861827e+03    |
| 0.11778 |    3.8920161213e-07    |    1.3623645785e+03    |    1.3753554822e+03    |
| 0.11889 |    3.8914707509e-07    |    1.3753358429e+03    |    1.3883241749e+03    |
| 0.12000 |    3.8909202225e-07    |    1.3883065184e+03    |    1.4012922342e+03    |
| 0.12111 |    3.8903645368e-07    |    1.4012765793e+03    |    1.4142596331e+03    |
| 0.12222 |    3.8898036946e-07    |    1.4142459992e+03    |    1.4272263436e+03    |
| 0.12333 |    3.8892376967e-07    |    1.4272147511e+03    |    1.4401923374e+03    |
| 0.12444 |    3.8886665438e-07    |    1.4401828074e+03    |    1.4531575856e+03    |
| 0.12556 |    3.8880902366e-07    |    1.4531501400e+03    |    1.4661220585e+03    |
| 0.12667 |    3.8875087761e-07    |    1.4661167201e+03    |    1.4790857260e+03    |
| 0.12778 |    3.8869221632e-07    |    1.4790825182e+03    |    1.4920485571e+03    |
| 0.12889 |    3.8863303986e-07    |    1.4920475042e+03    |    1.5050105206e+03    |
| 0.13000 |    3.8857334832e-07    |    1.5050116475e+03    |    1.5179715842e+03    |
| 0.13111 |    3.8851314181e-07    |    1.5179749168e+03    |    1.5309317153e+03    |
| 0.13222 |    3.8845242042e-07    |    1.5309372801e+03    |    1.5438908805e+03    |
| 0.13333 |    3.8839118425e-07    |    1.5438987048e+03    |    1.5568490459e+03    |
| 0.13444 |    3.8832943340e-07    |    1.5568591577e+03    |    1.5698061767e+03    |
| 0.13556 |    3.8826716797e-07    |    1.5698186049e+03    |    1.5827622377e+03    |
| 0.13667 |    3.8820438808e-07    |    1.5827770117e+03    |    1.5957171928e+03    |
| 0.13778 |    3.8814109383e-07    |    1.5957343431e+03    |    1.6086710056e+03    |
| 0.13889 |    3.8807728534e-07    |    1.6086905630e+03    |    1.6216236386e+03    |
| 0.14000 |    3.8801296272e-07    |    1.6216456350e+03    |    1.6345750538e+03    |
| 0.14111 |    3.8794812611e-07    |    1.6345995217e+03    |    1.6475252127e+03    |
| 0.14222 |    3.8788277561e-07    |    1.6475521853e+03    |    1.6604740758e+03    |
| 0.14333 |    3.8781691137e-07    |    1.6605035872e+03    |    1.6734216030e+03    |
| 0.14444 |    3.8775053350e-07    |    1.6734536879e+03    |    1.6863677538e+03    |
| 0.14556 |    3.8768364215e-07    |    1.6864024476e+03    |    1.6993124865e+03    |
| 0.14667 |    3.8761623745e-07    |    1.6993498255e+03    |    1.7122557590e+03    |
| 0.14778 |    3.8754831954e-07    |    1.7122957802e+03    |    1.7251975286e+03    |
| 0.14889 |    3.8747988858e-07    |    1.7252402695e+03    |    1.7381377514e+03    |
| 0.15000 |    3.8741094469e-07    |    1.7381832506e+03    |    1.7510763834e+03    |
| 0.15111 |    3.8734148805e-07    |    1.7511246800e+03    |    1.7640133794e+03    |
| 0.15222 |    3.8727151880e-07    |    1.7640645132e+03    |    1.7769486935e+03    |
| 0.15333 |    3.8720103710e-07    |    1.7770027053e+03    |    1.7898822795e+03    |
| 0.15444 |    3.8713004313e-07    |    1.7899392105e+03    |    1.8028140898e+03    |
| 0.15556 |    3.8705853704e-07    |    1.8028739823e+03    |    1.8157440766e+03    |
| 0.15667 |    3.8698651900e-07    |    1.8158069734e+03    |    1.8286721912e+03    |
| 0.15778 |    3.8691398921e-07    |    1.8287381357e+03    |    1.8415983838e+03    |
| 0.15889 |    3.8684094782e-07    |    1.8416674206e+03    |    1.8545226044e+03    |
| 0.16000 |    3.8676739504e-07    |    1.8545947784e+03    |    1.8674448017e+03    |
| 0.16111 |    3.8669333104e-07    |    1.8675201588e+03    |    1.8803649241e+03    |
| 0.16222 |    3.8661875603e-07    |    1.8804435109e+03    |    1.8932829188e+03    |
| 0.16333 |    3.8654367019e-07    |    1.8933647826e+03    |    1.9061987325e+03    |
| 0.16444 |    3.8646807373e-07    |    1.9062839214e+03    |    1.9191123110e+03    |
| 0.16556 |    3.8639196686e-07    |    1.9192008738e+03    |    1.9320235994e+03    |
| 0.16667 |    3.8631534978e-07    |    1.9321155856e+03    |    1.9449325418e+03    |
| 0.16778 |    3.8623822272e-07    |    1.9450280018e+03    |    1.9578390817e+03    |
| 0.16889 |    3.8616058589e-07    |    1.9579380666e+03    |    1.9707431616e+03    |
| 0.17000 |    3.8608243951e-07    |    1.9708457233e+03    |    1.9836447235e+03    |
| 0.17111 |    3.8600378383e-07    |    1.9837509145e+03    |    1.9965437082e+03    |
| 0.17222 |    3.8592461907e-07    |    1.9966535820e+03    |    2.0094400560e+03    |
| 0.17333 |    3.8584494547e-07    |    2.0095536666e+03    |    2.0223337062e+03    |
| 0.17444 |    3.8576476327e-07    |    2.0224511086e+03    |    2.0352245973e+03    |
| 0.17556 |    3.8568407274e-07    |    2.0353458470e+03    |    2.0481126668e+03    |
| 0.17667 |    3.8560287412e-07    |    2.0482378205e+03    |    2.0609978518e+03    |
| 0.17778 |    3.8552116767e-07    |    2.0611269666e+03    |    2.0738800881e+03    |
| 0.17889 |    3.8543895366e-07    |    2.0740132220e+03    |    2.0867593109e+03    |
| 0.18000 |    3.8535623235e-07    |    2.0868965227e+03    |    2.0996354544e+03    |
| 0.18111 |    3.8527300404e-07    |    2.0997768037e+03    |    2.1125084521e+03    |
| 0.18222 |    3.8518926899e-07    |    2.1126539992e+03    |    2.1253782365e+03    |
| 0.18333 |    3.8510502750e-07    |    2.1255280425e+03    |    2.1382447393e+03    |
| 0.18444 |    3.8502027986e-07    |    2.1383988662e+03    |    2.1511078913e+03    |
| 0.18556 |    3.8493502637e-07    |    2.1512664017e+03    |    2.1639676225e+03    |
| 0.18667 |    3.8484926733e-07    |    2.1641305799e+03    |    2.1768238618e+03    |
| 0.18778 |    3.8476300305e-07    |    2.1769913306e+03    |    2.1896765374e+03    |
| 0.18889 |    3.8467623386e-07    |    2.1898485827e+03    |    2.2025255767e+03    |
| 0.19000 |    3.8458896006e-07    |    2.2027022644e+03    |    2.2153709059e+03    |
| 0.19111 |    3.8450118200e-07    |    2.2155523027e+03    |    2.2282124506e+03    |
| 0.19222 |    3.8441290001e-07    |    2.2283986240e+03    |    2.2410501353e+03    |
| 0.19333 |    3.8432411442e-07    |    2.2412411537e+03    |    2.2538838837e+03    |
| 0.19444 |    3.8423482559e-07    |    2.2540798162e+03    |    2.2667136185e+03    |
| 0.19556 |    3.8414503386e-07    |    2.2669145351e+03    |    2.2795392617e+03    |
| 0.19667 |    3.8405473960e-07    |    2.2797452331e+03    |    2.2923607340e+03    |
| 0.19778 |    3.8396394318e-07    |    2.2925718319e+03    |    2.3051779554e+03    |
| 0.19889 |    3.8387264497e-07    |    2.3053942522e+03    |    2.3179908452e+03    |
| 0.20000 |    3.8378084534e-07    |    2.3182124141e+03    |    2.3307993212e+03    |
| 0.20111 |    3.8368854469e-07    |    2.3310262364e+03    |    2.3436033008e+03    |
| 0.20222 |    3.8359574341e-07    |    2.3438356372e+03    |    2.3564027003e+03    |
| 0.20333 |    3.8350244189e-07    |    2.3566405335e+03    |    2.3691974348e+03    |
| 0.20444 |    3.8340864055e-07    |    2.3694408416e+03    |    2.3819874187e+03    |
| 0.20556 |    3.8331433980e-07    |    2.3822364765e+03    |    2.3947725656e+03    |
| 0.20667 |    3.8321954006e-07    |    2.3950273526e+03    |    2.4075527877e+03    |
| 0.20778 |    3.8312424175e-07    |    2.4078133831e+03    |    2.4203279966e+03    |
| 0.20889 |    3.8302844532e-07    |    2.4205944804e+03    |    2.4330981028e+03    |
| 0.21000 |    3.8293215121e-07    |    2.4333705559e+03    |    2.4458630158e+03    |
| 0.21111 |    3.8283535987e-07    |    2.4461415199e+03    |    2.4586226443e+03    |
| 0.21222 |    3.8273807175e-07    |    2.4589072819e+03    |    2.4713768958e+03    |
| 0.21333 |    3.8264028732e-07    |    2.4716677503e+03    |    2.4841256769e+03    |
| 0.21444 |    3.8254200706e-07    |    2.4844228327e+03    |    2.4968688934e+03    |
| 0.21556 |    3.8244323144e-07    |    2.4971724356e+03    |    2.5096064498e+03    |
| 0.21667 |    3.8234396095e-07    |    2.5099164644e+03    |    2.5223382498e+03    |
| 0.21778 |    3.8224419609e-07    |    2.5226548238e+03    |    2.5350641961e+03    |
| 0.21889 |    3.8214393737e-07    |    2.5353874173e+03    |    2.5477841904e+03    |
| 0.22000 |    3.8204318529e-07    |    2.5481141474e+03    |    2.5604981333e+03    |
| 0.22111 |    3.8194194037e-07    |    2.5608349157e+03    |    2.5732059246e+03    |
| 0.22222 |    3.8184020315e-07    |    2.5735496228e+03    |    2.5859074628e+03    |
| 0.22333 |    3.8173797416e-07    |    2.5862581682e+03    |    2.5986026457e+03    |
| 0.22444 |    3.8163525395e-07    |    2.5989604504e+03    |    2.6112913699e+03    |
| 0.22556 |    3.8153204306e-07    |    2.6116563671e+03    |    2.6239735310e+03    |
| 0.22667 |    3.8142834207e-07    |    2.6243458147e+03    |    2.6366490236e+03    |
| 0.22778 |    3.8132415153e-07    |    2.6370286888e+03    |    2.6493177413e+03    |
| 0.22889 |    3.8121947204e-07    |    2.6497048838e+03    |    2.6619795767e+03    |
| 0.23000 |    3.8111430418e-07    |    2.6623742932e+03    |    2.6746344213e+03    |
| 0.23111 |    3.8100864854e-07    |    2.6750368095e+03    |    2.6872821657e+03    |
| 0.23222 |    3.8090250572e-07    |    2.6876923241e+03    |    2.6999226992e+03    |
| 0.23333 |    3.8079587636e-07    |    2.7003407273e+03    |    2.7125559103e+03    |
| 0.23444 |    3.8068876106e-07    |    2.7129819086e+03    |    2.7251816865e+03    |
| 0.23556 |    3.8058116046e-07    |    2.7256157561e+03    |    2.7377999140e+03    |
| 0.23667 |    3.8047307520e-07    |    2.7382421573e+03    |    2.7504104782e+03    |
| 0.23778 |    3.8036450593e-07    |    2.7508609984e+03    |    2.7630132633e+03    |
| 0.23889 |    3.8025545331e-07    |    2.7634721645e+03    |    2.7756081526e+03    |
| 0.24000 |    3.8014591802e-07    |    2.7760755397e+03    |    2.7881950282e+03    |
| 0.24111 |    3.8003590073e-07    |    2.7886710073e+03    |    2.8007737713e+03    |
| 0.24222 |    3.7992540213e-07    |    2.8012584492e+03    |    2.8133442618e+03    |
| 0.24333 |    3.7981442291e-07    |    2.8138377464e+03    |    2.8259063788e+03    |
| 0.24444 |    3.7970296379e-07    |    2.8264087788e+03    |    2.8384600001e+03    |
| 0.24556 |    3.7959102548e-07    |    2.8389714254e+03    |    2.8510050028e+03    |
| 0.24667 |    3.7947860872e-07    |    2.8515255640e+03    |    2.8635412625e+03    |
| 0.24778 |    3.7936571423e-07    |    2.8640710713e+03    |    2.8760686540e+03    |
| 0.24889 |    3.7925234277e-07    |    2.8766078229e+03    |    2.8885870510e+03    |
| 0.25000 |    3.7913849510e-07    |    2.8891356936e+03    |    2.9010963261e+03    |
| 0.25111 |    3.7902417198e-07    |    2.9016545569e+03    |    2.9135963508e+03    |
| 0.25222 |    3.7890937418e-07    |    2.9141642853e+03    |    2.9260869956e+03    |
| 0.25333 |    3.7879410251e-07    |    2.9266647501e+03    |    2.9385681297e+03    |
| 0.25444 |    3.7867835776e-07    |    2.9391558218e+03    |    2.9510396216e+03    |
| 0.25556 |    3.7856214073e-07    |    2.9516373696e+03    |    2.9635013385e+03    |
| 0.25667 |    3.7844545226e-07    |    2.9641092617e+03    |    2.9759531464e+03    |
| 0.25778 |    3.7832829316e-07    |    2.9765713651e+03    |    2.9883949105e+03    |
| 0.25889 |    3.7821066429e-07    |    2.9890235461e+03    |    3.0008264947e+03    |
| 0.26000 |    3.7809256649e-07    |    3.0014656694e+03    |    3.0132477619e+03    |
| 0.26111 |    3.7797400063e-07    |    3.0138975989e+03    |    3.0256585739e+03    |
| 0.26222 |    3.7785496758e-07    |    3.0263191975e+03    |    3.0380587915e+03    |
| 0.26333 |    3.7773546823e-07    |    3.0387303269e+03    |    3.0504482742e+03    |
| 0.26444 |    3.7761550348e-07    |    3.0511308476e+03    |    3.0628268806e+03    |
| 0.26556 |    3.7749507423e-07    |    3.0635206192e+03    |    3.0751944682e+03    |
| 0.26667 |    3.7737418140e-07    |    3.0758995002e+03    |    3.0875508932e+03    |
| 0.26778 |    3.7725282592e-07    |    3.0882673479e+03    |    3.0998960111e+03    |
| 0.26889 |    3.7713100874e-07    |    3.1006240186e+03    |    3.1122296760e+03    |
| 0.27000 |    3.7700873081e-07    |    3.1129693674e+03    |    3.1245517409e+03    |
| 0.27111 |    3.7688599309e-07    |    3.1253032485e+03    |    3.1368620578e+03    |
| 0.27222 |    3.7676279657e-07    |    3.1376255148e+03    |    3.1491604778e+03    |
| 0.27333 |    3.7663914223e-07    |    3.1499360182e+03    |    3.1614468505e+03    |
| 0.27444 |    3.7651503107e-07    |    3.1622346097e+03    |    3.1737210247e+03    |
| 0.27556 |    3.7639046410e-07    |    3.1745211388e+03    |    3.1859828480e+03    |
| 0.27667 |    3.7626544236e-07    |    3.1867954543e+03    |    3.1982321670e+03    |
| 0.27778 |    3.7613996687e-07    |    3.1990574036e+03    |    3.2104688270e+03    |
| 0.27889 |    3.7601403869e-07    |    3.2113068333e+03    |    3.2226926725e+03    |
| 0.28000 |    3.7588765887e-07    |    3.2235435887e+03    |    3.2349035467e+03    |
| 0.28111 |    3.7576082850e-07    |    3.2357675141e+03    |    3.2471012918e+03    |
| 0.28222 |    3.7563354865e-07    |    3.2479784526e+03    |    3.2592857487e+03    |
| 0.28333 |    3.7550582043e-07    |    3.2601762463e+03    |    3.2714567576e+03    |
| 0.28444 |    3.7537764494e-07    |    3.2723607363e+03    |    3.2836141572e+03    |
| 0.28556 |    3.7524902332e-07    |    3.2845317624e+03    |    3.2957577855e+03    |
| 0.28667 |    3.7511995669e-07    |    3.2966891636e+03    |    3.3078874790e+03    |
| 0.28778 |    3.7499044621e-07    |    3.3088327774e+03    |    3.3200030734e+03    |
| 0.28889 |    3.7486049304e-07    |    3.3209624406e+03    |    3.3321044033e+03    |
| 0.29000 |    3.7473009836e-07    |    3.3330779887e+03    |    3.3441913021e+03    |
| 0.29111 |    3.7459926334e-07    |    3.3451792562e+03    |    3.3562636021e+03    |
| 0.29222 |    3.7446798920e-07    |    3.3572660765e+03    |    3.3683211347e+03    |
| 0.29333 |    3.7433627715e-07    |    3.3693382819e+03    |    3.3803637300e+03    |
| 0.29444 |    3.7420412841e-07    |    3.3813957037e+03    |    3.3923912171e+03    |
| 0.29556 |    3.7407154423e-07    |    3.3934381719e+03    |    3.4044034241e+03    |
| 0.29667 |    3.7393852586e-07    |    3.4054655158e+03    |    3.4164001779e+03    |
| 0.29778 |    3.7380507457e-07    |    3.4174775632e+03    |    3.4283813045e+03    |
| 0.29889 |    3.7367119165e-07    |    3.4294741410e+03    |    3.4403466286e+03    |
| 0.30000 |    3.7353687837e-07    |    3.4414550753e+03    |    3.4522959739e+03    |
| 0.30111 |    3.7340213606e-07    |    3.4534201906e+03    |    3.4642291632e+03    |
| 0.30222 |    3.7326696604e-07    |    3.4653693108e+03    |    3.4761460181e+03    |
| 0.30333 |    3.7313136964e-07    |    3.4773022584e+03    |    3.4880463589e+03    |
| 0.30444 |    3.7299534821e-07    |    3.4892188551e+03    |    3.4999300054e+03    |
| 0.30556 |    3.7285890311e-07    |    3.5011189214e+03    |    3.5117967758e+03    |
| 0.30667 |    3.7272203573e-07    |    3.5130022768e+03    |    3.5236464875e+03    |
| 0.30778 |    3.7258474746e-07    |    3.5248687395e+03    |    3.5354789568e+03    |
| 0.30889 |    3.7244703970e-07    |    3.5367181271e+03    |    3.5472939990e+03    |
| 0.31000 |    3.7230891387e-07    |    3.5485502558e+03    |    3.5590914283e+03    |
| 0.31111 |    3.7217037141e-07    |    3.5603649408e+03    |    3.5708710578e+03    |
| 0.31222 |    3.7203141377e-07    |    3.5721619964e+03    |    3.5826326996e+03    |
| 0.31333 |    3.7189204240e-07    |    3.5839412357e+03    |    3.5943761649e+03    |
| 0.31444 |    3.7175225880e-07    |    3.5957024709e+03    |    3.6061012636e+03    |
| 0.31556 |    3.7161206444e-07    |    3.6074455131e+03    |    3.6178078049e+03    |
| 0.31667 |    3.7147146085e-07    |    3.6191701722e+03    |    3.6294955966e+03    |
| 0.31778 |    3.7133044953e-07    |    3.6308762574e+03    |    3.6411644457e+03    |
| 0.31889 |    3.7118903202e-07    |    3.6425635767e+03    |    3.6528141582e+03    |
| 0.32000 |    3.7104720989e-07    |    3.6542319371e+03    |    3.6644445389e+03    |
| 0.32111 |    3.7090498468e-07    |    3.6658811445e+03    |    3.6760553919e+03    |
| 0.32222 |    3.7076235799e-07    |    3.6775110039e+03    |    3.6876465200e+03    |
| 0.32333 |    3.7061933141e-07    |    3.6891213192e+03    |    3.6992177252e+03    |
| 0.32444 |    3.7047590655e-07    |    3.7007118936e+03    |    3.7107688082e+03    |
| 0.32556 |    3.7033208504e-07    |    3.7122825288e+03    |    3.7222995692e+03    |
| 0.32667 |    3.7018786852e-07    |    3.7238330259e+03    |    3.7338098069e+03    |
| 0.32778 |    3.7004325863e-07    |    3.7353631848e+03    |    3.7452993193e+03    |
| 0.32889 |    3.6989825707e-07    |    3.7468728046e+03    |    3.7567679034e+03    |
| 0.33000 |    3.6975286551e-07    |    3.7583616833e+03    |    3.7682153552e+03    |
| 0.33111 |    3.6960708565e-07    |    3.7698296178e+03    |    3.7796414697e+03    |
| 0.33222 |    3.6946091922e-07    |    3.7812764044e+03    |    3.7910460410e+03    |
| 0.33333 |    3.6931436794e-07    |    3.7927018381e+03    |    3.8024288622e+03    |
| 0.33444 |    3.6916743357e-07    |    3.8041057131e+03    |    3.8137897255e+03    |
| 0.33556 |    3.6902011786e-07    |    3.8154878226e+03    |    3.8251284220e+03    |
| 0.33667 |    3.6887242261e-07    |    3.8268479589e+03    |    3.8364447421e+03    |
| 0.33778 |    3.6872434960e-07    |    3.8381859132e+03    |    3.8477384751e+03    |
| 0.33889 |    3.6857590064e-07    |    3.8495014761e+03    |    3.8590094095e+03    |
| 0.34000 |    3.6842707757e-07    |    3.8607944370e+03    |    3.8702573327e+03    |
| 0.34111 |    3.6827788223e-07    |    3.8720645843e+03    |    3.8814820314e+03    |
| 0.34222 |    3.6812831646e-07    |    3.8833117059e+03    |    3.8926832911e+03    |
| 0.34333 |    3.6797838216e-07    |    3.8945355883e+03    |    3.9038608969e+03    |
| 0.34444 |    3.6782808121e-07    |    3.9057360176e+03    |    3.9150146324e+03    |
| 0.34556 |    3.6767741551e-07    |    3.9169127785e+03    |    3.9261442808e+03    |
| 0.34667 |    3.6752638699e-07    |    3.9280656552e+03    |    3.9372496242e+03    |
| 0.34778 |    3.6737499759e-07    |    3.9391944308e+03    |    3.9483304439e+03    |
| 0.34889 |    3.6722324926e-07    |    3.9502988877e+03    |    3.9593865203e+03    |
| 0.35000 |    3.6707114397e-07    |    3.9613788073e+03    |    3.9704176330e+03    |
| 0.35111 |    3.6691868371e-07    |    3.9724339703e+03    |    3.9814235606e+03    |
| 0.35222 |    3.6676587049e-07    |    3.9834641564e+03    |    3.9924040811e+03    |
| 0.35333 |    3.6661270631e-07    |    3.9944691444e+03    |    4.0033589715e+03    |
| 0.35444 |    3.6645919323e-07    |    4.0054487126e+03    |    4.0142880081e+03    |
| 0.35556 |    3.6630533329e-07    |    4.0164026381e+03    |    4.0251909663e+03    |
| 0.35667 |    3.6615112855e-07    |    4.0273306974e+03    |    4.0360676207e+03    |
| 0.35778 |    3.6599658111e-07    |    4.0382326662e+03    |    4.0469177451e+03    |
| 0.35889 |    3.6584169306e-07    |    4.0491083194e+03    |    4.0577411126e+03    |
| 0.36000 |    3.6568646653e-07    |    4.0599574309e+03    |    4.0685374955e+03    |
| 0.36111 |    3.6553090364e-07    |    4.0707797742e+03    |    4.0793066653e+03    |
| 0.36222 |    3.6537500655e-07    |    4.0815751217e+03    |    4.0900483927e+03    |
| 0.36333 |    3.6521877742e-07    |    4.0923432452e+03    |    4.1007624478e+03    |
| 0.36444 |    3.6506221845e-07    |    4.1030839157e+03    |    4.1114485997e+03    |
| 0.36556 |    3.6490533182e-07    |    4.1137969036e+03    |    4.1221066171e+03    |
| 0.36667 |    3.6474811976e-07    |    4.1244819784e+03    |    4.1327362678e+03    |
| 0.36778 |    3.6459058449e-07    |    4.1351389088e+03    |    4.1433373190e+03    |
| 0.36889 |    3.6443272828e-07    |    4.1457674632e+03    |    4.1539095370e+03    |
| 0.37000 |    3.6427455338e-07    |    4.1563674088e+03    |    4.1644526876e+03    |
| 0.37111 |    3.6411606208e-07    |    4.1669385126e+03    |    4.1749665359e+03    |
| 0.37222 |    3.6395725668e-07    |    4.1774805404e+03    |    4.1854508463e+03    |
| 0.37333 |    3.6379813949e-07    |    4.1879932578e+03    |    4.1959053825e+03    |
| 0.37444 |    3.6363871286e-07    |    4.1984764295e+03    |    4.2063299078e+03    |
| 0.37556 |    3.6347897912e-07    |    4.2089298197e+03    |    4.2167241846e+03    |
| 0.37667 |    3.6331894065e-07    |    4.2193531918e+03    |    4.2270879747e+03    |
| 0.37778 |    3.6315859983e-07    |    4.2297463087e+03    |    4.2374210395e+03    |
| 0.37889 |    3.6299795907e-07    |    4.2401089327e+03    |    4.2477231397e+03    |
| 0.38000 |    3.6283702077e-07    |    4.2504408254e+03    |    4.2579940354e+03    |
| 0.38111 |    3.6267578737e-07    |    4.2607417479e+03    |    4.2682334861e+03    |
| 0.38222 |    3.6251426132e-07    |    4.2710114608e+03    |    4.2784412508e+03    |
| 0.38333 |    3.6235244509e-07    |    4.2812497241e+03    |    4.2886170879e+03    |
| 0.38444 |    3.6219034117e-07    |    4.2914562970e+03    |    4.2987607555e+03    |
| 0.38556 |    3.6202795205e-07    |    4.3016309387e+03    |    4.3088720109e+03    |
| 0.38667 |    3.6186528025e-07    |    4.3117734073e+03    |    4.3189506109e+03    |
| 0.38778 |    3.6170232830e-07    |    4.3218834608e+03    |    4.3289963121e+03    |
| 0.38889 |    3.6153909877e-07    |    4.3319608565e+03    |    4.3390088704e+03    |
| 0.39000 |    3.6137559421e-07    |    4.3420053514e+03    |    4.3489880412e+03    |
| 0.39111 |    3.6121181720e-07    |    4.3520167019e+03    |    4.3589335796e+03    |
| 0.39222 |    3.6104777036e-07    |    4.3619946639e+03    |    4.3688452402e+03    |
| 0.39333 |    3.6088345630e-07    |    4.3719389931e+03    |    4.3787227772e+03    |
| 0.39444 |    3.6071887764e-07    |    4.3818494444e+03    |    4.3885659444e+03    |
| 0.39556 |    3.6055403705e-07    |    4.3917257728e+03    |    4.3983744952e+03    |
| 0.39667 |    3.6038893719e-07    |    4.4015677324e+03    |    4.4081481825e+03    |
| 0.39778 |    3.6022358075e-07    |    4.4113750773e+03    |    4.4178867592e+03    |
| 0.39889 |    3.6005797042e-07    |    4.4211475609e+03    |    4.4275899773e+03    |
| 0.40000 |    3.5989210893e-07    |    4.4308849366e+03    |    4.4372575891e+03    |
| 0.40111 |    3.5972599900e-07    |    4.4405869573e+03    |    4.4468893462e+03    |
| 0.40222 |    3.5955964339e-07    |    4.4502533756e+03    |    4.4564849998e+03    |
| 0.40333 |    3.5939304486e-07    |    4.4598839437e+03    |    4.4660443012e+03    |
| 0.40444 |    3.5922620621e-07    |    4.4694784136e+03    |    4.4755670012e+03    |
| 0.40556 |    3.5905913022e-07    |    4.4790365371e+03    |    4.4850528504e+03    |
| 0.40667 |    3.5889181971e-07    |    4.4885580657e+03    |    4.4945015992e+03    |
| 0.40778 |    3.5872427752e-07    |    4.4980427506e+03    |    4.5039129976e+03    |
| 0.40889 |    3.5855650650e-07    |    4.5074903429e+03    |    4.5132867957e+03    |
| 0.41000 |    3.5838850951e-07    |    4.5169005934e+03    |    4.5226227431e+03    |
| 0.41111 |    3.5822028943e-07    |    4.5262732526e+03    |    4.5319205896e+03    |
| 0.41222 |    3.5805184916e-07    |    4.5356080712e+03    |    4.5411800846e+03    |
| 0.41333 |    3.5788319161e-07    |    4.5449047994e+03    |    4.5504009774e+03    |
| 0.41444 |    3.5771431972e-07    |    4.5541631874e+03    |    4.5595830172e+03    |
| 0.41556 |    3.5754523642e-07    |    4.5633829853e+03    |    4.5687259531e+03    |
| 0.41667 |    3.5737594469e-07    |    4.5725639430e+03    |    4.5778295343e+03    |
| 0.41778 |    3.5720644749e-07    |    4.5817058106e+03    |    4.5868935097e+03    |
| 0.41889 |    3.5703674782e-07    |    4.5908083377e+03    |    4.5959176283e+03    |
| 0.42000 |    3.5686684870e-07    |    4.5998712742e+03    |    4.6049016390e+03    |
| 0.42111 |    3.5669675314e-07    |    4.6088943699e+03    |    4.6138452908e+03    |
| 0.42222 |    3.5652646420e-07    |    4.6178773746e+03    |    4.6227483326e+03    |
| 0.42333 |    3.5635598491e-07    |    4.6268200379e+03    |    4.6316105134e+03    |
| 0.42444 |    3.5618531836e-07    |    4.6357221098e+03    |    4.6404315824e+03    |
| 0.42556 |    3.5601446764e-07    |    4.6445833401e+03    |    4.6492112885e+03    |
| 0.42667 |    3.5584343584e-07    |    4.6534034787e+03    |    4.6579493812e+03    |
| 0.42778 |    3.5567222609e-07    |    4.6621822757e+03    |    4.6666456096e+03    |
| 0.42889 |    3.5550084152e-07    |    4.6709194813e+03    |    4.6752997234e+03    |
| 0.43000 |    3.5532928527e-07    |    4.6796148456e+03    |    4.6839114721e+03    |
| 0.43111 |    3.5515756052e-07    |    4.6882681191e+03    |    4.6924806056e+03    |
| 0.43222 |    3.5498567044e-07    |    4.6968790525e+03    |    4.7010068739e+03    |
| 0.43333 |    3.5481361823e-07    |    4.7054473964e+03    |    4.7094900273e+03    |
| 0.43444 |    3.5464140709e-07    |    4.7139729020e+03    |    4.7179298162e+03    |
| 0.43556 |    3.5446904026e-07    |    4.7224553205e+03    |    4.7263259915e+03    |
| 0.43667 |    3.5429652096e-07    |    4.7308944033e+03    |    4.7346783040e+03    |
| 0.43778 |    3.5412385245e-07    |    4.7392899022e+03    |    4.7429865052e+03    |
| 0.43889 |    3.5395103800e-07    |    4.7476415693e+03    |    4.7512503468e+03    |
| 0.44000 |    3.5377808090e-07    |    4.7559491571e+03    |    4.7594695807e+03    |
| 0.44111 |    3.5360498444e-07    |    4.7642124182e+03    |    4.7676439594e+03    |
| 0.44222 |    3.5343175192e-07    |    4.7724311058e+03    |    4.7757732355e+03    |
| 0.44333 |    3.5325838668e-07    |    4.7806049733e+03    |    4.7838571624e+03    |
| 0.44444 |    3.5308489206e-07    |    4.7887337746e+03    |    4.7918954936e+03    |
| 0.44556 |    3.5291127140e-07    |    4.7968172641e+03    |    4.7998879832e+03    |
| 0.44667 |    3.5273752808e-07    |    4.8048551966e+03    |    4.8078343858e+03    |
| 0.44778 |    3.5256366548e-07    |    4.8128473273e+03    |    4.8157344566e+03    |
| 0.44889 |    3.5238968698e-07    |    4.8207934120e+03    |    4.8235879510e+03    |
| 0.45000 |    3.5221559601e-07    |    4.8286932070e+03    |    4.8313946253e+03    |
| 0.45111 |    3.5204139598e-07    |    4.8365464691e+03    |    4.8391542362e+03    |
| 0.45222 |    3.5186709032e-07    |    4.8443529557e+03    |    4.8468665411e+03    |
| 0.45333 |    3.5169268249e-07    |    4.8521124248e+03    |    4.8545312979e+03    |
| 0.45444 |    3.5151817594e-07    |    4.8598246350e+03    |    4.8621482653e+03    |
| 0.45556 |    3.5134357415e-07    |    4.8674893457e+03    |    4.8697172025e+03    |
| 0.45667 |    3.5116888061e-07    |    4.8751063167e+03    |    4.8772378696e+03    |
| 0.45778 |    3.5099409882e-07    |    4.8826753086e+03    |    4.8847100272e+03    |
| 0.45889 |    3.5081923228e-07    |    4.8901960828e+03    |    4.8921334368e+03    |
| 0.46000 |    3.5064428452e-07    |    4.8976684013e+03    |    4.8995078606e+03    |
| 0.46111 |    3.5046925908e-07    |    4.9050920270e+03    |    4.9068330618e+03    |
| 0.46222 |    3.5029415951e-07    |    4.9124667236e+03    |    4.9141088040e+03    |
| 0.46333 |    3.5011898938e-07    |    4.9197922554e+03    |    4.9213348520e+03    |
| 0.46444 |    3.4994375224e-07    |    4.9270683877e+03    |    4.9285109714e+03    |
| 0.46556 |    3.4976845169e-07    |    4.9342948867e+03    |    4.9356369287e+03    |
| 0.46667 |    3.4959309132e-07    |    4.9414715194e+03    |    4.9427124911e+03    |
| 0.46778 |    3.4941767475e-07    |    4.9485980539e+03    |    4.9497374272e+03    |
| 0.46889 |    3.4924220558e-07    |    4.9556742589e+03    |    4.9567115061e+03    |
| 0.47000 |    3.4906668745e-07    |    4.9626999043e+03    |    4.9636344983e+03    |
| 0.47111 |    3.4889112401e-07    |    4.9696747611e+03    |    4.9705061750e+03    |
| 0.47222 |    3.4871551890e-07    |    4.9765986010e+03    |    4.9773263086e+03    |
| 0.47333 |    3.4853987578e-07    |    4.9834711971e+03    |    4.9840946727e+03    |
| 0.47444 |    3.4836419833e-07    |    4.9902923233e+03    |    4.9908110418e+03    |
| 0.47556 |    3.4818849024e-07    |    4.9970617548e+03    |    4.9974751916e+03    |
| 0.47667 |    3.4801275519e-07    |    5.0037792677e+03    |    5.0040868991e+03    |
| 0.47778 |    3.4783699689e-07    |    5.0104446394e+03    |    5.0106459422e+03    |
| 0.47889 |    3.4766121905e-07    |    5.0170576486e+03    |    5.0171521003e+03    |
| 0.48000 |    3.4748542540e-07    |    5.0236180750e+03    |    5.0236051540e+03    |
| 0.48111 |    3.4730961967e-07    |    5.0301256997e+03    |    5.0300048850e+03    |
| 0.48222 |    3.4713380559e-07    |    5.0365803048e+03    |    5.0363510764e+03    |
| 0.48333 |    3.4695798693e-07    |    5.0429816740e+03    |    5.0426435126e+03    |
| 0.48444 |    3.4678216744e-07    |    5.0493295921e+03    |    5.0488819795e+03    |
| 0.48556 |    3.4660635089e-07    |    5.0556238454e+03    |    5.0550662641e+03    |
| 0.48667 |    3.4643054106e-07    |    5.0618642215e+03    |    5.0611961551e+03    |
| 0.48778 |    3.4625474174e-07    |    5.0680505094e+03    |    5.0672714425e+03    |
| 0.48889 |    3.4607895671e-07    |    5.0741824996e+03    |    5.0732919177e+03    |
| 0.49000 |    3.4590318978e-07    |    5.0802599838e+03    |    5.0792573736e+03    |
| 0.49111 |    3.4572744476e-07    |    5.0862827557e+03    |    5.0851676049e+03    |
| 0.49222 |    3.4555172546e-07    |    5.0922506099e+03    |    5.0910224075e+03    |
| 0.49333 |    3.4537603572e-07    |    5.0981633430e+03    |    5.0968215791e+03    |
| 0.49444 |    3.4520037937e-07    |    5.1040207530e+03    |    5.1025649188e+03    |
| 0.49556 |    3.4502476023e-07    |    5.1098226395e+03    |    5.1082522275e+03    |
| 0.49667 |    3.4484918217e-07    |    5.1155688038e+03    |    5.1138833078e+03    |
| 0.49778 |    3.4467364903e-07    |    5.1212590487e+03    |    5.1194579639e+03    |
| 0.49889 |    3.4449816467e-07    |    5.1268931789e+03    |    5.1249760016e+03    |
| 0.50000 |    3.4432273295e-07    |    5.1324710006e+03    |    5.1304372288e+03    |
| 0.50111 |    3.4414735775e-07    |    5.1379923220e+03    |    5.1358414549e+03    |
| 0.50222 |    3.4397204295e-07    |    5.1434569528e+03    |    5.1411884912e+03    |
| 0.50333 |    3.4379679243e-07    |    5.1488647047e+03    |    5.1464781508e+03    |
| 0.50444 |    3.4362161007e-07    |    5.1542153911e+03    |    5.1517102486e+03    |
| 0.50556 |    3.4344649976e-07    |    5.1595088274e+03    |    5.1568846017e+03    |
| 0.50667 |    3.4327146542e-07    |    5.1647448308e+03    |    5.1620010287e+03    |
| 0.50778 |    3.4309651093e-07    |    5.1699232204e+03    |    5.1670593506e+03    |
| 0.50889 |    3.4292164021e-07    |    5.1750438173e+03    |    5.1720593900e+03    |
| 0.51000 |    3.4274685716e-07    |    5.1801064446e+03    |    5.1770009717e+03    |
| 0.51111 |    3.4257216571e-07    |    5.1851109274e+03    |    5.1818839226e+03    |
| 0.51222 |    3.4239756976e-07    |    5.1900570928e+03    |    5.1867080715e+03    |
| 0.51333 |    3.4222307325e-07    |    5.1949447699e+03    |    5.1914732494e+03    |
| 0.51444 |    3.4204868010e-07    |    5.1997737902e+03    |    5.1961792896e+03    |
| 0.51556 |    3.4187439424e-07    |    5.2045439869e+03    |    5.2008260272e+03    |
| 0.51667 |    3.4170021960e-07    |    5.2092551956e+03    |    5.2054132998e+03    |
| 0.51778 |    3.4152616011e-07    |    5.2139072541e+03    |    5.2099409471e+03    |
| 0.51889 |    3.4135221971e-07    |    5.2185000025e+03    |    5.2144088110e+03    |
| 0.52000 |    3.4117840233e-07    |    5.2230332828e+03    |    5.2188167358e+03    |
| 0.52111 |    3.4100471193e-07    |    5.2275069396e+03    |    5.2231645681e+03    |
| 0.52222 |    3.4083115244e-07    |    5.2319208198e+03    |    5.2274521568e+03    |
| 0.52333 |    3.4065772780e-07    |    5.2362747724e+03    |    5.2316793531e+03    |
| 0.52444 |    3.4048444196e-07    |    5.2405686489e+03    |    5.2358460107e+03    |
| 0.52556 |    3.4031129886e-07    |    5.2448023033e+03    |    5.2399519857e+03    |
| 0.52667 |    3.4013830245e-07    |    5.2489755919e+03    |    5.2439971367e+03    |
| 0.52778 |    3.3996545668e-07    |    5.2530883734e+03    |    5.2479813247e+03    |
| 0.52889 |    3.3979276549e-07    |    5.2571405092e+03    |    5.2519044132e+03    |
| 0.53000 |    3.3962023282e-07    |    5.2611318630e+03    |    5.2557662685e+03    |
| 0.53111 |    3.3944786263e-07    |    5.2650623011e+03    |    5.2595667592e+03    |
| 0.53222 |    3.3927565885e-07    |    5.2689316925e+03    |    5.2633057566e+03    |
| 0.53333 |    3.3910362543e-07    |    5.2727399086e+03    |    5.2669831346e+03    |
| 0.53444 |    3.3893176632e-07    |    5.2764868235e+03    |    5.2705987699e+03    |
| 0.53556 |    3.3876008544e-07    |    5.2801723141e+03    |    5.2741525417e+03    |
| 0.53667 |    3.3858858675e-07    |    5.2837962598e+03    |    5.2776443320e+03    |
| 0.53778 |    3.3841727418e-07    |    5.2873585429e+03    |    5.2810740257e+03    |
| 0.53889 |    3.3824615166e-07    |    5.2908590482e+03    |    5.2844415102e+03    |
| 0.54000 |    3.3807522313e-07    |    5.2942976636e+03    |    5.2877466761e+03    |
| 0.54111 |    3.3790449251e-07    |    5.2976742796e+03    |    5.2909894163e+03    |
| 0.54222 |    3.3773396373e-07    |    5.3009887894e+03    |    5.2941696271e+03    |
| 0.54333 |    3.3756364071e-07    |    5.3042410895e+03    |    5.2972872074e+03    |
| 0.54444 |    3.3739352738e-07    |    5.3074310788e+03    |    5.3003420590e+03    |
| 0.54556 |    3.3722362763e-07    |    5.3105586596e+03    |    5.3033340869e+03    |
| 0.54667 |    3.3705394540e-07    |    5.3136237366e+03    |    5.3062631989e+03    |
| 0.54778 |    3.3688448457e-07    |    5.3166262181e+03    |    5.3091293057e+03    |
| 0.54889 |    3.3671524906e-07    |    5.3195660149e+03    |    5.3119323213e+03    |
| 0.55000 |    3.3654624275e-07    |    5.3224430410e+03    |    5.3146721627e+03    |
| 0.55111 |    3.3637746954e-07    |    5.3252572137e+03    |    5.3173487498e+03    |
| 0.55222 |    3.3620893331e-07    |    5.3280084530e+03    |    5.3199620057e+03    |
| 0.55333 |    3.3604063795e-07    |    5.3306966823e+03    |    5.3225118569e+03    |
| 0.55444 |    3.3587258732e-07    |    5.3333218279e+03    |    5.3249982328e+03    |
| 0.55556 |    3.3570478528e-07    |    5.3358838197e+03    |    5.3274210661e+03    |
| 0.55667 |    3.3553723570e-07    |    5.3383825903e+03    |    5.3297802926e+03    |
| 0.55778 |    3.3536994244e-07    |    5.3408180758e+03    |    5.3320758516e+03    |
| 0.55889 |    3.3520290932e-07    |    5.3431902156e+03    |    5.3343076855e+03    |
| 0.56000 |    3.3503614019e-07    |    5.3454989523e+03    |    5.3364757401e+03    |
| 0.56111 |    3.3486963889e-07    |    5.3477442317e+03    |    5.3385799644e+03    |
| 0.56222 |    3.3470340922e-07    |    5.3499260031e+03    |    5.3406203109e+03    |
| 0.56333 |    3.3453745499e-07    |    5.3520442192e+03    |    5.3425967355e+03    |
| 0.56444 |    3.3437178003e-07    |    5.3540988358e+03    |    5.3445091974e+03    |
| 0.56556 |    3.3420638810e-07    |    5.3560898124e+03    |    5.3463576593e+03    |
| 0.56667 |    3.3404128301e-07    |    5.3580171120e+03    |    5.3481420874e+03    |
| 0.56778 |    3.3387646851e-07    |    5.3598807007e+03    |    5.3498624513e+03    |
| 0.56889 |    3.3371194839e-07    |    5.3616805483e+03    |    5.3515187241e+03    |
| 0.57000 |    3.3354772638e-07    |    5.3634166283e+03    |    5.3531108827e+03    |
| 0.57111 |    3.3338380624e-07    |    5.3650889175e+03    |    5.3546389071e+03    |
| 0.57222 |    3.3322019169e-07    |    5.3666973962e+03    |    5.3561027813e+03    |
| 0.57333 |    3.3305688646e-07    |    5.3682420486e+03    |    5.3575024927e+03    |
| 0.57444 |    3.3289389426e-07    |    5.3697228621e+03    |    5.3588380325e+03    |
| 0.57556 |    3.3273121877e-07    |    5.3711398282e+03    |    5.3601093952e+03    |
| 0.57667 |    3.3256886369e-07    |    5.3724929416e+03    |    5.3613165794e+03    |
| 0.57778 |    3.3240683269e-07    |    5.3737822011e+03    |    5.3624595872e+03    |
| 0.57889 |    3.3224512943e-07    |    5.3750076089e+03    |    5.3635384243e+03    |
| 0.58000 |    3.3208375755e-07    |    5.3761691710e+03    |    5.3645531005e+03    |
| 0.58111 |    3.3192272069e-07    |    5.3772668972e+03    |    5.3655036289e+03    |
| 0.58222 |    3.3176202247e-07    |    5.3783008011e+03    |    5.3663900269e+03    |
| 0.58333 |    3.3160166650e-07    |    5.3792709001e+03    |    5.3672123152e+03    |
| 0.58444 |    3.3144165636e-07    |    5.3801772152e+03    |    5.3679705186e+03    |
| 0.58556 |    3.3128199563e-07    |    5.3810197715e+03    |    5.3686646659e+03    |
| 0.58667 |    3.3112268787e-07    |    5.3817985979e+03    |    5.3692947894e+03    |
| 0.58778 |    3.3096373664e-07    |    5.3825137270e+03    |    5.3698609256e+03    |
| 0.58889 |    3.3080514545e-07    |    5.3831651955e+03    |    5.3703631146e+03    |
| 0.59000 |    3.3064691784e-07    |    5.3837530440e+03    |    5.3708014008e+03    |
| 0.59111 |    3.3048905729e-07    |    5.3842773168e+03    |    5.3711758322e+03    |
| 0.59222 |    3.3033156730e-07    |    5.3847380625e+03    |    5.3714864610e+03    |
| 0.59333 |    3.3017445132e-07    |    5.3851353334e+03    |    5.3717333432e+03    |
| 0.59444 |    3.3001771280e-07    |    5.3854691858e+03    |    5.3719165390e+03    |
| 0.59556 |    3.2986135519e-07    |    5.3857396803e+03    |    5.3720361124e+03    |
| 0.59667 |    3.2970538190e-07    |    5.3859468812e+03    |    5.3720921315e+03    |
| 0.59778 |    3.2954979631e-07    |    5.3860908569e+03    |    5.3720846686e+03    |
| 0.59889 |    3.2939460182e-07    |    5.3861716800e+03    |    5.3720137998e+03    |
| 0.60000 |    3.2923980178e-07    |    5.3861894271e+03    |    5.3718796054e+03    |
| 0.60111 |    3.2908539954e-07    |    5.3861441788e+03    |    5.3716821699e+03    |
| 0.60222 |    3.2893139842e-07    |    5.3860360198e+03    |    5.3714215817e+03    |
| 0.60333 |    3.2877780172e-07    |    5.3858650392e+03    |    5.3710979334e+03    |
| 0.60444 |    3.2862461272e-07    |    5.3856313299e+03    |    5.3707113219e+03    |
| 0.60556 |    3.2847183470e-07    |    5.3853349890e+03    |    5.3702618479e+03    |
| 0.60667 |    3.2831947090e-07    |    5.3849761179e+03    |    5.3697496165e+03    |
| 0.60778 |    3.2816752454e-07    |    5.3845548222e+03    |    5.3691747369e+03    |
| 0.60889 |    3.2801599882e-07    |    5.3840712113e+03    |    5.3685373225e+03    |
| 0.61000 |    3.2786489694e-07    |    5.3835253994e+03    |    5.3678374910e+03    |
| 0.61111 |    3.2771422205e-07    |    5.3829175043e+03    |    5.3670753639e+03    |
| 0.61222 |    3.2756397728e-07    |    5.3822476484e+03    |    5.3662510674e+03    |
| 0.61333 |    3.2741416577e-07    |    5.3815159583e+03    |    5.3653647316e+03    |
| 0.61444 |    3.2726479061e-07    |    5.3807225646e+03    |    5.3644164909e+03    |
| 0.61556 |    3.2711585487e-07    |    5.3798676024e+03    |    5.3634064841e+03    |
| 0.61667 |    3.2696736160e-07    |    5.3789512110e+03    |    5.3623348539e+03    |
| 0.61778 |    3.2681931384e-07    |    5.3779735338e+03    |    5.3612017476e+03    |
| 0.61889 |    3.2667171458e-07    |    5.3769347185e+03    |    5.3600073165e+03    |
| 0.62000 |    3.2652456682e-07    |    5.3758349174e+03    |    5.3587517163e+03    |
| 0.62111 |    3.2637787351e-07    |    5.3746742867e+03    |    5.3574351069e+03    |
| 0.62222 |    3.2623163759e-07    |    5.3734529870e+03    |    5.3560576525e+03    |
| 0.62333 |    3.2608586197e-07    |    5.3721711832e+03    |    5.3546195215e+03    |
| 0.62444 |    3.2594054954e-07    |    5.3708290446e+03    |    5.3531208868e+03    |
| 0.62556 |    3.2579570315e-07    |    5.3694267447e+03    |    5.3515619253e+03    |
| 0.62667 |    3.2565132565e-07    |    5.3679644613e+03    |    5.3499428183e+03    |
| 0.62778 |    3.2550741985e-07    |    5.3664423765e+03    |    5.3482637514e+03    |
| 0.62889 |    3.2536398854e-07    |    5.3648606768e+03    |    5.3465249144e+03    |
| 0.63000 |    3.2522103447e-07    |    5.3632195528e+03    |    5.3447265016e+03    |
| 0.63111 |    3.2507856039e-07    |    5.3615191997e+03    |    5.3428687113e+03    |
| 0.63222 |    3.2493656901e-07    |    5.3597598167e+03    |    5.3409517462e+03    |
| 0.63333 |    3.2479506300e-07    |    5.3579416077e+03    |    5.3389758133e+03    |
| 0.63444 |    3.2465404503e-07    |    5.3560647805e+03    |    5.3369411240e+03    |
| 0.63556 |    3.2451351773e-07    |    5.3541295475e+03    |    5.3348478937e+03    |
| 0.63667 |    3.2437348369e-07    |    5.3521361251e+03    |    5.3326963422e+03    |
| 0.63778 |    3.2423394550e-07    |    5.3500847345e+03    |    5.3304866936e+03    |
| 0.63889 |    3.2409490571e-07    |    5.3479756006e+03    |    5.3282191763e+03    |
| 0.64000 |    3.2395636683e-07    |    5.3458089531e+03    |    5.3258940228e+03    |
| 0.64111 |    3.2381833137e-07    |    5.3435850256e+03    |    5.3235114699e+03    |
| 0.64222 |    3.2368080177e-07    |    5.3413040562e+03    |    5.3210717588e+03    |
| 0.64333 |    3.2354378049e-07    |    5.3389662873e+03    |    5.3185751348e+03    |
| 0.64444 |    3.2340726994e-07    |    5.3365719655e+03    |    5.3160218473e+03    |
| 0.64556 |    3.2327127248e-07    |    5.3341213415e+03    |    5.3134121501e+03    |
| 0.64667 |    3.2313579047e-07    |    5.3316146706e+03    |    5.3107463011e+03    |
| 0.64778 |    3.2300082624e-07    |    5.3290522120e+03    |    5.3080245625e+03    |
| 0.64889 |    3.2286638208e-07    |    5.3264342293e+03    |    5.3052472005e+03    |
| 0.65000 |    3.2273246024e-07    |    5.3237609904e+03    |    5.3024144858e+03    |
| 0.65111 |    3.2259906297e-07    |    5.3210327672e+03    |    5.2995266928e+03    |
| 0.65222 |    3.2246619247e-07    |    5.3182498358e+03    |    5.2965841003e+03    |
| 0.65333 |    3.2233385091e-07    |    5.3154124768e+03    |    5.2935869913e+03    |
| 0.65444 |    3.2220204043e-07    |    5.3125209746e+03    |    5.2905356527e+03    |
| 0.65556 |    3.2207076316e-07    |    5.3095756179e+03    |    5.2874303756e+03    |
| 0.65667 |    3.2194002116e-07    |    5.3065766996e+03    |    5.2842714552e+03    |
| 0.65778 |    3.2180981650e-07    |    5.3035245165e+03    |    5.2810591907e+03    |
| 0.65889 |    3.2168015119e-07    |    5.3004193699e+03    |    5.2777938853e+03    |
| 0.66000 |    3.2155102723e-07    |    5.2972615647e+03    |    5.2744758464e+03    |
| 0.66111 |    3.2142244657e-07    |    5.2940514102e+03    |    5.2711053851e+03    |
| 0.66222 |    3.2129441115e-07    |    5.2907892197e+03    |    5.2676828168e+03    |
| 0.66333 |    3.2116692285e-07    |    5.2874753104e+03    |    5.2642084606e+03    |
| 0.66444 |    3.2103998354e-07    |    5.2841100035e+03    |    5.2606826396e+03    |
| 0.66556 |    3.2091359506e-07    |    5.2806936245e+03    |    5.2571056809e+03    |
| 0.66667 |    3.2078775920e-07    |    5.2772265024e+03    |    5.2534779154e+03    |
| 0.66778 |    3.2066247774e-07    |    5.2737089704e+03    |    5.2497996778e+03    |
| 0.66889 |    3.2053775241e-07    |    5.2701413656e+03    |    5.2460713067e+03    |
| 0.67000 |    3.2041358491e-07    |    5.2665240290e+03    |    5.2422931445e+03    |
| 0.67111 |    3.2028997693e-07    |    5.2628573053e+03    |    5.2384655374e+03    |
| 0.67222 |    3.2016693009e-07    |    5.2591415432e+03    |    5.2345888353e+03    |
| 0.67333 |    3.2004444600e-07    |    5.2553770951e+03    |    5.2306633918e+03    |
| 0.67444 |    3.1992252624e-07    |    5.2515643172e+03    |    5.2266895642e+03    |
| 0.67556 |    3.1980117234e-07    |    5.2477035696e+03    |    5.2226677135e+03    |
| 0.67667 |    3.1968038583e-07    |    5.2437952159e+03    |    5.2185982043e+03    |
| 0.67778 |    3.1956016816e-07    |    5.2398396234e+03    |    5.2144814046e+03    |
| 0.67889 |    3.1944052079e-07    |    5.2358371631e+03    |    5.2103176863e+03    |
| 0.68000 |    3.1932144512e-07    |    5.2317882098e+03    |    5.2061074245e+03    |
| 0.68111 |    3.1920294252e-07    |    5.2276931415e+03    |    5.2018509980e+03    |
| 0.68222 |    3.1908501435e-07    |    5.2235523401e+03    |    5.1975487889e+03    |
| 0.68333 |    3.1896766190e-07    |    5.2193661909e+03    |    5.1932011828e+03    |
| 0.68444 |    3.1885088646e-07    |    5.2151350825e+03    |    5.1888085686e+03    |
| 0.68556 |    3.1873468925e-07    |    5.2108594073e+03    |    5.1843713386e+03    |
| 0.68667 |    3.1861907150e-07    |    5.2065395607e+03    |    5.1798898883e+03    |
| 0.68778 |    3.1850403437e-07    |    5.2021759418e+03    |    5.1753646165e+03    |
| 0.68889 |    3.1838957900e-07    |    5.1977689529e+03    |    5.1707959252e+03    |
| 0.69000 |    3.1827570650e-07    |    5.1933189994e+03    |    5.1661842196e+03    |
| 0.69111 |    3.1816241795e-07    |    5.1888264903e+03    |    5.1615299080e+03    |
| 0.69222 |    3.1804971437e-07    |    5.1842918375e+03    |    5.1568334017e+03    |
| 0.69333 |    3.1793759677e-07    |    5.1797154561e+03    |    5.1520951151e+03    |
| 0.69444 |    3.1782606613e-07    |    5.1750977645e+03    |    5.1473154655e+03    |
| 0.69556 |    3.1771512338e-07    |    5.1704391841e+03    |    5.1424948734e+03    |
| 0.69667 |    3.1760476941e-07    |    5.1657401390e+03    |    5.1376337617e+03    |
| 0.69778 |    3.1749500511e-07    |    5.1610010568e+03    |    5.1327325567e+03    |
| 0.69889 |    3.1738583130e-07    |    5.1562223676e+03    |    5.1277916871e+03    |
| 0.70000 |    3.1727724877e-07    |    5.1514045045e+03    |    5.1228115844e+03    |
| 0.70111 |    3.1716925831e-07    |    5.1465479037e+03    |    5.1177926829e+03    |
| 0.70222 |    3.1706186063e-07    |    5.1416530037e+03    |    5.1127354194e+03    |
| 0.70333 |    3.1695505643e-07    |    5.1367202461e+03    |    5.1076402335e+03    |
| 0.70444 |    3.1684884638e-07    |    5.1317500749e+03    |    5.1025075671e+03    |
| 0.70556 |    3.1674323110e-07    |    5.1267429371e+03    |    5.0973378646e+03    |
| 0.70667 |    3.1663821120e-07    |    5.1216992819e+03    |    5.0921315729e+03    |
| 0.70778 |    3.1653378722e-07    |    5.1166195611e+03    |    5.0868891413e+03    |
| 0.70889 |    3.1642995970e-07    |    5.1115042292e+03    |    5.0816110213e+03    |
| 0.71000 |    3.1632672913e-07    |    5.1063537427e+03    |    5.0762976667e+03    |
| 0.71111 |    3.1622409596e-07    |    5.1011685609e+03    |    5.0709495334e+03    |
| 0.71222 |    3.1612206062e-07    |    5.0959491450e+03    |    5.0655670794e+03    |
| 0.71333 |    3.1602062350e-07    |    5.0906959587e+03    |    5.0601507651e+03    |
| 0.71444 |    3.1591978496e-07    |    5.0854094677e+03    |    5.0547010525e+03    |
| 0.71556 |    3.1581954532e-07    |    5.0800901400e+03    |    5.0492184057e+03    |
| 0.71667 |    3.1571990486e-07    |    5.0747384454e+03    |    5.0437032908e+03    |
| 0.71778 |    3.1562086384e-07    |    5.0693548559e+03    |    5.0381561755e+03    |
| 0.71889 |    3.1552242249e-07    |    5.0639398454e+03    |    5.0325775293e+03    |
| 0.72000 |    3.1542458098e-07    |    5.0584938896e+03    |    5.0269678235e+03    |
| 0.72111 |    3.1532733948e-07    |    5.0530174662e+03    |    5.0213275310e+03    |
| 0.72222 |    3.1523069810e-07    |    5.0475110542e+03    |    5.0156571262e+03    |
| 0.72333 |    3.1513465694e-07    |    5.0419751349e+03    |    5.0099570849e+03    |
| 0.72444 |    3.1503921603e-07    |    5.0364101906e+03    |    5.0042278845e+03    |
| 0.72556 |    3.1494437542e-07    |    5.0308167056e+03    |    4.9984700037e+03    |
| 0.72667 |    3.1485013507e-07    |    5.0251951654e+03    |    4.9926839224e+03    |
| 0.72778 |    3.1475649495e-07    |    5.0195460572e+03    |    4.9868701218e+03    |
| 0.72889 |    3.1466345497e-07    |    5.0138698692e+03    |    4.9810290842e+03    |
| 0.73000 |    3.1457101503e-07    |    5.0081670911e+03    |    4.9751612929e+03    |
| 0.73111 |    3.1447917498e-07    |    5.0024382138e+03    |    4.9692672324e+03    |
| 0.73222 |    3.1438793464e-07    |    4.9966837292e+03    |    4.9633473879e+03    |
| 0.73333 |    3.1429729380e-07    |    4.9909041305e+03    |    4.9574022456e+03    |
| 0.73444 |    3.1420725223e-07    |    4.9850999116e+03    |    4.9514322924e+03    |
| 0.73556 |    3.1411780964e-07    |    4.9792715676e+03    |    4.9454380160e+03    |
| 0.73667 |    3.1402896573e-07    |    4.9734195943e+03    |    4.9394199046e+03    |
| 0.73778 |    3.1394072016e-07    |    4.9675444883e+03    |    4.9333784471e+03    |
| 0.73889 |    3.1385307255e-07    |    4.9616467469e+03    |    4.9273141327e+03    |
| 0.74000 |    3.1376602252e-07    |    4.9557268681e+03    |    4.9212274512e+03    |
| 0.74111 |    3.1367956962e-07    |    4.9497853505e+03    |    4.9151188926e+03    |
| 0.74222 |    3.1359371339e-07    |    4.9438226930e+03    |    4.9089889472e+03    |
| 0.74333 |    3.1350845332e-07    |    4.9378393951e+03    |    4.9028381054e+03    |
| 0.74444 |    3.1342378890e-07    |    4.9318359564e+03    |    4.8966668578e+03    |
| 0.74556 |    3.1333971956e-07    |    4.9258128771e+03    |    4.8904756950e+03    |
| 0.74667 |    3.1325624472e-07    |    4.9197706574e+03    |    4.8842651074e+03    |
| 0.74778 |    3.1317336374e-07    |    4.9137097975e+03    |    4.8780355854e+03    |
| 0.74889 |    3.1309107599e-07    |    4.9076307978e+03    |    4.8717876191e+03    |
| 0.75000 |    3.1300938077e-07    |    4.9015341587e+03    |    4.8655216984e+03    |
| 0.75111 |    3.1292827738e-07    |    4.8954203802e+03    |    4.8592383127e+03    |
| 0.75222 |    3.1284776507e-07    |    4.8892899624e+03    |    4.8529379510e+03    |
| 0.75333 |    3.1276784307e-07    |    4.8831434050e+03    |    4.8466211018e+03    |
| 0.75444 |    3.1268851058e-07    |    4.8769812073e+03    |    4.8402882528e+03    |
| 0.75556 |    3.1260976677e-07    |    4.8708038683e+03    |    4.8339398912e+03    |
| 0.75667 |    3.1253161077e-07    |    4.8646118863e+03    |    4.8275765032e+03    |
| 0.75778 |    3.1245404170e-07    |    4.8584057592e+03    |    4.8211985744e+03    |
| 0.75889 |    3.1237705864e-07    |    4.8521859842e+03    |    4.8148065892e+03    |
| 0.76000 |    3.1230066064e-07    |    4.8459530576e+03    |    4.8084010312e+03    |
| 0.76111 |    3.1222484672e-07    |    4.8397074750e+03    |    4.8019823825e+03    |
| 0.76222 |    3.1214961588e-07    |    4.8334497311e+03    |    4.7955511245e+03    |
| 0.76333 |    3.1207496708e-07    |    4.8271803196e+03    |    4.7891077369e+03    |
| 0.76444 |    3.1200089926e-07    |    4.8208997332e+03    |    4.7826526983e+03    |
| 0.76556 |    3.1192741134e-07    |    4.8146084633e+03    |    4.7761864857e+03    |
| 0.76667 |    3.1185450220e-07    |    4.8083070002e+03    |    4.7697095747e+03    |
| 0.76778 |    3.1178217069e-07    |    4.8019958329e+03    |    4.7632224392e+03    |
| 0.76889 |    3.1171041565e-07    |    4.7956754490e+03    |    4.7567255515e+03    |
| 0.77000 |    3.1163923587e-07    |    4.7893463346e+03    |    4.7502193820e+03    |
| 0.77111 |    3.1156863013e-07    |    4.7830089744e+03    |    4.7437043993e+03    |
| 0.77222 |    3.1149859717e-07    |    4.7766638514e+03    |    4.7371810701e+03    |
| 0.77333 |    3.1142913573e-07    |    4.7703114469e+03    |    4.7306498590e+03    |
| 0.77444 |    3.1136024449e-07    |    4.7639522405e+03    |    4.7241112287e+03    |
| 0.77556 |    3.1129192213e-07    |    4.7575867098e+03    |    4.7175656394e+03    |
| 0.77667 |    3.1122416729e-07    |    4.7512153308e+03    |    4.7110135494e+03    |
| 0.77778 |    3.1115697858e-07    |    4.7448385771e+03    |    4.7044554143e+03    |
| 0.77889 |    3.1109035461e-07    |    4.7384569206e+03    |    4.6978916876e+03    |
| 0.78000 |    3.1102429395e-07    |    4.7320708308e+03    |    4.6913228201e+03    |
| 0.78111 |    3.1095879513e-07    |    4.7256807752e+03    |    4.6847492600e+03    |
| 0.78222 |    3.1089385667e-07    |    4.7192872187e+03    |    4.6781714530e+03    |
| 0.78333 |    3.1082947707e-07    |    4.7128906242e+03    |    4.6715898420e+03    |
| 0.78444 |    3.1076565481e-07    |    4.7064914519e+03    |    4.6650048670e+03    |
| 0.78556 |    3.1070238832e-07    |    4.7000901595e+03    |    4.6584169652e+03    |
| 0.78667 |    3.1063967604e-07    |    4.6936872023e+03    |    4.6518265708e+03    |
| 0.78778 |    3.1057751635e-07    |    4.6872830327e+03    |    4.6452341150e+03    |
| 0.78889 |    3.1051590765e-07    |    4.6808781006e+03    |    4.6386400258e+03    |
| 0.79000 |    3.1045484828e-07    |    4.6744728529e+03    |    4.6320447280e+03    |
| 0.79111 |    3.1039433657e-07    |    4.6680677337e+03    |    4.6254486433e+03    |
| 0.79222 |    3.1033437084e-07    |    4.6616631844e+03    |    4.6188521898e+03    |
| 0.79333 |    3.1027494936e-07    |    4.6552596430e+03    |    4.6122557824e+03    |
| 0.79444 |    3.1021607041e-07    |    4.6488575447e+03    |    4.6056598323e+03    |
| 0.79556 |    3.1015773223e-07    |    4.6424573215e+03    |    4.5990647474e+03    |
| 0.79667 |    3.1009993303e-07    |    4.6360594022e+03    |    4.5924709318e+03    |
| 0.79778 |    3.1004267103e-07    |    4.6296642123e+03    |    4.5858787860e+03    |
| 0.79889 |    3.0998594439e-07    |    4.6232721741e+03    |    4.5792887066e+03    |
| 0.80000 |    3.0992975128e-07    |    4.6168837064e+03    |    4.5727010865e+03    |
| 0.80111 |    3.0987408983e-07    |    4.6104992245e+03    |    4.5661163146e+03    |
| 0.80222 |    3.0981895816e-07    |    4.6041191404e+03    |    4.5595347759e+03    |
| 0.80333 |    3.0976435437e-07    |    4.5977438624e+03    |    4.5529568513e+03    |
| 0.80444 |    3.0971027654e-07    |    4.5913737952e+03    |    4.5463829178e+03    |
| 0.80556 |    3.0965672272e-07    |    4.5850093399e+03    |    4.5398133480e+03    |
| 0.80667 |    3.0960369096e-07    |    4.5786508937e+03    |    4.5332485104e+03    |
| 0.80778 |    3.0955117927e-07    |    4.5722988503e+03    |    4.5266887692e+03    |
| 0.80889 |    3.0949918565e-07    |    4.5659535993e+03    |    4.5201344844e+03    |
| 0.81000 |    3.0944770808e-07    |    4.5596155266e+03    |    4.5135860114e+03    |
| 0.81111 |    3.0939674453e-07    |    4.5532850141e+03    |    4.5070437012e+03    |
| 0.81222 |    3.0934629295e-07    |    4.5469624397e+03    |    4.5005079005e+03    |
| 0.81333 |    3.0929635126e-07    |    4.5406481774e+03    |    4.4939789511e+03    |
| 0.81444 |    3.0924691737e-07    |    4.5343425971e+03    |    4.4874571906e+03    |
| 0.81556 |    3.0919798917e-07    |    4.5280460645e+03    |    4.4809429517e+03    |
| 0.81667 |    3.0914956454e-07    |    4.5217589413e+03    |    4.4744365623e+03    |
| 0.81778 |    3.0910164133e-07    |    4.5154815850e+03    |    4.4679383459e+03    |
| 0.81889 |    3.0905421740e-07    |    4.5092143487e+03    |    4.4614486208e+03    |
| 0.82000 |    3.0900729055e-07    |    4.5029575816e+03    |    4.4549677007e+03    |
| 0.82111 |    3.0896085860e-07    |    4.4967116284e+03    |    4.4484958945e+03    |
| 0.82222 |    3.0891491935e-07    |    4.4904768294e+03    |    4.4420335058e+03    |
| 0.82333 |    3.0886947056e-07    |    4.4842535208e+03    |    4.4355808338e+03    |
| 0.82444 |    3.0882451001e-07    |    4.4780420343e+03    |    4.4291381721e+03    |
| 0.82556 |    3.0878003542e-07    |    4.4718426973e+03    |    4.4227058097e+03    |
| 0.82667 |    3.0873604454e-07    |    4.4656558327e+03    |    4.4162840303e+03    |
| 0.82778 |    3.0869253508e-07    |    4.4594817590e+03    |    4.4098731127e+03    |
| 0.82889 |    3.0864950475e-07    |    4.4533207903e+03    |    4.4034733303e+03    |
| 0.83000 |    3.0860695121e-07    |    4.4471732361e+03    |    4.3970849516e+03    |
| 0.83111 |    3.0856487215e-07    |    4.4410394018e+03    |    4.3907082397e+03    |
| 0.83222 |    3.0852326523e-07    |    4.4349195878e+03    |    4.3843434527e+03    |
| 0.83333 |    3.0848212809e-07    |    4.4288140903e+03    |    4.3779908432e+03    |
| 0.83444 |    3.0844145835e-07    |    4.4227232010e+03    |    4.3716506588e+03    |
| 0.83556 |    3.0840125363e-07    |    4.4166472071e+03    |    4.3653231416e+03    |
| 0.83667 |    3.0836151155e-07    |    4.4105863913e+03    |    4.3590085286e+03    |
| 0.83778 |    3.0832222968e-07    |    4.4045410316e+03    |    4.3527070514e+03    |
| 0.83889 |    3.0828340560e-07    |    4.3985114018e+03    |    4.3464189363e+03    |
| 0.84000 |    3.0824503688e-07    |    4.3924977710e+03    |    4.3401444041e+03    |
| 0.84111 |    3.0820712108e-07    |    4.3865004040e+03    |    4.3338836706e+03    |
| 0.84222 |    3.0816965572e-07    |    4.3805195608e+03    |    4.3276369459e+03    |
| 0.84333 |    3.0813263835e-07    |    4.3745554974e+03    |    4.3214044349e+03    |
| 0.84444 |    3.0809606646e-07    |    4.3686084650e+03    |    4.3151863373e+03    |
| 0.84556 |    3.0805993758e-07    |    4.3626787105e+03    |    4.3089828470e+03    |
| 0.84667 |    3.0802424919e-07    |    4.3567664764e+03    |    4.3027941530e+03    |
| 0.84778 |    3.0798899878e-07    |    4.3508720010e+03    |    4.2966204387e+03    |
| 0.84889 |    3.0795418381e-07    |    4.3449955180e+03    |    4.2904618821e+03    |
| 0.85000 |    3.0791980175e-07    |    4.3391372568e+03    |    4.2843186561e+03    |
| 0.85111 |    3.0788585004e-07    |    4.3332974428e+03    |    4.2781909281e+03    |
| 0.85222 |    3.0785232612e-07    |    4.3274762968e+03    |    4.2720788600e+03    |
| 0.85333 |    3.0781922743e-07    |    4.3216740358e+03    |    4.2659826087e+03    |
| 0.85444 |    3.0778655138e-07    |    4.3158908723e+03    |    4.2599023257e+03    |
| 0.85556 |    3.0775429537e-07    |    4.3101270149e+03    |    4.2538381570e+03    |
| 0.85667 |    3.0772245682e-07    |    4.3043826681e+03    |    4.2477902438e+03    |
| 0.85778 |    3.0769103310e-07    |    4.2986580322e+03    |    4.2417587216e+03    |
| 0.85889 |    3.0766002161e-07    |    4.2929533039e+03    |    4.2357437209e+03    |
| 0.86000 |    3.0762941970e-07    |    4.2872686758e+03    |    4.2297453670e+03    |
| 0.86111 |    3.0759922474e-07    |    4.2816043367e+03    |    4.2237637800e+03    |
| 0.86222 |    3.0756943408e-07    |    4.2759604718e+03    |    4.2177990749e+03    |
| 0.86333 |    3.0754004508e-07    |    4.2703372622e+03    |    4.2118513616e+03    |
| 0.86444 |    3.0751105506e-07    |    4.2647348859e+03    |    4.2059207448e+03    |
| 0.86556 |    3.0748246135e-07    |    4.2591535171e+03    |    4.2000073244e+03    |
| 0.86667 |    3.0745426127e-07    |    4.2535933265e+03    |    4.1941111952e+03    |
| 0.86778 |    3.0742645214e-07    |    4.2480544815e+03    |    4.1882324469e+03    |
| 0.86889 |    3.0739903125e-07    |    4.2425371463e+03    |    4.1823711646e+03    |
| 0.87000 |    3.0737199591e-07    |    4.2370414817e+03    |    4.1765274281e+03    |
| 0.87111 |    3.0734534340e-07    |    4.2315676456e+03    |    4.1707013128e+03    |
| 0.87222 |    3.0731907100e-07    |    4.2261157927e+03    |    4.1648928892e+03    |
| 0.87333 |    3.0729317599e-07    |    4.2206860751e+03    |    4.1591022228e+03    |
| 0.87444 |    3.0726765564e-07    |    4.2152786419e+03    |    4.1533293748e+03    |
| 0.87556 |    3.0724250720e-07    |    4.2098936394e+03    |    4.1475744015e+03    |
| 0.87667 |    3.0721772794e-07    |    4.2045312116e+03    |    4.1418373549e+03    |
| 0.87778 |    3.0719331509e-07    |    4.1991914998e+03    |    4.1361182821e+03    |
| 0.87889 |    3.0716926590e-07    |    4.1938746432e+03    |    4.1304172262e+03    |
| 0.88000 |    3.0714557761e-07    |    4.1885807787e+03    |    4.1247342254e+03    |
| 0.88111 |    3.0712224744e-07    |    4.1833100410e+03    |    4.1190693141e+03    |
| 0.88222 |    3.0709927262e-07    |    4.1780625630e+03    |    4.1134225219e+03    |
| 0.88333 |    3.0707665036e-07    |    4.1728384759e+03    |    4.1077938745e+03    |
| 0.88444 |    3.0705437788e-07    |    4.1676379091e+03    |    4.1021833934e+03    |
| 0.88556 |    3.0703245239e-07    |    4.1624609903e+03    |    4.0965910960e+03    |
| 0.88667 |    3.0701087108e-07    |    4.1573078463e+03    |    4.0910169956e+03    |
| 0.88778 |    3.0698963115e-07    |    4.1521786024e+03    |    4.0854611017e+03    |
| 0.88889 |    3.0696872979e-07    |    4.1470733829e+03    |    4.0799234198e+03    |
| 0.89000 |    3.0694816420e-07    |    4.1419923112e+03    |    4.0744039516e+03    |
| 0.89111 |    3.0692793155e-07    |    4.1369355101e+03    |    4.0689026952e+03    |
| 0.89222 |    3.0690802903e-07    |    4.1319031019e+03    |    4.0634196448e+03    |
| 0.89333 |    3.0688845379e-07    |    4.1268952085e+03    |    4.0579547912e+03    |
| 0.89444 |    3.0686920303e-07    |    4.1219119515e+03    |    4.0525081216e+03    |
| 0.89556 |    3.0685027389e-07    |    4.1169534529e+03    |    4.0470796197e+03    |
| 0.89667 |    3.0683166355e-07    |    4.1120198346e+03    |    4.0416692661e+03    |
| 0.89778 |    3.0681336917e-07    |    4.1071112191e+03    |    4.0362770377e+03    |
| 0.89889 |    3.0679538788e-07    |    4.1022277296e+03    |    4.0309029085e+03    |
| 0.90000 |    3.0677771686e-07    |    4.0973694901e+03    |    4.0255468493e+03    |
| 0.90111 |    3.0676035325e-07    |    4.0925366258e+03    |    4.0202088277e+03    |
| 0.90222 |    3.0674329419e-07    |    4.0877292630e+03    |    4.0148888085e+03    |
| 0.90333 |    3.0672653683e-07    |    4.0829475299e+03    |    4.0095867535e+03    |
| 0.90444 |    3.0671007830e-07    |    4.0781915563e+03    |    4.0043026217e+03    |
| 0.90556 |    3.0669391575e-07    |    4.0734614741e+03    |    3.9990363694e+03    |
| 0.90667 |    3.0667804631e-07    |    4.0687574176e+03    |    3.9937879500e+03    |
| 0.90778 |    3.0666246711e-07    |    4.0640795236e+03    |    3.9885573147e+03    |
| 0.90889 |    3.0664717529e-07    |    4.0594279319e+03    |    3.9833444120e+03    |
| 0.91000 |    3.0663216797e-07    |    4.0548027853e+03    |    3.9781491878e+03    |
| 0.91111 |    3.0661744229e-07    |    4.0502042303e+03    |    3.9729715859e+03    |
| 0.91222 |    3.0660299537e-07    |    4.0456324170e+03    |    3.9678115477e+03    |
| 0.91333 |    3.0658882433e-07    |    4.0410874995e+03    |    3.9626690124e+03    |
| 0.91444 |    3.0657492630e-07    |    4.0365696365e+03    |    3.9575439172e+03    |
| 0.91556 |    3.0656129841e-07    |    4.0320789915e+03    |    3.9524361972e+03    |
| 0.91667 |    3.0654793778e-07    |    4.0276157328e+03    |    3.9473457855e+03    |
| 0.91778 |    3.0653484152e-07    |    4.0231800344e+03    |    3.9422726132e+03    |
| 0.91889 |    3.0652200676e-07    |    4.0187720760e+03    |    3.9372166098e+03    |
| 0.92000 |    3.0650943063e-07    |    4.0143920437e+03    |    3.9321777029e+03    |
| 0.92111 |    3.0649711023e-07    |    4.0100401302e+03    |    3.9271558186e+03    |
| 0.92222 |    3.0648504271e-07    |    4.0057165351e+03    |    3.9221508812e+03    |
| 0.92333 |    3.0647322517e-07    |    4.0014214656e+03    |    3.9171628137e+03    |
| 0.92444 |    3.0646165475e-07    |    3.9971551369e+03    |    3.9121915373e+03    |
| 0.92556 |    3.0645032856e-07    |    3.9929177725e+03    |    3.9072369722e+03    |
| 0.92667 |    3.0643924373e-07    |    3.9887096049e+03    |    3.9022990370e+03    |
| 0.92778 |    3.0642839738e-07    |    3.9845308759e+03    |    3.8973776492e+03    |
| 0.92889 |    3.0641778665e-07    |    3.9803818376e+03    |    3.8924727251e+03    |
| 0.93000 |    3.0640740866e-07    |    3.9762627521e+03    |    3.8875841798e+03    |
| 0.93111 |    3.0639726054e-07    |    3.9721738930e+03    |    3.8827119274e+03    |
| 0.93222 |    3.0638733943e-07    |    3.9681155456e+03    |    3.8778558810e+03    |
| 0.93333 |    3.0637764246e-07    |    3.9640880073e+03    |    3.8730159528e+03    |
| 0.93444 |    3.0636816677e-07    |    3.9600915887e+03    |    3.8681920540e+03    |
| 0.93556 |    3.0635890950e-07    |    3.9561266141e+03    |    3.8633840951e+03    |
| 0.93667 |    3.0634986779e-07    |    3.9521934223e+03    |    3.8585919858e+03    |
| 0.93778 |    3.0634103879e-07    |    3.9482923672e+03    |    3.8538156350e+03    |
| 0.93889 |    3.0633241965e-07    |    3.9444238189e+03    |    3.8490549510e+03    |
| 0.94000 |    3.0632400752e-07    |    3.9405881643e+03    |    3.8443098417e+03    |
| 0.94111 |    3.0631579956e-07    |    3.9367858080e+03    |    3.8395802140e+03    |
| 0.94222 |    3.0630779294e-07    |    3.9330171735e+03    |    3.8348659747e+03    |
| 0.94333 |    3.0629998481e-07    |    3.9292827039e+03    |    3.8301670299e+03    |
| 0.94444 |    3.0629237235e-07    |    3.9255828632e+03    |    3.8254832855e+03    |
| 0.94556 |    3.0628495273e-07    |    3.9219181372e+03    |    3.8208146467e+03    |
| 0.94667 |    3.0627772314e-07    |    3.9182890347e+03    |    3.8161610186e+03    |
| 0.94778 |    3.0627068076e-07    |    3.9146960890e+03    |    3.8115223061e+03    |
| 0.94889 |    3.0626382279e-07    |    3.9111398588e+03    |    3.8068984135e+03    |
| 0.95000 |    3.0625714641e-07    |    3.9076209299e+03    |    3.8022892453e+03    |
| 0.95111 |    3.0625064884e-07    |    3.9041399166e+03    |    3.7976947054e+03    |
| 0.95222 |    3.0624432728e-07    |    3.9006974632e+03    |    3.7931146979e+03    |
| 0.95333 |    3.0623817896e-07    |    3.8972942456e+03    |    3.7885491267e+03    |
| 0.95444 |    3.0623220109e-07    |    3.8939309735e+03    |    3.7839978954e+03    |
| 0.95556 |    3.0622639091e-07    |    3.8906083915e+03    |    3.7794609078e+03    |
| 0.95667 |    3.0622074566e-07    |    3.8873272818e+03    |    3.7749380677e+03    |
| 0.95778 |    3.0621526259e-07    |    3.8840884662e+03    |    3.7704292787e+03    |
| 0.95889 |    3.0620993894e-07    |    3.8808928080e+03    |    3.7659344445e+03    |
| 0.96000 |    3.0620477200e-07    |    3.8777412147e+03    |    3.7614534690e+03    |
| 0.96111 |    3.0619975902e-07    |    3.8746346409e+03    |    3.7569862561e+03    |
| 0.96222 |    3.0619489729e-07    |    3.8715740904e+03    |    3.7525327097e+03    |
| 0.96333 |    3.0619018411e-07    |    3.8685606196e+03    |    3.7480927339e+03    |
| 0.96444 |    3.0618561677e-07    |    3.8655953409e+03    |    3.7436662331e+03    |
| 0.96556 |    3.0618119259e-07    |    3.8626794254e+03    |    3.7392531117e+03    |
| 0.96667 |    3.0617690889e-07    |    3.8598141071e+03    |    3.7348532742e+03    |
| 0.96778 |    3.0617276300e-07    |    3.8570006871e+03    |    3.7304666256e+03    |
| 0.96889 |    3.0616875228e-07    |    3.8542405373e+03    |    3.7260930708e+03    |
| 0.97000 |    3.0616487406e-07    |    3.8515351047e+03    |    3.7217325153e+03    |
| 0.97111 |    3.0616112574e-07    |    3.8488859173e+03    |    3.7173848645e+03    |
| 0.97222 |    3.0615750467e-07    |    3.8462945885e+03    |    3.7130500243e+03    |
| 0.97333 |    3.0615400826e-07    |    3.8437628232e+03    |    3.7087279008e+03    |
| 0.97444 |    3.0615063392e-07    |    3.8412924243e+03    |    3.7044184005e+03    |
| 0.97556 |    3.0614737906e-07    |    3.8388852985e+03    |    3.7001214302e+03    |
| 0.97667 |    3.0614424112e-07    |    3.8365434646e+03    |    3.6958368969e+03    |
| 0.97778 |    3.0614121754e-07    |    3.8342690603e+03    |    3.6915647081e+03    |
| 0.97889 |    3.0613830579e-07    |    3.8320643517e+03    |    3.6873047715e+03    |
| 0.98000 |    3.0613550335e-07    |    3.8299317420e+03    |    3.6830569955e+03    |
| 0.98111 |    3.0613280770e-07    |    3.8278737818e+03    |    3.6788212885e+03    |
| 0.98222 |    3.0613021636e-07    |    3.8258931798e+03    |    3.6745975595e+03    |
| 0.98333 |    3.0612772685e-07    |    3.8239928154e+03    |    3.6703857179e+03    |
| 0.98444 |    3.0612533672e-07    |    3.8221757511e+03    |    3.6661856736e+03    |
| 0.98556 |    3.0612304351e-07    |    3.8204452472e+03    |    3.6619973368e+03    |
| 0.98667 |    3.0612084482e-07    |    3.8188047778e+03    |    3.6578206181e+03    |
| 0.98778 |    3.0611873822e-07    |    3.8172580474e+03    |    3.6536554289e+03    |
| 0.98889 |    3.0611672133e-07    |    3.8158090098e+03    |    3.6495016807e+03    |
| 0.99000 |    3.0611479180e-07    |    3.8144618895e+03    |    3.6453592857e+03    |
| 0.99111 |    3.0611294725e-07    |    3.8132212044e+03    |    3.6412281566e+03    |
| 0.99222 |    3.0611118537e-07    |    3.8120917907e+03    |    3.6371082065e+03    |
| 0.99333 |    3.0610950385e-07    |    3.8110788312e+03    |    3.6329993492e+03    |
| 0.99444 |    3.0610790039e-07    |    3.8101878861e+03    |    3.6289014988e+03    |
| 0.99556 |    3.0610637273e-07    |    3.8094249273e+03    |    3.6248145702e+03    |
| 0.99667 |    3.0610491862e-07    |    3.8087963769e+03    |    3.6207384787e+03    |
| 0.99778 |    3.0610353584e-07    |    3.8083091493e+03    |    3.6166731404e+03    |
| 0.99889 |    3.0610222219e-07    |    3.8079706986e+03    |    3.6126184717e+03    |
| 1.00000 |    3.0610097548e-07    |    3.8044103870e+03    |    3.6085743899e+03    |
--------------------------------------------------------------------------------------