Число узлов n = 101
--------------------------------------------------------------------------------------
|    x    |          u(z)          |          f(z)          |     f(z) integral      |
--------------------------------------------------------------------------------------
| 0.00000 |    3.9360273331e-07    |    0.0000000000e+00    |    0.0000000000e+00    |
| 0.01000 |    3.9357800743e-07    |    1.2372874983e+02    |    1.1666933269e+02    |
| 0.02000 |    3.9351395986e-07    |    2.3616499955e+02    |    2.3334198983e+02    |
| 0.03000 |    3.9340856279e-07    |    3.5183478178e+02    |    3.5002089779e+02    |
| 0.04000 |    3.9326152439e-07    |    4.6805082325e+02    |    4.6670831144e+02    |
| 0.05000 |    3.9307274569e-07    |    5.8447207348e+02    |    5.8340552388e+02    |
| 0.06000 |    3.9284218108e-07    |    7.0099692124e+02    |    7.0011253118e+02    |
| 0.07000 |    3.9256980698e-07    |    8.1758231396e+02    |    8.1682770410e+02    |
| 0.08000 |    3.9225561233e-07    |    9.3420448861e+02    |    9.3354746152e+02    |
| 0.09000 |    3.9189959572e-07    |    1.0508465346e+03    |    1.0502659448e+03    |
| 0.10000 |    3.9150176505e-07    |    1.1674934106e+03    |    1.1669746924e+03    |
| 0.11000 |    3.9106213843e-07    |    1.2841295548e+03    |    1.2836623165e+03    |
| 0.12000 |    3.9058074583e-07    |    1.4007375465e+03    |    1.4003141798e+03    |
| 0.13000 |    3.9005763116e-07    |    1.5172972448e+03    |    1.5169120753e+03    |
| 0.14000 |    3.8949285476e-07    |    1.6337851653e+03    |    1.6334339087e+03    |
| 0.15000 |    3.8888649620e-07    |    1.7501739837e+03    |    1.7498533848e+03    |
| 0.16000 |    3.8823865730e-07    |    1.8664321130e+03    |    1.8661396984e+03    |
| 0.17000 |    3.8754946543e-07    |    1.9825233289e+03    |    1.9822572317e+03    |
| 0.18000 |    3.8681907706e-07    |    2.0984064259e+03    |    2.0981652599e+03    |
| 0.19000 |    3.8604768150e-07    |    2.2140348994e+03    |    2.2138176660e+03    |
| 0.20000 |    3.8523550478e-07    |    2.3293566495e+03    |    2.3291626673e+03    |
| 0.21000 |    3.8438281385e-07    |    2.4443137044e+03    |    2.4441425558e+03    |
| 0.22000 |    3.8348992073e-07    |    2.5588419660e+03    |    2.5586934546e+03    |
| 0.23000 |    3.8255718705e-07    |    2.6728709763e+03    |    2.6727450938e+03    |
| 0.24000 |    3.8158502844e-07    |    2.7863237090e+03    |    2.7862206083e+03    |
| 0.25000 |    3.8057391926e-07    |    2.8991163876e+03    |    2.8990363602e+03    |
| 0.26000 |    3.7952439720e-07    |    3.0111583333e+03    |    3.0111017909e+03    |
| 0.27000 |    3.7843706798e-07    |    3.1223518467e+03    |    3.1223193050e+03    |
| 0.28000 |    3.7731261009e-07    |    3.2325921254e+03    |    3.2325841905e+03    |
| 0.29000 |    3.7615177938e-07    |    3.3417672243e+03    |    3.3417845802e+03    |
| 0.30000 |    3.7495541363e-07    |    3.4497580596e+03    |    3.4498014570e+03    |
| 0.31000 |    3.7372443692e-07    |    3.5564384635e+03    |    3.5565087099e+03    |
| 0.32000 |    3.7245986389e-07    |    3.6616752928e+03    |    3.6617732425e+03    |
| 0.33000 |    3.7116280364e-07    |    3.7653285962e+03    |    3.7654551416e+03    |
| 0.34000 |    3.6983446340e-07    |    3.8672518458e+03    |    3.8674079085e+03    |
| 0.35000 |    3.6847615179e-07    |    3.9672922364e+03    |    3.9674787592e+03    |
| 0.36000 |    3.6708928167e-07    |    4.0652910581e+03    |    4.0655089968e+03    |
| 0.37000 |    3.6567537240e-07    |    4.1610841463e+03    |    4.1613344617e+03    |
| 0.38000 |    3.6423605164e-07    |    4.2545024133e+03    |    4.2547860636e+03    |
| 0.39000 |    3.6277305639e-07    |    4.3453724651e+03    |    4.3456903989e+03    |
| 0.40000 |    3.6128823337e-07    |    4.4335173078e+03    |    4.4338704568e+03    |
| 0.41000 |    3.5978353858e-07    |    4.5187571453e+03    |    4.5191464177e+03    |
| 0.42000 |    3.5826103598e-07    |    4.6009102711e+03    |    4.6013365456e+03    |
| 0.43000 |    3.5672289529e-07    |    4.6797940556e+03    |    4.6802581757e+03    |
| 0.44000 |    3.5517138872e-07    |    4.7552260290e+03    |    4.7557287983e+03    |
| 0.45000 |    3.5360888671e-07    |    4.8270250594e+03    |    4.8275672375e+03    |
| 0.46000 |    3.5203785257e-07    |    4.8950126240e+03    |    4.8955949239e+03    |
| 0.47000 |    3.5046083594e-07    |    4.9590141696e+03    |    4.9596372559e+03    |
| 0.48000 |    3.4888046513e-07    |    5.0188605583e+03    |    5.0195250476e+03    |
| 0.49000 |    3.4729943825e-07    |    5.0743895911e+03    |    5.0750960532e+03    |
| 0.50000 |    3.4572051322e-07    |    5.1354223462e+03    |    5.1261965626e+03    |
| 0.51000 |    3.4414036052e-07    |    5.1967921395e+03    |    5.1726833337e+03    |
| 0.52000 |    3.4256511146e-07    |    5.2483837202e+03    |    5.2144251230e+03    |
| 0.53000 |    3.4099761061e-07    |    5.2954705947e+03    |    5.2513041377e+03    |
| 0.54000 |    3.3944072549e-07    |    5.3379375260e+03    |    5.2832179332e+03    |
| 0.55000 |    3.3789733217e-07    |    5.3756843856e+03    |    5.3100811476e+03    |
| 0.56000 |    3.3637030003e-07    |    5.4086279568e+03    |    5.3318272074e+03    |
| 0.57000 |    3.3486247570e-07    |    5.4367037251e+03    |    5.3484099776e+03    |
| 0.58000 |    3.3337666634e-07    |    5.4598676376e+03    |    5.3598053308e+03    |
| 0.59000 |    3.3191562253e-07    |    5.4780978016e+03    |    5.3660126031e+03    |
| 0.60000 |    3.3048202079e-07    |    5.4913960990e+03    |    5.3670559077e+03    |
| 0.61000 |    3.2907844608e-07    |    5.4997896846e+03    |    5.3629852691e+03    |
| 0.62000 |    3.2770737440e-07    |    5.5033323400e+03    |    5.3538775469e+03    |
| 0.63000 |    3.2637115581e-07    |    5.5021056485e+03    |    5.3398371098e+03    |
| 0.64000 |    3.2507199800e-07    |    5.4962199615e+03    |    5.3209962261e+03    |
| 0.65000 |    3.2381195083e-07    |    5.4858151213e+03    |    5.2975151341e+03    |
| 0.66000 |    3.2259289185e-07    |    5.4710609113e+03    |    5.2695817585e+03    |
| 0.67000 |    3.2141651332e-07    |    5.4521572032e+03    |    5.2374110422e+03    |
| 0.68000 |    3.2028431072e-07    |    5.4293337748e+03    |    5.2012438649e+03    |
| 0.69000 |    3.1919757310e-07    |    5.4028497787e+03    |    5.1613455266e+03    |
| 0.70000 |    3.1815737542e-07    |    5.3729928458e+03    |    5.1180037795e+03    |
| 0.71000 |    3.1716457295e-07    |    5.3400778185e+03    |    5.0715264024e+03    |
| 0.72000 |    3.1621979802e-07    |    5.3044451179e+03    |    5.0222383184e+03    |
| 0.73000 |    3.1532345897e-07    |    5.2664587623e+03    |    4.9704782712e+03    |
| 0.74000 |    3.1447574143e-07    |    5.2265040736e+03    |    4.9165950881e+03    |
| 0.75000 |    3.1367661192e-07    |    5.1849851228e+03    |    4.8609435725e+03    |
| 0.76000 |    3.1292582357e-07    |    5.1423219957e+03    |    4.8038800866e+03    |
| 0.77000 |    3.1222292379e-07    |    5.0989479812e+03    |    4.7457579012e+03    |
| 0.78000 |    3.1156726384e-07    |    5.0553068249e+03    |    4.6869224089e+03    |
| 0.79000 |    3.1095800987e-07    |    5.0118502230e+03    |    4.6277063157e+03    |
| 0.80000 |    3.1039415523e-07    |    4.9690357841e+03    |    4.5684249407e+03    |
| 0.81000 |    3.0987453363e-07    |    4.9273257404e+03    |    4.5093717702e+03    |
| 0.82000 |    3.0939783295e-07    |    4.8871867603e+03    |    4.4508144216e+03    |
| 0.83000 |    3.0896260927e-07    |    4.8490913028e+03    |    4.3929911767e+03    |
| 0.84000 |    3.0856730077e-07    |    4.8135210709e+03    |    4.3361082415e+03    |
| 0.85000 |    3.0821024134e-07    |    4.7809732750e+03    |    4.2803378744e+03    |
| 0.86000 |    3.0788967356e-07    |    4.7519706417e+03    |    4.2258174997e+03    |
| 0.87000 |    3.0760376096e-07    |    4.7270764244e+03    |    4.1726498833e+03    |
| 0.88000 |    3.0735059947e-07    |    4.7069161646e+03    |    4.1209043941e+03    |
| 0.89000 |    3.0712822814e-07    |    4.6922087243e+03    |    4.0706193089e+03    |
| 0.90000 |    3.0693463907e-07    |    4.6838103527e+03    |    4.0218050405e+03    |
| 0.91000 |    3.0676778705e-07    |    4.6827776178e+03    |    3.9744480923e+03    |
| 0.92000 |    3.0662559884e-07    |    4.6904585594e+03    |    3.9285154717e+03    |
| 0.93000 |    3.0650598275e-07    |    4.7086276187e+03    |    3.8839592429e+03    |
| 0.94000 |    3.0640683862e-07    |    4.7396911815e+03    |    3.8407208896e+03    |
| 0.95000 |    3.0632606883e-07    |    4.7870119179e+03    |    3.7987351889e+03    |
| 0.96000 |    3.0626159049e-07    |    4.8554424614e+03    |    3.7579333907e+03    |
| 0.97000 |    3.0621134936e-07    |    4.9522479409e+03    |    3.7182456227e+03    |
| 0.98000 |    3.0617333563e-07    |    5.0887971238e+03    |    3.6796025889e+03    |
| 0.99000 |    3.0614560197e-07    |    5.2838925113e+03    |    3.6419367430e+03    |
| 1.00000 |    3.0612628400e-07    |    5.2646367172e+03    |    3.6051831669e+03    |
--------------------------------------------------------------------------------------