Число узлов n = 1001
--------------------------------------------------------------------------------------
|    x    |          u(z)          |          f(z)          |     f(z) integral      |
--------------------------------------------------------------------------------------
| 0.00000 |    3.9220765602e-07    |    0.0000000000e+00    |    0.0000000000e+00    |
| 0.00100 |    3.9220740876e-07    |    1.2377815977e+01    |    1.1674309457e+01    |
| 0.00200 |    3.9220676793e-07    |    2.3630024277e+01    |    2.3348622360e+01    |
| 0.00300 |    3.9220571334e-07    |    3.5203842583e+01    |    3.5022942083e+01    |
| 0.00400 |    3.9220424211e-07    |    4.6831271582e+01    |    4.6697271968e+01    |
| 0.00500 |    3.9220235327e-07    |    5.8478205194e+01    |    5.8371615366e+01    |
| 0.00600 |    3.9220004639e-07    |    7.0134526377e+01    |    7.0045975616e+01    |
| 0.00700 |    3.9219732123e-07    |    8.1796115340e+01    |    8.1720356045e+01    |
| 0.00800 |    3.9219417765e-07    |    9.3460968954e+01    |    9.3394759962e+01    |
| 0.00900 |    3.9219061555e-07    |    1.0512799387e+02    |    1.0506919065e+02    |
| 0.01000 |    3.9218663488e-07    |    1.1679654233e+02    |    1.1674365138e+02    |
| 0.01100 |    3.9218223558e-07    |    1.2846620630e+02    |    1.2841814537e+02    |
| 0.01200 |    3.9217741763e-07    |    1.4013671626e+02    |    1.4009267583e+02    |
| 0.01300 |    3.9217218099e-07    |    1.5180788731e+02    |    1.5176724591e+02    |
| 0.01400 |    3.9216652565e-07    |    1.6347958862e+02    |    1.6344185875e+02    |
| 0.01500 |    3.9216045159e-07    |    1.7515172529e+02    |    1.7511651743e+02    |
| 0.01600 |    3.9215395879e-07    |    1.8682422701e+02    |    1.8679122497e+02    |
| 0.01700 |    3.9214704724e-07    |    1.9849704075e+02    |    1.9846598439e+02    |
| 0.01800 |    3.9213971694e-07    |    2.1017012595e+02    |    2.1014079859e+02    |
| 0.01900 |    3.9213196787e-07    |    2.2184345116e+02    |    2.2181567048e+02    |
| 0.02000 |    3.9212380002e-07    |    2.3351699180e+02    |    2.3349060287e+02    |
| 0.02100 |    3.9211521340e-07    |    2.4519072842e+02    |    2.4516559852e+02    |
| 0.02200 |    3.9210620798e-07    |    2.5686464558e+02    |    2.5684066013e+02    |
| 0.02300 |    3.9209678377e-07    |    2.6853873094e+02    |    2.6851579033e+02    |
| 0.02400 |    3.9208694076e-07    |    2.8021297457e+02    |    2.8019099166e+02    |
| 0.02500 |    3.9207667894e-07    |    2.9188736848e+02    |    2.9186626662e+02    |
| 0.02600 |    3.9206599831e-07    |    3.0356190621e+02    |    3.0354161760e+02    |
| 0.02700 |    3.9205489887e-07    |    3.1523658254e+02    |    3.1521704693e+02    |
| 0.02800 |    3.9204338061e-07    |    3.2691139323e+02    |    3.2689255684e+02    |
| 0.02900 |    3.9203144352e-07    |    3.3858633486e+02    |    3.3856814948e+02    |
| 0.03000 |    3.9201908761e-07    |    3.5026140468e+02    |    3.5024382691e+02    |
| 0.03100 |    3.9200631286e-07    |    3.6193660042e+02    |    3.6191959110e+02    |
| 0.03200 |    3.9199311928e-07    |    3.7361192028e+02    |    3.7359544390e+02    |
| 0.03300 |    3.9197950686e-07    |    3.8528736279e+02    |    3.8527138709e+02    |
| 0.03400 |    3.9196547559e-07    |    3.9696292676e+02    |    3.9694742232e+02    |
| 0.03500 |    3.9195102548e-07    |    4.0863861122e+02    |    4.0862355114e+02    |
| 0.03600 |    3.9193615651e-07    |    4.2031441537e+02    |    4.2029977501e+02    |
| 0.03700 |    3.9192086870e-07    |    4.3199033853e+02    |    4.3197609525e+02    |
| 0.03800 |    3.9190516202e-07    |    4.4366638013e+02    |    4.4365251307e+02    |
| 0.03900 |    3.9188903648e-07    |    4.5534253964e+02    |    4.5532902956e+02    |
| 0.04000 |    3.9187249209e-07    |    4.6701881659e+02    |    4.6700564569e+02    |
| 0.04100 |    3.9185552882e-07    |    4.7869521052e+02    |    4.7868236230e+02    |
| 0.04200 |    3.9183814668e-07    |    4.9037172096e+02    |    4.9035918010e+02    |
| 0.04300 |    3.9182034568e-07    |    5.0204834740e+02    |    5.0203609966e+02    |
| 0.04400 |    3.9180212579e-07    |    5.1372508932e+02    |    5.1371312144e+02    |
| 0.04500 |    3.9178348703e-07    |    5.2540194613e+02    |    5.2539024572e+02    |
| 0.04600 |    3.9176442939e-07    |    5.3707891718e+02    |    5.3706747266e+02    |
| 0.04700 |    3.9174495287e-07    |    5.4875600174e+02    |    5.4874480228e+02    |
| 0.04800 |    3.9172505747e-07    |    5.6043319899e+02    |    5.6042223443e+02    |
| 0.04900 |    3.9170474318e-07    |    5.7211050801e+02    |    5.7209976883e+02    |
| 0.05000 |    3.9168401000e-07    |    5.8378792777e+02    |    5.8377740502e+02    |
| 0.05100 |    3.9166285793e-07    |    5.9546545715e+02    |    5.9545514239e+02    |
| 0.05200 |    3.9164128698e-07    |    6.0714309489e+02    |    6.0713298018e+02    |
| 0.05300 |    3.9161929713e-07    |    6.1882083958e+02    |    6.1881091745e+02    |
| 0.05400 |    3.9159688839e-07    |    6.3049868972e+02    |    6.3048895309e+02    |
| 0.05500 |    3.9157406075e-07    |    6.4217664364e+02    |    6.4216708582e+02    |
| 0.05600 |    3.9155081423e-07    |    6.5385469951e+02    |    6.5384531419e+02    |
| 0.05700 |    3.9152714881e-07    |    6.6553285538e+02    |    6.6552363656e+02    |
| 0.05800 |    3.9150306449e-07    |    6.7721110911e+02    |    6.7720205112e+02    |
| 0.05900 |    3.9147856128e-07    |    6.8888945841e+02    |    6.8888055587e+02    |
| 0.06000 |    3.9145363918e-07    |    7.0056790082e+02    |    7.0055914861e+02    |
| 0.06100 |    3.9142829819e-07    |    7.1224643370e+02    |    7.1223782697e+02    |
| 0.06200 |    3.9140253831e-07    |    7.2392505425e+02    |    7.2391658837e+02    |
| 0.06300 |    3.9137635954e-07    |    7.3560375945e+02    |    7.3559543002e+02    |
| 0.06400 |    3.9134976189e-07    |    7.4728254613e+02    |    7.4727434895e+02    |
| 0.06500 |    3.9132274534e-07    |    7.5896141090e+02    |    7.5895334198e+02    |
| 0.06600 |    3.9129530992e-07    |    7.7064035019e+02    |    7.7063240571e+02    |
| 0.06700 |    3.9126745562e-07    |    7.8231936023e+02    |    7.8231153655e+02    |
| 0.06800 |    3.9123918244e-07    |    7.9399843703e+02    |    7.9399073067e+02    |
| 0.06900 |    3.9121049039e-07    |    8.0567757640e+02    |    8.0566998404e+02    |
| 0.07000 |    3.9118137948e-07    |    8.1735677394e+02    |    8.1734929239e+02    |
| 0.07100 |    3.9115184970e-07    |    8.2903602503e+02    |    8.2902865125e+02    |
| 0.07200 |    3.9112190106e-07    |    8.4071532484e+02    |    8.4070805591e+02    |
| 0.07300 |    3.9109153358e-07    |    8.5239466830e+02    |    8.5238750142e+02    |
| 0.07400 |    3.9106074724e-07    |    8.6407405011e+02    |    8.6406698261e+02    |
| 0.07500 |    3.9102954207e-07    |    8.7575346476e+02    |    8.7574649407e+02    |
| 0.07600 |    3.9099791807e-07    |    8.8743290649e+02    |    8.8742603014e+02    |
| 0.07700 |    3.9096587524e-07    |    8.9911236930e+02    |    8.9910558491e+02    |
| 0.07800 |    3.9093341360e-07    |    9.1079184695e+02    |    9.1078515226e+02    |
| 0.07900 |    3.9090053315e-07    |    9.2247133295e+02    |    9.2246472577e+02    |
| 0.08000 |    3.9086723391e-07    |    9.3415082058e+02    |    9.3414429880e+02    |
| 0.08100 |    3.9083351588e-07    |    9.4583030284e+02    |    9.4582386443e+02    |
| 0.08200 |    3.9079937907e-07    |    9.5750977250e+02    |    9.5750341552e+02    |
| 0.08300 |    3.9076482350e-07    |    9.6918922203e+02    |    9.6918294461e+02    |
| 0.08400 |    3.9072984918e-07    |    9.8086864369e+02    |    9.8086244401e+02    |
| 0.08500 |    3.9069445611e-07    |    9.9254802943e+02    |    9.9254190576e+02    |
| 0.08600 |    3.9065864433e-07    |    1.0042273710e+03    |    1.0042213216e+03    |
| 0.08700 |    3.9062241383e-07    |    1.0159066597e+03    |    1.0159006830e+03    |
| 0.08800 |    3.9058576463e-07    |    1.0275858867e+03    |    1.0275799812e+03    |
| 0.08900 |    3.9054869675e-07    |    1.0392650430e+03    |    1.0392592072e+03    |
| 0.09000 |    3.9051121021e-07    |    1.0509441191e+03    |    1.0509383514e+03    |
| 0.09100 |    3.9047330502e-07    |    1.0626231052e+03    |    1.0626174043e+03    |
| 0.09200 |    3.9043498121e-07    |    1.0743019915e+03    |    1.0742963560e+03    |
| 0.09300 |    3.9039623878e-07    |    1.0859807675e+03    |    1.0859751961e+03    |
| 0.09400 |    3.9035707777e-07    |    1.0976594227e+03    |    1.0976539142e+03    |
| 0.09500 |    3.9031749819e-07    |    1.1093379463e+03    |    1.1093324993e+03    |
| 0.09600 |    3.9027750006e-07    |    1.1210163269e+03    |    1.1210109404e+03    |
| 0.09700 |    3.9023708341e-07    |    1.1326945532e+03    |    1.1326892259e+03    |
| 0.09800 |    3.9019624826e-07    |    1.1443726132e+03    |    1.1443673441e+03    |
| 0.09900 |    3.9015499463e-07    |    1.1560504950e+03    |    1.1560452830e+03    |
| 0.10000 |    3.9011332256e-07    |    1.1677281860e+03    |    1.1677230300e+03    |
| 0.10100 |    3.9007123206e-07    |    1.1794056734e+03    |    1.1794005725e+03    |
| 0.10200 |    3.9002872317e-07    |    1.1910829443e+03    |    1.1910778974e+03    |
| 0.10300 |    3.8998579592e-07    |    1.2027599851e+03    |    1.2027549913e+03    |
| 0.10400 |    3.8994245033e-07    |    1.2144367821e+03    |    1.2144318406e+03    |
| 0.10500 |    3.8989868644e-07    |    1.2261133213e+03    |    1.2261084310e+03    |
| 0.10600 |    3.8985450427e-07    |    1.2377895882e+03    |    1.2377847484e+03    |
| 0.10700 |    3.8980990387e-07    |    1.2494655681e+03    |    1.2494607779e+03    |
| 0.10800 |    3.8976488527e-07    |    1.2611412458e+03    |    1.2611365044e+03    |
| 0.10900 |    3.8971944849e-07    |    1.2728166060e+03    |    1.2728119126e+03    |
| 0.11000 |    3.8967359359e-07    |    1.2844916328e+03    |    1.2844869867e+03    |
| 0.11100 |    3.8962732060e-07    |    1.2961663102e+03    |    1.2961617105e+03    |
| 0.11200 |    3.8958062956e-07    |    1.3078406214e+03    |    1.3078360676e+03    |
| 0.11300 |    3.8953352051e-07    |    1.3195145498e+03    |    1.3195100411e+03    |
| 0.11400 |    3.8948599349e-07    |    1.3311880781e+03    |    1.3311836137e+03    |
| 0.11500 |    3.8943804855e-07    |    1.3428611887e+03    |    1.3428567681e+03    |
| 0.11600 |    3.8938968573e-07    |    1.3545338636e+03    |    1.3545294861e+03    |
| 0.11700 |    3.8934090509e-07    |    1.3662060845e+03    |    1.3662017495e+03    |
| 0.11800 |    3.8929170666e-07    |    1.3778778327e+03    |    1.3778735396e+03    |
| 0.11900 |    3.8924209049e-07    |    1.3895490891e+03    |    1.3895448373e+03    |
| 0.12000 |    3.8919205665e-07    |    1.4012198342e+03    |    1.4012156231e+03    |
| 0.12100 |    3.8914160518e-07    |    1.4128900482e+03    |    1.4128858772e+03    |
| 0.12200 |    3.8909073614e-07    |    1.4245597108e+03    |    1.4245555795e+03    |
| 0.12300 |    3.8903944958e-07    |    1.4362288014e+03    |    1.4362247092e+03    |
| 0.12400 |    3.8898774556e-07    |    1.4478972990e+03    |    1.4478932453e+03    |
| 0.12500 |    3.8893562414e-07    |    1.4595651820e+03    |    1.4595611665e+03    |
| 0.12600 |    3.8888308538e-07    |    1.4712324288e+03    |    1.4712284509e+03    |
| 0.12700 |    3.8883012934e-07    |    1.4828990170e+03    |    1.4828950762e+03    |
| 0.12800 |    3.8877675610e-07    |    1.4945649240e+03    |    1.4945610200e+03    |
| 0.12900 |    3.8872296571e-07    |    1.5062301268e+03    |    1.5062262590e+03    |
| 0.13000 |    3.8866875825e-07    |    1.5178946019e+03    |    1.5178907699e+03    |
| 0.13100 |    3.8861413378e-07    |    1.5295583254e+03    |    1.5295545289e+03    |
| 0.13200 |    3.8855909237e-07    |    1.5412212731e+03    |    1.5412175115e+03    |
| 0.13300 |    3.8850363410e-07    |    1.5528834201e+03    |    1.5528796931e+03    |
| 0.13400 |    3.8844775905e-07    |    1.5645447413e+03    |    1.5645410485e+03    |
| 0.13500 |    3.8839146730e-07    |    1.5762052112e+03    |    1.5762015522e+03    |
| 0.13600 |    3.8833475892e-07    |    1.5878648037e+03    |    1.5878611782e+03    |
| 0.13700 |    3.8827763399e-07    |    1.5995234923e+03    |    1.5995199000e+03    |
| 0.13800 |    3.8822009260e-07    |    1.6111812503e+03    |    1.6111776907e+03    |
| 0.13900 |    3.8816213484e-07    |    1.6228380503e+03    |    1.6228345231e+03    |
| 0.14000 |    3.8810376079e-07    |    1.6344938644e+03    |    1.6344903693e+03    |
| 0.14100 |    3.8804497054e-07    |    1.6461486645e+03    |    1.6461452012e+03    |
| 0.14200 |    3.8798576419e-07    |    1.6578024218e+03    |    1.6577989900e+03    |
| 0.14300 |    3.8792614183e-07    |    1.6694551074e+03    |    1.6694517067e+03    |
| 0.14400 |    3.8786610356e-07    |    1.6811066914e+03    |    1.6811033217e+03    |
| 0.14500 |    3.8780564947e-07    |    1.6927571441e+03    |    1.6927538049e+03    |
| 0.14600 |    3.8774477968e-07    |    1.7044064347e+03    |    1.7044031258e+03    |
| 0.14700 |    3.8768349428e-07    |    1.7160545324e+03    |    1.7160512535e+03    |
| 0.14800 |    3.8762179337e-07    |    1.7277014057e+03    |    1.7276981566e+03    |
| 0.14900 |    3.8755967708e-07    |    1.7393470226e+03    |    1.7393438030e+03    |
| 0.15000 |    3.8749714550e-07    |    1.7509913508e+03    |    1.7509881605e+03    |
| 0.15100 |    3.8743419876e-07    |    1.7626343575e+03    |    1.7626311962e+03    |
| 0.15200 |    3.8737083696e-07    |    1.7742760092e+03    |    1.7742728767e+03    |
| 0.15300 |    3.8730706024e-07    |    1.7859162721e+03    |    1.7859131682e+03    |
| 0.15400 |    3.8724286870e-07    |    1.7975551119e+03    |    1.7975520363e+03    |
| 0.15500 |    3.8717826248e-07    |    1.8091924938e+03    |    1.8091894464e+03    |
| 0.15600 |    3.8711324169e-07    |    1.8208283825e+03    |    1.8208253630e+03    |
| 0.15700 |    3.8704780648e-07    |    1.8324627422e+03    |    1.8324597503e+03    |
| 0.15800 |    3.8698195697e-07    |    1.8440955365e+03    |    1.8440925721e+03    |
| 0.15900 |    3.8691569330e-07    |    1.8557267287e+03    |    1.8557237916e+03    |
| 0.16000 |    3.8684901560e-07    |    1.8673562814e+03    |    1.8673533715e+03    |
| 0.16100 |    3.8678192402e-07    |    1.8789841568e+03    |    1.8789812739e+03    |
| 0.16200 |    3.8671441869e-07    |    1.8906103167e+03    |    1.8906074605e+03    |
| 0.16300 |    3.8664649977e-07    |    1.9022347221e+03    |    1.9022318925e+03    |
| 0.16400 |    3.8657816741e-07    |    1.9138573337e+03    |    1.9138545305e+03    |
| 0.16500 |    3.8650942176e-07    |    1.9254781116e+03    |    1.9254753347e+03    |
| 0.16600 |    3.8644026296e-07    |    1.9370970154e+03    |    1.9370942646e+03    |
| 0.16700 |    3.8637069119e-07    |    1.9487140043e+03    |    1.9487112793e+03    |
| 0.16800 |    3.8630070661e-07    |    1.9603290366e+03    |    1.9603263375e+03    |
| 0.16900 |    3.8623030937e-07    |    1.9719420705e+03    |    1.9719393970e+03    |
| 0.17000 |    3.8615949965e-07    |    1.9835530634e+03    |    1.9835504154e+03    |
| 0.17100 |    3.8608827761e-07    |    1.9951619722e+03    |    1.9951593496e+03    |
| 0.17200 |    3.8601664344e-07    |    2.0067687534e+03    |    2.0067661561e+03    |
| 0.17300 |    3.8594459730e-07    |    2.0183733629e+03    |    2.0183707906e+03    |
| 0.17400 |    3.8587213939e-07    |    2.0299757558e+03    |    2.0299732086e+03    |
| 0.17500 |    3.8579926989e-07    |    2.0415758871e+03    |    2.0415733648e+03    |
| 0.17600 |    3.8572598897e-07    |    2.0531737109e+03    |    2.0531712133e+03    |
| 0.17700 |    3.8565229684e-07    |    2.0647691809e+03    |    2.0647667079e+03    |
| 0.17800 |    3.8557819370e-07    |    2.0763622501e+03    |    2.0763598017e+03    |
| 0.17900 |    3.8550367973e-07    |    2.0879528712e+03    |    2.0879504472e+03    |
| 0.18000 |    3.8542875514e-07    |    2.0995409961e+03    |    2.0995385965e+03    |
| 0.18100 |    3.8535342014e-07    |    2.1111265763e+03    |    2.1111242008e+03    |
| 0.18200 |    3.8527767493e-07    |    2.1227095625e+03    |    2.1227072112e+03    |
| 0.18300 |    3.8520151973e-07    |    2.1342899051e+03    |    2.1342875779e+03    |
| 0.18400 |    3.8512495476e-07    |    2.1458675538e+03    |    2.1458652506e+03    |
| 0.18500 |    3.8504798023e-07    |    2.1574424578e+03    |    2.1574401784e+03    |
| 0.18600 |    3.8497059637e-07    |    2.1690145655e+03    |    2.1690123099e+03    |
| 0.18700 |    3.8489280342e-07    |    2.1805838250e+03    |    2.1805815931e+03    |
| 0.18800 |    3.8481460159e-07    |    2.1921501837e+03    |    2.1921479754e+03    |
| 0.18900 |    3.8473599113e-07    |    2.2037135883e+03    |    2.2037114036e+03    |
| 0.19000 |    3.8465697228e-07    |    2.2152739852e+03    |    2.2152718240e+03    |
| 0.19100 |    3.8457754528e-07    |    2.2268313198e+03    |    2.2268291821e+03    |
| 0.19200 |    3.8449771038e-07    |    2.2383855374e+03    |    2.2383834230e+03    |
| 0.19300 |    3.8441746783e-07    |    2.2499365822e+03    |    2.2499344912e+03    |
| 0.19400 |    3.8433681789e-07    |    2.2614843983e+03    |    2.2614823304e+03    |
| 0.19500 |    3.8425576082e-07    |    2.2730289287e+03    |    2.2730268841e+03    |
| 0.19600 |    3.8417429688e-07    |    2.2845701162e+03    |    2.2845680947e+03    |
| 0.19700 |    3.8409242635e-07    |    2.2961079028e+03    |    2.2961059044e+03    |
| 0.19800 |    3.8401014950e-07    |    2.3076422299e+03    |    2.3076402545e+03    |
| 0.19900 |    3.8392746660e-07    |    2.3191730383e+03    |    2.3191710859e+03    |
| 0.20000 |    3.8384437794e-07    |    2.3307002683e+03    |    2.3306983388e+03    |
| 0.20100 |    3.8376088380e-07    |    2.3422238594e+03    |    2.3422219529e+03    |
| 0.20200 |    3.8367698448e-07    |    2.3537437506e+03    |    2.3537418669e+03    |
| 0.20300 |    3.8359268027e-07    |    2.3652598802e+03    |    2.3652580195e+03    |
| 0.20400 |    3.8350797148e-07    |    2.3767721861e+03    |    2.3767703481e+03    |
| 0.20500 |    3.8342285840e-07    |    2.3882806053e+03    |    2.3882787901e+03    |
| 0.20600 |    3.8333734135e-07    |    2.3997850742e+03    |    2.3997832817e+03    |
| 0.20700 |    3.8325142064e-07    |    2.4112855288e+03    |    2.4112837590e+03    |
| 0.20800 |    3.8316509659e-07    |    2.4227819042e+03    |    2.4227801571e+03    |
| 0.20900 |    3.8307836953e-07    |    2.4342741350e+03    |    2.4342724107e+03    |
| 0.21000 |    3.8299123978e-07    |    2.4457621553e+03    |    2.4457604536e+03    |
| 0.21100 |    3.8290370769e-07    |    2.4572458982e+03    |    2.4572442191e+03    |
| 0.21200 |    3.8281577357e-07    |    2.4687252965e+03    |    2.4687236401e+03    |
| 0.21300 |    3.8272743780e-07    |    2.4802002822e+03    |    2.4801986484e+03    |
| 0.21400 |    3.8263870070e-07    |    2.4916707868e+03    |    2.4916691755e+03    |
| 0.21500 |    3.8254956263e-07    |    2.5031367408e+03    |    2.5031351521e+03    |
| 0.21600 |    3.8246002396e-07    |    2.5145980745e+03    |    2.5145965083e+03    |
| 0.21700 |    3.8237008505e-07    |    2.5260547172e+03    |    2.5260531736e+03    |
| 0.21800 |    3.8227974626e-07    |    2.5375065978e+03    |    2.5375050768e+03    |
| 0.21900 |    3.8218900797e-07    |    2.5489536443e+03    |    2.5489521459e+03    |
| 0.22000 |    3.8209787057e-07    |    2.5603957843e+03    |    2.5603943085e+03    |
| 0.22100 |    3.8200633444e-07    |    2.5718329446e+03    |    2.5718314913e+03    |
| 0.22200 |    3.8191439996e-07    |    2.5832650514e+03    |    2.5832636206e+03    |
| 0.22300 |    3.8182206754e-07    |    2.5946920301e+03    |    2.5946906219e+03    |
| 0.22400 |    3.8172933757e-07    |    2.6061138055e+03    |    2.6061124199e+03    |
| 0.22500 |    3.8163621047e-07    |    2.6175303019e+03    |    2.6175289389e+03    |
| 0.22600 |    3.8154268664e-07    |    2.6289414428e+03    |    2.6289401023e+03    |
| 0.22700 |    3.8144876651e-07    |    2.6403471509e+03    |    2.6403458330e+03    |
| 0.22800 |    3.8135445050e-07    |    2.6517473484e+03    |    2.6517460531e+03    |
| 0.22900 |    3.8125973904e-07    |    2.6631419569e+03    |    2.6631406842e+03    |
| 0.23000 |    3.8116463256e-07    |    2.6745308970e+03    |    2.6745296469e+03    |
| 0.23100 |    3.8106913151e-07    |    2.6859140890e+03    |    2.6859128616e+03    |
| 0.23200 |    3.8097323633e-07    |    2.6972914523e+03    |    2.6972902476e+03    |
| 0.23300 |    3.8087694748e-07    |    2.7086629057e+03    |    2.7086617237e+03    |
| 0.23400 |    3.8078026542e-07    |    2.7200283673e+03    |    2.7200272079e+03    |
| 0.23500 |    3.8068319061e-07    |    2.7313877545e+03    |    2.7313866178e+03    |
| 0.23600 |    3.8058572352e-07    |    2.7427409840e+03    |    2.7427398701e+03    |
| 0.23700 |    3.8048786463e-07    |    2.7540879718e+03    |    2.7540868807e+03    |
| 0.23800 |    3.8038961443e-07    |    2.7654286333e+03    |    2.7654275650e+03    |
| 0.23900 |    3.8029097340e-07    |    2.7767628833e+03    |    2.7767618378e+03    |
| 0.24000 |    3.8019194204e-07    |    2.7880906355e+03    |    2.7880896129e+03    |
| 0.24100 |    3.8009252086e-07    |    2.7994118034e+03    |    2.7994108037e+03    |
| 0.24200 |    3.7999271035e-07    |    2.8107262995e+03    |    2.8107253227e+03    |
| 0.24300 |    3.7989251104e-07    |    2.8220340358e+03    |    2.8220330819e+03    |
| 0.24400 |    3.7979192345e-07    |    2.8333349233e+03    |    2.8333339924e+03    |
| 0.24500 |    3.7969094810e-07    |    2.8446288727e+03    |    2.8446279647e+03    |
| 0.24600 |    3.7958958553e-07    |    2.8559157936e+03    |    2.8559149088e+03    |
| 0.24700 |    3.7948783628e-07    |    2.8671955953e+03    |    2.8671947335e+03    |
| 0.24800 |    3.7938570091e-07    |    2.8784681861e+03    |    2.8784673475e+03    |
| 0.24900 |    3.7928317995e-07    |    2.8897334738e+03    |    2.8897326583e+03    |
| 0.25000 |    3.7918027398e-07    |    2.9009913652e+03    |    2.9009905730e+03    |
| 0.25100 |    3.7907698356e-07    |    2.9122417668e+03    |    2.9122409978e+03    |
| 0.25200 |    3.7897330926e-07    |    2.9234845841e+03    |    2.9234838384e+03    |
| 0.25300 |    3.7886925167e-07    |    2.9347197220e+03    |    2.9347189996e+03    |
| 0.25400 |    3.7876481138e-07    |    2.9459470847e+03    |    2.9459463857e+03    |
| 0.25500 |    3.7865998898e-07    |    2.9571665756e+03    |    2.9571659000e+03    |
| 0.25600 |    3.7855478507e-07    |    2.9683780975e+03    |    2.9683774454e+03    |
| 0.25700 |    3.7844920026e-07    |    2.9795815525e+03    |    2.9795809239e+03    |
| 0.25800 |    3.7834323517e-07    |    2.9907768419e+03    |    2.9907762369e+03    |
| 0.25900 |    3.7823689043e-07    |    3.0019638663e+03    |    3.0019632849e+03    |
| 0.26000 |    3.7813016665e-07    |    3.0131425257e+03    |    3.0131419679e+03    |
| 0.26100 |    3.7802306449e-07    |    3.0243127192e+03    |    3.0243121852e+03    |
| 0.26200 |    3.7791558459e-07    |    3.0354743454e+03    |    3.0354738352e+03    |
| 0.26300 |    3.7780772759e-07    |    3.0466273020e+03    |    3.0466268156e+03    |
| 0.26400 |    3.7769949416e-07    |    3.0577714861e+03    |    3.0577710236e+03    |
| 0.26500 |    3.7759088496e-07    |    3.0689067941e+03    |    3.0689063556e+03    |
| 0.26600 |    3.7748190068e-07    |    3.0800331216e+03    |    3.0800327070e+03    |
| 0.26700 |    3.7737254199e-07    |    3.0911503635e+03    |    3.0911499730e+03    |
| 0.26800 |    3.7726280958e-07    |    3.1022584140e+03    |    3.1022580476e+03    |
| 0.26900 |    3.7715270415e-07    |    3.1133571667e+03    |    3.1133568244e+03    |
| 0.27000 |    3.7704222641e-07    |    3.1244465142e+03    |    3.1244461962e+03    |
| 0.27100 |    3.7693137706e-07    |    3.1355263486e+03    |    3.1355260550e+03    |
| 0.27200 |    3.7682015683e-07    |    3.1465965614e+03    |    3.1465962921e+03    |
| 0.27300 |    3.7670856645e-07    |    3.1576570431e+03    |    3.1576567981e+03    |
| 0.27400 |    3.7659660665e-07    |    3.1687076835e+03    |    3.1687074631e+03    |
| 0.27500 |    3.7648427818e-07    |    3.1797483720e+03    |    3.1797481761e+03    |
| 0.27600 |    3.7637158178e-07    |    3.1907789969e+03    |    3.1907788257e+03    |
| 0.27700 |    3.7625851822e-07    |    3.2017994461e+03    |    3.2017992995e+03    |
| 0.27800 |    3.7614508827e-07    |    3.2128096065e+03    |    3.2128094847e+03    |
| 0.27900 |    3.7603129270e-07    |    3.2238093646e+03    |    3.2238092675e+03    |
| 0.28000 |    3.7591713230e-07    |    3.2347986058e+03    |    3.2347985336e+03    |
| 0.28100 |    3.7580260786e-07    |    3.2457772150e+03    |    3.2457771678e+03    |
| 0.28200 |    3.7568772017e-07    |    3.2567450765e+03    |    3.2567450544e+03    |
| 0.28300 |    3.7557247005e-07    |    3.2677020737e+03    |    3.2677020767e+03    |
| 0.28400 |    3.7545685832e-07    |    3.2786480894e+03    |    3.2786481175e+03    |
| 0.28500 |    3.7534088579e-07    |    3.2895830055e+03    |    3.2895830588e+03    |
| 0.28600 |    3.7522455331e-07    |    3.3005067033e+03    |    3.3005067820e+03    |
| 0.28700 |    3.7510786171e-07    |    3.3114190635e+03    |    3.3114191675e+03    |
| 0.28800 |    3.7499081185e-07    |    3.3223199660e+03    |    3.3223200954e+03    |
| 0.28900 |    3.7487340459e-07    |    3.3332092898e+03    |    3.3332094448e+03    |
| 0.29000 |    3.7475564078e-07    |    3.3440869135e+03    |    3.3440870941e+03    |
| 0.29100 |    3.7463752131e-07    |    3.3549527148e+03    |    3.3549529211e+03    |
| 0.29200 |    3.7451904707e-07    |    3.3658065707e+03    |    3.3658068027e+03    |
| 0.29300 |    3.7440021894e-07    |    3.3766483576e+03    |    3.3766486154e+03    |
| 0.29400 |    3.7428103783e-07    |    3.3874779510e+03    |    3.3874782347e+03    |
| 0.29500 |    3.7416150466e-07    |    3.3982952258e+03    |    3.3982955355e+03    |
| 0.29600 |    3.7404162033e-07    |    3.4091000563e+03    |    3.4091003921e+03    |
| 0.29700 |    3.7392138578e-07    |    3.4198923160e+03    |    3.4198926779e+03    |
| 0.29800 |    3.7380080194e-07    |    3.4306718775e+03    |    3.4306722657e+03    |
| 0.29900 |    3.7367986976e-07    |    3.4414386131e+03    |    3.4414390276e+03    |
| 0.30000 |    3.7355859021e-07    |    3.4521923940e+03    |    3.4521928349e+03    |
| 0.30100 |    3.7343696423e-07    |    3.4629330910e+03    |    3.4629335583e+03    |
| 0.30200 |    3.7331499281e-07    |    3.4736605740e+03    |    3.4736610679e+03    |
| 0.30300 |    3.7319267693e-07    |    3.4843747124e+03    |    3.4843752328e+03    |
| 0.30400 |    3.7307001758e-07    |    3.4950753745e+03    |    3.4950759218e+03    |
| 0.30500 |    3.7294701575e-07    |    3.5057624285e+03    |    3.5057630025e+03    |
| 0.30600 |    3.7282367247e-07    |    3.5164357414e+03    |    3.5164363423e+03    |
| 0.30700 |    3.7269998875e-07    |    3.5270951797e+03    |    3.5270958076e+03    |
| 0.30800 |    3.7257596561e-07    |    3.5377406093e+03    |    3.5377412642e+03    |
| 0.30900 |    3.7245160411e-07    |    3.5483718953e+03    |    3.5483725773e+03    |
| 0.31000 |    3.7232690527e-07    |    3.5589889020e+03    |    3.5589896112e+03    |
| 0.31100 |    3.7220187017e-07    |    3.5695914933e+03    |    3.5695922298e+03    |
| 0.31200 |    3.7207649986e-07    |    3.5801795321e+03    |    3.5801802960e+03    |
| 0.31300 |    3.7195079543e-07    |    3.5907528809e+03    |    3.5907536723e+03    |
| 0.31400 |    3.7182475795e-07    |    3.6013114014e+03    |    3.6013122204e+03    |
| 0.31500 |    3.7169838853e-07    |    3.6118549545e+03    |    3.6118558012e+03    |
| 0.31600 |    3.7157168826e-07    |    3.6223834007e+03    |    3.6223842751e+03    |
| 0.31700 |    3.7144465826e-07    |    3.6328965996e+03    |    3.6328975018e+03    |
| 0.31800 |    3.7131729966e-07    |    3.6433944102e+03    |    3.6433953402e+03    |
| 0.31900 |    3.7118961359e-07    |    3.6538766907e+03    |    3.6538776488e+03    |
| 0.32000 |    3.7106160119e-07    |    3.6643432990e+03    |    3.6643442852e+03    |
| 0.32100 |    3.7093326361e-07    |    3.6747940920e+03    |    3.6747951064e+03    |
| 0.32200 |    3.7080460203e-07    |    3.6852289260e+03    |    3.6852299687e+03    |
| 0.32300 |    3.7067561760e-07    |    3.6956476568e+03    |    3.6956487278e+03    |
| 0.32400 |    3.7054631151e-07    |    3.7060501393e+03    |    3.7060512388e+03    |
| 0.32500 |    3.7041668496e-07    |    3.7164362279e+03    |    3.7164373559e+03    |
| 0.32600 |    3.7028673915e-07    |    3.7268057765e+03    |    3.7268069331e+03    |
| 0.32700 |    3.7015647528e-07    |    3.7371586379e+03    |    3.7371598233e+03    |
| 0.32800 |    3.7002589459e-07    |    3.7474946647e+03    |    3.7474958789e+03    |
| 0.32900 |    3.6989499831e-07    |    3.7578137087e+03    |    3.7578149518e+03    |
| 0.33000 |    3.6976378767e-07    |    3.7681156211e+03    |    3.7681168932e+03    |
| 0.33100 |    3.6963226393e-07    |    3.7784002523e+03    |    3.7784015535e+03    |
| 0.33200 |    3.6950042836e-07    |    3.7886674523e+03    |    3.7886687827e+03    |
| 0.33300 |    3.6936828222e-07    |    3.7989170703e+03    |    3.7989184300e+03    |
| 0.33400 |    3.6923582680e-07    |    3.8091489550e+03    |    3.8091503440e+03    |
| 0.33500 |    3.6910306339e-07    |    3.8193629544e+03    |    3.8193643729e+03    |
| 0.33600 |    3.6896999330e-07    |    3.8295589158e+03    |    3.8295603639e+03    |
| 0.33700 |    3.6883661784e-07    |    3.8397366862e+03    |    3.8397381639e+03    |
| 0.33800 |    3.6870293834e-07    |    3.8498961117e+03    |    3.8498976192e+03    |
| 0.33900 |    3.6856895612e-07    |    3.8600370378e+03    |    3.8600385751e+03    |
| 0.34000 |    3.6843467254e-07    |    3.8701593096e+03    |    3.8701608768e+03    |
| 0.34100 |    3.6830008895e-07    |    3.8802627714e+03    |    3.8802643687e+03    |
| 0.34200 |    3.6816520671e-07    |    3.8903472670e+03    |    3.8903488944e+03    |
| 0.34300 |    3.6803002721e-07    |    3.9004126396e+03    |    3.9004142972e+03    |
| 0.34400 |    3.6789455183e-07    |    3.9104587318e+03    |    3.9104604198e+03    |
| 0.34500 |    3.6775878196e-07    |    3.9204853857e+03    |    3.9204871041e+03    |
| 0.34600 |    3.6762271902e-07    |    3.9304924427e+03    |    3.9304941915e+03    |
| 0.34700 |    3.6748636442e-07    |    3.9404797436e+03    |    3.9404815231e+03    |
| 0.34800 |    3.6734971960e-07    |    3.9504471289e+03    |    3.9504489390e+03    |
| 0.34900 |    3.6721278598e-07    |    3.9603944382e+03    |    3.9603962791e+03    |
| 0.35000 |    3.6707556503e-07    |    3.9703215107e+03    |    3.9703233826e+03    |
| 0.35100 |    3.6693805820e-07    |    3.9802281851e+03    |    3.9802300880e+03    |
| 0.35200 |    3.6680026696e-07    |    3.9901142995e+03    |    3.9901162335e+03    |
| 0.35300 |    3.6666219280e-07    |    3.9999796915e+03    |    3.9999816565e+03    |
| 0.35400 |    3.6652383721e-07    |    4.0098241979e+03    |    4.0098261943e+03    |
| 0.35500 |    3.6638520169e-07    |    4.0196476554e+03    |    4.0196496831e+03    |
| 0.35600 |    3.6624628776e-07    |    4.0294498998e+03    |    4.0294519589e+03    |
| 0.35700 |    3.6610709694e-07    |    4.0392307665e+03    |    4.0392328573e+03    |
| 0.35800 |    3.6596763077e-07    |    4.0489900906e+03    |    4.0489922130e+03    |
| 0.35900 |    3.6582789080e-07    |    4.0587277063e+03    |    4.0587298605e+03    |
| 0.36000 |    3.6568787857e-07    |    4.0684434476e+03    |    4.0684456336e+03    |
| 0.36100 |    3.6554759567e-07    |    4.0781371478e+03    |    4.0781393658e+03    |
| 0.36200 |    3.6540704367e-07    |    4.0878086398e+03    |    4.0878108899e+03    |
| 0.36300 |    3.6526622416e-07    |    4.0974577561e+03    |    4.0974600383e+03    |
| 0.36400 |    3.6512513874e-07    |    4.1070843286e+03    |    4.1070866430e+03    |
| 0.36500 |    3.6498378902e-07    |    4.1166881886e+03    |    4.1166905353e+03    |
| 0.36600 |    3.6484217663e-07    |    4.1262691671e+03    |    4.1262715463e+03    |
| 0.36700 |    3.6470030320e-07    |    4.1358270947e+03    |    4.1358295064e+03    |
| 0.36800 |    3.6455817037e-07    |    4.1453618014e+03    |    4.1453642457e+03    |
| 0.36900 |    3.6441577980e-07    |    4.1548731168e+03    |    4.1548755938e+03    |
| 0.37000 |    3.6427313316e-07    |    4.1643608700e+03    |    4.1643633798e+03    |
| 0.37100 |    3.6413023212e-07    |    4.1738248897e+03    |    4.1738274324e+03    |
| 0.37200 |    3.6398707837e-07    |    4.1832650041e+03    |    4.1832675799e+03    |
| 0.37300 |    3.6384367360e-07    |    4.1926810412e+03    |    4.1926836501e+03    |
| 0.37400 |    3.6370001954e-07    |    4.2020728283e+03    |    4.2020754704e+03    |
| 0.37500 |    3.6355611790e-07    |    4.2114401925e+03    |    4.2114428678e+03    |
| 0.37600 |    3.6341197042e-07    |    4.2207829602e+03    |    4.2207856690e+03    |
| 0.37700 |    3.6326757883e-07    |    4.2301009578e+03    |    4.2301037001e+03    |
| 0.37800 |    3.6312294489e-07    |    4.2393940111e+03    |    4.2393967869e+03    |
| 0.37900 |    3.6297807036e-07    |    4.2486619454e+03    |    4.2486647548e+03    |
| 0.38000 |    3.6283295703e-07    |    4.2579045857e+03    |    4.2579074290e+03    |
| 0.38100 |    3.6268760667e-07    |    4.2671217568e+03    |    4.2671246340e+03    |
| 0.38200 |    3.6254202109e-07    |    4.2763132830e+03    |    4.2763161941e+03    |
| 0.38300 |    3.6239620210e-07    |    4.2854789882e+03    |    4.2854819334e+03    |
| 0.38400 |    3.6225015151e-07    |    4.2946186961e+03    |    4.2946216754e+03    |
| 0.38500 |    3.6210387116e-07    |    4.3037322297e+03    |    4.3037352433e+03    |
| 0.38600 |    3.6195736288e-07    |    4.3128194122e+03    |    4.3128224601e+03    |
| 0.38700 |    3.6181062854e-07    |    4.3218800661e+03    |    4.3218831485e+03    |
| 0.38800 |    3.6166366999e-07    |    4.3309140137e+03    |    4.3309171306e+03    |
| 0.38900 |    3.6151648911e-07    |    4.3399210770e+03    |    4.3399242285e+03    |
| 0.39000 |    3.6136908778e-07    |    4.3489010776e+03    |    4.3489042638e+03    |
| 0.39100 |    3.6122146790e-07    |    4.3578538370e+03    |    4.3578570580e+03    |
| 0.39200 |    3.6107363139e-07    |    4.3667791762e+03    |    4.3667824321e+03    |
| 0.39300 |    3.6092558015e-07    |    4.3756769160e+03    |    4.3756802070e+03    |
| 0.39400 |    3.6077731612e-07    |    4.3845468771e+03    |    4.3845502031e+03    |
| 0.39500 |    3.6062884124e-07    |    4.3933888797e+03    |    4.3933922409e+03    |
| 0.39600 |    3.6048015745e-07    |    4.4022027439e+03    |    4.4022061404e+03    |
| 0.39700 |    3.6033126673e-07    |    4.4109882895e+03    |    4.4109917214e+03    |
| 0.39800 |    3.6018217104e-07    |    4.4197453361e+03    |    4.4197488034e+03    |
| 0.39900 |    3.6003287237e-07    |    4.4284737030e+03    |    4.4284772059e+03    |
| 0.40000 |    3.5988337271e-07    |    4.4371732094e+03    |    4.4371767479e+03    |
| 0.40100 |    3.5973367407e-07    |    4.4458436743e+03    |    4.4458472485e+03    |
| 0.40200 |    3.5958377847e-07    |    4.4544849163e+03    |    4.4544885263e+03    |
| 0.40300 |    3.5943368792e-07    |    4.4630967540e+03    |    4.4631004000e+03    |
| 0.40400 |    3.5928340448e-07    |    4.4716790059e+03    |    4.4716826878e+03    |
| 0.40500 |    3.5913293019e-07    |    4.4802314901e+03    |    4.4802352081e+03    |
| 0.40600 |    3.5898226710e-07    |    4.4887540247e+03    |    4.4887577790e+03    |
| 0.40700 |    3.5883141729e-07    |    4.4972464277e+03    |    4.4972502182e+03    |
| 0.40800 |    3.5868038284e-07    |    4.5057085168e+03    |    4.5057123437e+03    |
| 0.40900 |    3.5852916584e-07    |    4.5141401096e+03    |    4.5141439730e+03    |
| 0.41000 |    3.5837776839e-07    |    4.5225410238e+03    |    4.5225449237e+03    |
| 0.41100 |    3.5822619261e-07    |    4.5309110768e+03    |    4.5309150133e+03    |
| 0.41200 |    3.5807444062e-07    |    4.5392500858e+03    |    4.5392540590e+03    |
| 0.41300 |    3.5792251455e-07    |    4.5475578681e+03    |    4.5475618782e+03    |
| 0.41400 |    3.5777041655e-07    |    4.5558342410e+03    |    4.5558382879e+03    |
| 0.41500 |    3.5761814877e-07    |    4.5640790215e+03    |    4.5640831054e+03    |
| 0.41600 |    3.5746571338e-07    |    4.5722920267e+03    |    4.5722961477e+03    |
| 0.41700 |    3.5731311255e-07    |    4.5804730737e+03    |    4.5804772318e+03    |
| 0.41800 |    3.5716034847e-07    |    4.5886219793e+03    |    4.5886261747e+03    |
| 0.41900 |    3.5700742333e-07    |    4.5967385606e+03    |    4.5967427933e+03    |
| 0.42000 |    3.5685433935e-07    |    4.6048226345e+03    |    4.6048269046e+03    |
| 0.42100 |    3.5670109874e-07    |    4.6128740181e+03    |    4.6128783256e+03    |
| 0.42200 |    3.5654770373e-07    |    4.6208925281e+03    |    4.6208968733e+03    |
| 0.42300 |    3.5639415656e-07    |    4.6288779817e+03    |    4.6288823645e+03    |
| 0.42400 |    3.5624045947e-07    |    4.6368301959e+03    |    4.6368346165e+03    |
| 0.42500 |    3.5608661472e-07    |    4.6447489877e+03    |    4.6447534461e+03    |
| 0.42600 |    3.5593262458e-07    |    4.6526341744e+03    |    4.6526386706e+03    |
| 0.42700 |    3.5577849133e-07    |    4.6604855730e+03    |    4.6604901073e+03    |
| 0.42800 |    3.5562421726e-07    |    4.6683030009e+03    |    4.6683075732e+03    |
| 0.42900 |    3.5546980466e-07    |    4.6760862754e+03    |    4.6760908859e+03    |
| 0.43000 |    3.5531525584e-07    |    4.6838352141e+03    |    4.6838398629e+03    |
| 0.43100 |    3.5516057313e-07    |    4.6915496346e+03    |    4.6915543217e+03    |
| 0.43200 |    3.5500575885e-07    |    4.6992293546e+03    |    4.6992340800e+03    |
| 0.43300 |    3.5485081533e-07    |    4.7068741919e+03    |    4.7068789558e+03    |
| 0.43400 |    3.5469574493e-07    |    4.7144839647e+03    |    4.7144887672e+03    |
| 0.43500 |    3.5454055000e-07    |    4.7220584910e+03    |    4.7220633322e+03    |
| 0.43600 |    3.5438523291e-07    |    4.7295975894e+03    |    4.7296024692e+03    |
| 0.43700 |    3.5422979603e-07    |    4.7371010784e+03    |    4.7371059970e+03    |
| 0.43800 |    3.5407424176e-07    |    4.7445687767e+03    |    4.7445737342e+03    |
| 0.43900 |    3.5391857248e-07    |    4.7520005033e+03    |    4.7520054998e+03    |
| 0.44000 |    3.5376279060e-07    |    4.7593960776e+03    |    4.7594011131e+03    |
| 0.44100 |    3.5360689854e-07    |    4.7667553189e+03    |    4.7667603935e+03    |
| 0.44200 |    3.5345089872e-07    |    4.7740780471e+03    |    4.7740831608e+03    |
| 0.44300 |    3.5329479357e-07    |    4.7813640821e+03    |    4.7813692351e+03    |
| 0.44400 |    3.5313858553e-07    |    4.7886132441e+03    |    4.7886184365e+03    |
| 0.44500 |    3.5298227706e-07    |    4.7958253539e+03    |    4.7958305856e+03    |
| 0.44600 |    3.5282587061e-07    |    4.8030002323e+03    |    4.8030055035e+03    |
| 0.44700 |    3.5266936866e-07    |    4.8101377005e+03    |    4.8101430112e+03    |
| 0.44800 |    3.5251277368e-07    |    4.8172375801e+03    |    4.8172429305e+03    |
| 0.44900 |    3.5235608815e-07    |    4.8242996930e+03    |    4.8243050831e+03    |
| 0.45000 |    3.5219931459e-07    |    4.8313238615e+03    |    4.8313292913e+03    |
| 0.45100 |    3.5204245548e-07    |    4.8383099083e+03    |    4.8383153779e+03    |
| 0.45200 |    3.5188551334e-07    |    4.8452576563e+03    |    4.8452631659e+03    |
| 0.45300 |    3.5172849069e-07    |    4.8521669292e+03    |    4.8521724787e+03    |
| 0.45400 |    3.5157139007e-07    |    4.8590375507e+03    |    4.8590431403e+03    |
| 0.45500 |    3.5141421402e-07    |    4.8658693452e+03    |    4.8658749749e+03    |
| 0.45600 |    3.5125696507e-07    |    4.8726621375e+03    |    4.8726678074e+03    |
| 0.45700 |    3.5109964578e-07    |    4.8794157528e+03    |    4.8794214630e+03    |
| 0.45800 |    3.5094225872e-07    |    4.8861300168e+03    |    4.8861357673e+03    |
| 0.45900 |    3.5078480646e-07    |    4.8928047558e+03    |    4.8928105467e+03    |
| 0.46000 |    3.5062729158e-07    |    4.8994397965e+03    |    4.8994456278e+03    |
| 0.46100 |    3.5046971667e-07    |    4.9060349661e+03    |    4.9060408380e+03    |
| 0.46200 |    3.5031208432e-07    |    4.9125900925e+03    |    4.9125960049e+03    |
| 0.46300 |    3.5015439713e-07    |    4.9191050039e+03    |    4.9191109570e+03    |
| 0.46400 |    3.4999665772e-07    |    4.9255795292e+03    |    4.9255855231e+03    |
| 0.46500 |    3.4983886870e-07    |    4.9320134981e+03    |    4.9320195327e+03    |
| 0.46600 |    3.4968103270e-07    |    4.9384067406e+03    |    4.9384128160e+03    |
| 0.46700 |    3.4952315236e-07    |    4.9447590873e+03    |    4.9447652037e+03    |
| 0.46800 |    3.4936523031e-07    |    4.9510703696e+03    |    4.9510765270e+03    |
| 0.46900 |    3.4920726920e-07    |    4.9573404196e+03    |    4.9573466180e+03    |
| 0.47000 |    3.4904927170e-07    |    4.9635690699e+03    |    4.9635753094e+03    |
| 0.47100 |    3.4889124045e-07    |    4.9697561537e+03    |    4.9697624344e+03    |
| 0.47200 |    3.4873317813e-07    |    4.9759015051e+03    |    4.9759078270e+03    |
| 0.47300 |    3.4857508742e-07    |    4.9820049589e+03    |    4.9820113221e+03    |
| 0.47400 |    3.4841697101e-07    |    4.9880663504e+03    |    4.9880727550e+03    |
| 0.47500 |    3.4825883157e-07    |    4.9940855159e+03    |    4.9940919619e+03    |
| 0.47600 |    3.4810067180e-07    |    5.0000622923e+03    |    5.0000687797e+03    |
| 0.47700 |    3.4794249442e-07    |    5.0059965173e+03    |    5.0060030463e+03    |
| 0.47800 |    3.4778430213e-07    |    5.0118880295e+03    |    5.0118946000e+03    |
| 0.47900 |    3.4762609764e-07    |    5.0177366680e+03    |    5.0177432801e+03    |
| 0.48000 |    3.4746788367e-07    |    5.0235422730e+03    |    5.0235489269e+03    |
| 0.48100 |    3.4730966297e-07    |    5.0293046856e+03    |    5.0293113812e+03    |
| 0.48200 |    3.4715143825e-07    |    5.0350237474e+03    |    5.0350304849e+03    |
| 0.48300 |    3.4699321226e-07    |    5.0406993013e+03    |    5.0407060806e+03    |
| 0.48400 |    3.4683498774e-07    |    5.0463311906e+03    |    5.0463380118e+03    |
| 0.48500 |    3.4667676745e-07    |    5.0519192599e+03    |    5.0519261232e+03    |
| 0.48600 |    3.4651855414e-07    |    5.0574633547e+03    |    5.0574702599e+03    |
| 0.48700 |    3.4636035058e-07    |    5.0629633211e+03    |    5.0629702684e+03    |
| 0.48800 |    3.4620215952e-07    |    5.0684190064e+03    |    5.0684259959e+03    |
| 0.48900 |    3.4604398376e-07    |    5.0738302589e+03    |    5.0738372906e+03    |
| 0.49000 |    3.4588582606e-07    |    5.0791969278e+03    |    5.0792040018e+03    |
| 0.49100 |    3.4572768920e-07    |    5.0845188633e+03    |    5.0845259796e+03    |
| 0.49200 |    3.4556957598e-07    |    5.0897959166e+03    |    5.0898030753e+03    |
| 0.49300 |    3.4541148919e-07    |    5.0950279401e+03    |    5.0950351411e+03    |
| 0.49400 |    3.4525343162e-07    |    5.1002147869e+03    |    5.1002220304e+03    |
| 0.49500 |    3.4509540608e-07    |    5.1053563116e+03    |    5.1053635976e+03    |
| 0.49600 |    3.4493741538e-07    |    5.1104523695e+03    |    5.1104596981e+03    |
| 0.49700 |    3.4477946231e-07    |    5.1155028172e+03    |    5.1155101884e+03    |
| 0.49800 |    3.4462154970e-07    |    5.1205075125e+03    |    5.1205149264e+03    |
| 0.49900 |    3.4446368038e-07    |    5.1254663141e+03    |    5.1254737707e+03    |
| 0.50000 |    3.4430585714e-07    |    5.1313741840e+03    |    5.1303865815e+03    |
| 0.50100 |    3.4414802163e-07    |    5.1372845444e+03    |    5.1352532200e+03    |
| 0.50200 |    3.4399023503e-07    |    5.1421998827e+03    |    5.1400735490e+03    |
| 0.50300 |    3.4383250018e-07    |    5.1470691387e+03    |    5.1448474320e+03    |
| 0.50400 |    3.4367481992e-07    |    5.1518921762e+03    |    5.1495747339e+03    |
| 0.50500 |    3.4351719708e-07    |    5.1566688603e+03    |    5.1542553205e+03    |
| 0.50600 |    3.4335963450e-07    |    5.1613990571e+03    |    5.1588890593e+03    |
| 0.50700 |    3.4320213503e-07    |    5.1660826342e+03    |    5.1634758187e+03    |
| 0.50800 |    3.4304470151e-07    |    5.1707194604e+03    |    5.1680154687e+03    |
| 0.50900 |    3.4288733679e-07    |    5.1753094056e+03    |    5.1725078804e+03    |
| 0.51000 |    3.4273004373e-07    |    5.1798523412e+03    |    5.1769529262e+03    |
| 0.51100 |    3.4257282517e-07    |    5.1843481399e+03    |    5.1813504800e+03    |
| 0.51200 |    3.4241568398e-07    |    5.1887966757e+03    |    5.1857004170e+03    |
| 0.51300 |    3.4225862301e-07    |    5.1931978240e+03    |    5.1900026138e+03    |
| 0.51400 |    3.4210164513e-07    |    5.1975514616e+03    |    5.1942569483e+03    |
| 0.51500 |    3.4194475320e-07    |    5.2018574666e+03    |    5.1984632999e+03    |
| 0.51600 |    3.4178795008e-07    |    5.2061157185e+03    |    5.2026215494e+03    |
| 0.51700 |    3.4163123865e-07    |    5.2103260983e+03    |    5.2067315790e+03    |
| 0.51800 |    3.4147462177e-07    |    5.2144884884e+03    |    5.2107932726e+03    |
| 0.51900 |    3.4131810230e-07    |    5.2186027728e+03    |    5.2148065152e+03    |
| 0.52000 |    3.4116168313e-07    |    5.2226688368e+03    |    5.2187711937e+03    |
| 0.52100 |    3.4100536713e-07    |    5.2266865673e+03    |    5.2226871961e+03    |
| 0.52200 |    3.4084915716e-07    |    5.2306558526e+03    |    5.2265544124e+03    |
| 0.52300 |    3.4069305611e-07    |    5.2345765827e+03    |    5.2303727338e+03    |
| 0.52400 |    3.4053706685e-07    |    5.2384486490e+03    |    5.2341420532e+03    |
| 0.52500 |    3.4038119225e-07    |    5.2422719446e+03    |    5.2378622650e+03    |
| 0.52600 |    3.4022543519e-07    |    5.2460463641e+03    |    5.2415332654e+03    |
| 0.52700 |    3.4006979855e-07    |    5.2497718037e+03    |    5.2451549521e+03    |
| 0.52800 |    3.3991428521e-07    |    5.2534481612e+03    |    5.2487272243e+03    |
| 0.52900 |    3.3975889803e-07    |    5.2570753362e+03    |    5.2522499832e+03    |
| 0.53000 |    3.3960363990e-07    |    5.2606532297e+03    |    5.2557231314e+03    |
| 0.53100 |    3.3944851370e-07    |    5.2641817447e+03    |    5.2591465732e+03    |
| 0.53200 |    3.3929352229e-07    |    5.2676607854e+03    |    5.2625202147e+03    |
| 0.53300 |    3.3913866856e-07    |    5.2710902583e+03    |    5.2658439638e+03    |
| 0.53400 |    3.3898395537e-07    |    5.2744700712e+03    |    5.2691177300e+03    |
| 0.53500 |    3.3882938560e-07    |    5.2778001338e+03    |    5.2723414247e+03    |
| 0.53600 |    3.3867496213e-07    |    5.2810803575e+03    |    5.2755149608e+03    |
| 0.53700 |    3.3852068782e-07    |    5.2843106555e+03    |    5.2786382534e+03    |
| 0.53800 |    3.3836656554e-07    |    5.2874909429e+03    |    5.2817112190e+03    |
| 0.53900 |    3.3821259817e-07    |    5.2906211365e+03    |    5.2847337764e+03    |
| 0.54000 |    3.3805878856e-07    |    5.2937011549e+03    |    5.2877058457e+03    |
| 0.54100 |    3.3790513958e-07    |    5.2967309186e+03    |    5.2906273494e+03    |
| 0.54200 |    3.3775165409e-07    |    5.2997103499e+03    |    5.2934982115e+03    |
| 0.54300 |    3.3759833495e-07    |    5.3026393732e+03    |    5.2963183580e+03    |
| 0.54400 |    3.3744518502e-07    |    5.3055179144e+03    |    5.2990877169e+03    |
| 0.54500 |    3.3729220715e-07    |    5.3083459018e+03    |    5.3018062181e+03    |
| 0.54600 |    3.3713940419e-07    |    5.3111232652e+03    |    5.3044737934e+03    |
| 0.54700 |    3.3698677900e-07    |    5.3138499366e+03    |    5.3070903766e+03    |
| 0.54800 |    3.3683433442e-07    |    5.3165258499e+03    |    5.3096559034e+03    |
| 0.54900 |    3.3668207328e-07    |    5.3191509409e+03    |    5.3121703117e+03    |
| 0.55000 |    3.3652999844e-07    |    5.3217251475e+03    |    5.3146335411e+03    |
| 0.55100 |    3.3637811272e-07    |    5.3242484096e+03    |    5.3170455337e+03    |
| 0.55200 |    3.3622641896e-07    |    5.3267206691e+03    |    5.3194062331e+03    |
| 0.55300 |    3.3607491999e-07    |    5.3291418700e+03    |    5.3217155853e+03    |
| 0.55400 |    3.3592361862e-07    |    5.3315119582e+03    |    5.3239735384e+03    |
| 0.55500 |    3.3577251768e-07    |    5.3338308820e+03    |    5.3261800425e+03    |
| 0.55600 |    3.3562161998e-07    |    5.3360985914e+03    |    5.3283350497e+03    |
| 0.55700 |    3.3547092833e-07    |    5.3383150389e+03    |    5.3304385144e+03    |
| 0.55800 |    3.3532044554e-07    |    5.3404801788e+03    |    5.3324903931e+03    |
| 0.55900 |    3.3517017441e-07    |    5.3425939677e+03    |    5.3344906445e+03    |
| 0.56000 |    3.3502011774e-07    |    5.3446563643e+03    |    5.3364392293e+03    |
| 0.56100 |    3.3487027830e-07    |    5.3466673297e+03    |    5.3383361106e+03    |
| 0.56200 |    3.3472065889e-07    |    5.3486268268e+03    |    5.3401812536e+03    |
| 0.56300 |    3.3457126230e-07    |    5.3505348210e+03    |    5.3419746257e+03    |
| 0.56400 |    3.3442209128e-07    |    5.3523912798e+03    |    5.3437161967e+03    |
| 0.56500 |    3.3427314860e-07    |    5.3541961730e+03    |    5.3454059383e+03    |
| 0.56600 |    3.3412443704e-07    |    5.3559494726e+03    |    5.3470438249e+03    |
| 0.56700 |    3.3397595933e-07    |    5.3576511530e+03    |    5.3486298329e+03    |
| 0.56800 |    3.3382771824e-07    |    5.3593011906e+03    |    5.3501639411e+03    |
| 0.56900 |    3.3367971650e-07    |    5.3608995643e+03    |    5.3516461305e+03    |
| 0.57000 |    3.3353195684e-07    |    5.3624462554e+03    |    5.3530763845e+03    |
| 0.57100 |    3.3338444200e-07    |    5.3639412472e+03    |    5.3544546890e+03    |
| 0.57200 |    3.3323717469e-07    |    5.3653845258e+03    |    5.3557810318e+03    |
| 0.57300 |    3.3309015762e-07    |    5.3667760792e+03    |    5.3570554036e+03    |
| 0.57400 |    3.3294339351e-07    |    5.3681158980e+03    |    5.3582777971e+03    |
| 0.57500 |    3.3279688504e-07    |    5.3694039752e+03    |    5.3594482077e+03    |
| 0.57600 |    3.3265063491e-07    |    5.3706403061e+03    |    5.3605666328e+03    |
| 0.57700 |    3.3250464580e-07    |    5.3718248884e+03    |    5.3616330726e+03    |
| 0.57800 |    3.3235892039e-07    |    5.3729577224e+03    |    5.3626475296e+03    |
| 0.57900 |    3.3221346133e-07    |    5.3740388107e+03    |    5.3636100086e+03    |
| 0.58000 |    3.3206827128e-07    |    5.3750681583e+03    |    5.3645205172e+03    |
| 0.58100 |    3.3192335289e-07    |    5.3760457727e+03    |    5.3653790651e+03    |
| 0.58200 |    3.3177870880e-07    |    5.3769716639e+03    |    5.3661856647e+03    |
| 0.58300 |    3.3163434164e-07    |    5.3778458445e+03    |    5.3669403309e+03    |
| 0.58400 |    3.3149025402e-07    |    5.3786683293e+03    |    5.3676430809e+03    |
| 0.58500 |    3.3134644856e-07    |    5.3794391360e+03    |    5.3682939348e+03    |
| 0.58600 |    3.3120292786e-07    |    5.3801582846e+03    |    5.3688929149e+03    |
| 0.58700 |    3.3105969450e-07    |    5.3808257975e+03    |    5.3694400461e+03    |
| 0.58800 |    3.3091675108e-07    |    5.3814416999e+03    |    5.3699353560e+03    |
| 0.58900 |    3.3077410015e-07    |    5.3820060196e+03    |    5.3703788746e+03    |
| 0.59000 |    3.3063174428e-07    |    5.3825187866e+03    |    5.3707706346e+03    |
| 0.59100 |    3.3048968602e-07    |    5.3829800339e+03    |    5.3711106712e+03    |
| 0.59200 |    3.3034792791e-07    |    5.3833897969e+03    |    5.3713990223e+03    |
| 0.59300 |    3.3020647247e-07    |    5.3837481137e+03    |    5.3716357284e+03    |
| 0.59400 |    3.3006532223e-07    |    5.3840550247e+03    |    5.3718208324e+03    |
| 0.59500 |    3.2992447968e-07    |    5.3843105734e+03    |    5.3719543802e+03    |
| 0.59600 |    3.2978394732e-07    |    5.3845148056e+03    |    5.3720364199e+03    |
| 0.59700 |    3.2964372764e-07    |    5.3846677698e+03    |    5.3720670027e+03    |
| 0.59800 |    3.2950382311e-07    |    5.3847695173e+03    |    5.3720461822e+03    |
| 0.59900 |    3.2936423617e-07    |    5.3848201020e+03    |    5.3719740146e+03    |
| 0.60000 |    3.2922496929e-07    |    5.3848195804e+03    |    5.3718505590e+03    |
| 0.60100 |    3.2908602489e-07    |    5.3847680116e+03    |    5.3716758771e+03    |
| 0.60200 |    3.2894740540e-07    |    5.3846654577e+03    |    5.3714500331e+03    |
| 0.60300 |    3.2880911323e-07    |    5.3845119832e+03    |    5.3711730942e+03    |
| 0.60400 |    3.2867115077e-07    |    5.3843076555e+03    |    5.3708451302e+03    |
| 0.60500 |    3.2853352041e-07    |    5.3840525446e+03    |    5.3704662134e+03    |
| 0.60600 |    3.2839622452e-07    |    5.3837467232e+03    |    5.3700364192e+03    |
| 0.60700 |    3.2825926545e-07    |    5.3833902670e+03    |    5.3695558255e+03    |
| 0.60800 |    3.2812264555e-07    |    5.3829832540e+03    |    5.3690245129e+03    |
| 0.60900 |    3.2798636715e-07    |    5.3825257654e+03    |    5.3684425649e+03    |
| 0.61000 |    3.2785043257e-07    |    5.3820178848e+03    |    5.3678100677e+03    |
| 0.61100 |    3.2771484410e-07    |    5.3814596988e+03    |    5.3671271101e+03    |
| 0.61200 |    3.2757960405e-07    |    5.3808512965e+03    |    5.3663937839e+03    |
| 0.61300 |    3.2744471467e-07    |    5.3801927701e+03    |    5.3656101835e+03    |
| 0.61400 |    3.2731017824e-07    |    5.3794842143e+03    |    5.3647764061e+03    |
| 0.61500 |    3.2717599700e-07    |    5.3787257268e+03    |    5.3638925517e+03    |
| 0.61600 |    3.2704217317e-07    |    5.3779174079e+03    |    5.3629587232e+03    |
| 0.61700 |    3.2690870898e-07    |    5.3770593608e+03    |    5.3619750260e+03    |
| 0.61800 |    3.2677560663e-07    |    5.3761516915e+03    |    5.3609415686e+03    |
| 0.61900 |    3.2664286829e-07    |    5.3751945087e+03    |    5.3598584620e+03    |
| 0.62000 |    3.2651049615e-07    |    5.3741879240e+03    |    5.3587258202e+03    |
| 0.62100 |    3.2637849235e-07    |    5.3731320518e+03    |    5.3575437600e+03    |
| 0.62200 |    3.2624685904e-07    |    5.3720270094e+03    |    5.3563124009e+03    |
| 0.62300 |    3.2611559834e-07    |    5.3708729166e+03    |    5.3550318652e+03    |
| 0.62400 |    3.2598471235e-07    |    5.3696698964e+03    |    5.3537022782e+03    |
| 0.62500 |    3.2585420317e-07    |    5.3684180743e+03    |    5.3523237676e+03    |
| 0.62600 |    3.2572407287e-07    |    5.3671175790e+03    |    5.3508964643e+03    |
| 0.62700 |    3.2559432351e-07    |    5.3657685415e+03    |    5.3494205020e+03    |
| 0.62800 |    3.2546495714e-07    |    5.3643710962e+03    |    5.3478960168e+03    |
| 0.62900 |    3.2533597577e-07    |    5.3629253798e+03    |    5.3463231482e+03    |
| 0.63000 |    3.2520738142e-07    |    5.3614315322e+03    |    5.3447020379e+03    |
| 0.63100 |    3.2507917608e-07    |    5.3598896960e+03    |    5.3430328310e+03    |
| 0.63200 |    3.2495136173e-07    |    5.3583000166e+03    |    5.3413156749e+03    |
| 0.63300 |    3.2482394031e-07    |    5.3566626422e+03    |    5.3395507201e+03    |
| 0.63400 |    3.2469691378e-07    |    5.3549777239e+03    |    5.3377381199e+03    |
| 0.63500 |    3.2457028405e-07    |    5.3532454157e+03    |    5.3358780302e+03    |
| 0.63600 |    3.2444405303e-07    |    5.3514658741e+03    |    5.3339706100e+03    |
| 0.63700 |    3.2431822260e-07    |    5.3496392589e+03    |    5.3320160208e+03    |
| 0.63800 |    3.2419279464e-07    |    5.3477657322e+03    |    5.3300144272e+03    |
| 0.63900 |    3.2406777100e-07    |    5.3458454594e+03    |    5.3279659962e+03    |
| 0.64000 |    3.2394315350e-07    |    5.3438786083e+03    |    5.3258708981e+03    |
| 0.64100 |    3.2381894397e-07    |    5.3418653499e+03    |    5.3237293055e+03    |
| 0.64200 |    3.2369514420e-07    |    5.3398058576e+03    |    5.3215413940e+03    |
| 0.64300 |    3.2357175596e-07    |    5.3377003079e+03    |    5.3193073421e+03    |
| 0.64400 |    3.2344878103e-07    |    5.3355488800e+03    |    5.3170273308e+03    |
| 0.64500 |    3.2332622113e-07    |    5.3333517559e+03    |    5.3147015441e+03    |
| 0.64600 |    3.2320407798e-07    |    5.3311091204e+03    |    5.3123301686e+03    |
| 0.64700 |    3.2308235330e-07    |    5.3288211610e+03    |    5.3099133937e+03    |
| 0.64800 |    3.2296104876e-07    |    5.3264880682e+03    |    5.3074514116e+03    |
| 0.64900 |    3.2284016603e-07    |    5.3241100349e+03    |    5.3049444173e+03    |
| 0.65000 |    3.2271970675e-07    |    5.3216872572e+03    |    5.3023926082e+03    |
| 0.65100 |    3.2259967255e-07    |    5.3192199335e+03    |    5.2997961849e+03    |
| 0.65200 |    3.2248006504e-07    |    5.3167082654e+03    |    5.2971553503e+03    |
| 0.65300 |    3.2236088579e-07    |    5.3141524569e+03    |    5.2944703102e+03    |
| 0.65400 |    3.2224213637e-07    |    5.3115527148e+03    |    5.2917412732e+03    |
| 0.65500 |    3.2212381834e-07    |    5.3089092488e+03    |    5.2889684503e+03    |
| 0.65600 |    3.2200593321e-07    |    5.3062222712e+03    |    5.2861520555e+03    |
| 0.65700 |    3.2188848250e-07    |    5.3034919969e+03    |    5.2832923052e+03    |
| 0.65800 |    3.2177146768e-07    |    5.3007186436e+03    |    5.2803894186e+03    |
| 0.65900 |    3.2165489023e-07    |    5.2979024317e+03    |    5.2774436174e+03    |
| 0.66000 |    3.2153875159e-07    |    5.2950435843e+03    |    5.2744551263e+03    |
| 0.66100 |    3.2142305319e-07    |    5.2921423271e+03    |    5.2714241721e+03    |
| 0.66200 |    3.2130779642e-07    |    5.2891988883e+03    |    5.2683509845e+03    |
| 0.66300 |    3.2119298267e-07    |    5.2862134991e+03    |    5.2652357959e+03    |
| 0.66400 |    3.2107861331e-07    |    5.2831863930e+03    |    5.2620788411e+03    |
| 0.66500 |    3.2096468968e-07    |    5.2801178062e+03    |    5.2588803575e+03    |
| 0.66600 |    3.2085121309e-07    |    5.2770079777e+03    |    5.2556405850e+03    |
| 0.66700 |    3.2073818485e-07    |    5.2738571488e+03    |    5.2523597662e+03    |
| 0.66800 |    3.2062560624e-07    |    5.2706655634e+03    |    5.2490381460e+03    |
| 0.66900 |    3.2051347850e-07    |    5.2674334682e+03    |    5.2456759720e+03    |
| 0.67000 |    3.2040180290e-07    |    5.2641611123e+03    |    5.2422734943e+03    |
| 0.67100 |    3.2029058062e-07    |    5.2608487471e+03    |    5.2388309653e+03    |
| 0.67200 |    3.2017981288e-07    |    5.2574966269e+03    |    5.2353486399e+03    |
| 0.67300 |    3.2006950084e-07    |    5.2541050082e+03    |    5.2318267756e+03    |
| 0.67400 |    3.1995964565e-07    |    5.2506741502e+03    |    5.2282656322e+03    |
| 0.67500 |    3.1985024844e-07    |    5.2472043143e+03    |    5.2246654718e+03    |
| 0.67600 |    3.1974131032e-07    |    5.2436957646e+03    |    5.2210265592e+03    |
| 0.67700 |    3.1963283238e-07    |    5.2401487674e+03    |    5.2173491611e+03    |
| 0.67800 |    3.1952481568e-07    |    5.2365635915e+03    |    5.2136335470e+03    |
| 0.67900 |    3.1941726127e-07    |    5.2329405081e+03    |    5.2098799885e+03    |
| 0.68000 |    3.1931017016e-07    |    5.2292797908e+03    |    5.2060887594e+03    |
| 0.68100 |    3.1920354335e-07    |    5.2255817155e+03    |    5.2022601361e+03    |
| 0.68200 |    3.1909738182e-07    |    5.2218465603e+03    |    5.1983943969e+03    |
| 0.68300 |    3.1899168653e-07    |    5.2180746058e+03    |    5.1944918226e+03    |
| 0.68400 |    3.1888645840e-07    |    5.2142661347e+03    |    5.1905526961e+03    |
| 0.68500 |    3.1878169835e-07    |    5.2104214321e+03    |    5.1865773025e+03    |
| 0.68600 |    3.1867740727e-07    |    5.2065407854e+03    |    5.1825659292e+03    |
| 0.68700 |    3.1857358603e-07    |    5.2026244839e+03    |    5.1785188654e+03    |
| 0.68800 |    3.1847023546e-07    |    5.1986728194e+03    |    5.1744364029e+03    |
| 0.68900 |    3.1836735640e-07    |    5.1946860857e+03    |    5.1703188351e+03    |
| 0.69000 |    3.1826494963e-07    |    5.1906645788e+03    |    5.1661664579e+03    |
| 0.69100 |    3.1816301594e-07    |    5.1866085967e+03    |    5.1619795690e+03    |
| 0.69200 |    3.1806155609e-07    |    5.1825184398e+03    |    5.1577584681e+03    |
| 0.69300 |    3.1796057080e-07    |    5.1783944103e+03    |    5.1535034571e+03    |
| 0.69400 |    3.1786006079e-07    |    5.1742368124e+03    |    5.1492148395e+03    |
| 0.69500 |    3.1776002675e-07    |    5.1700459524e+03    |    5.1448929212e+03    |
| 0.69600 |    3.1766046934e-07    |    5.1658221387e+03    |    5.1405380097e+03    |
| 0.69700 |    3.1756138921e-07    |    5.1615656816e+03    |    5.1361504143e+03    |
| 0.69800 |    3.1746278697e-07    |    5.1572768931e+03    |    5.1317304465e+03    |
| 0.69900 |    3.1736466323e-07    |    5.1529560874e+03    |    5.1272784192e+03    |
| 0.70000 |    3.1726701856e-07    |    5.1486035804e+03    |    5.1227946475e+03    |
| 0.70100 |    3.1716985352e-07    |    5.1442196899e+03    |    5.1182794480e+03    |
| 0.70200 |    3.1707316863e-07    |    5.1398047356e+03    |    5.1137331390e+03    |
| 0.70300 |    3.1697696442e-07    |    5.1353590388e+03    |    5.1091560407e+03    |
| 0.70400 |    3.1688124135e-07    |    5.1308829227e+03    |    5.1045484749e+03    |
| 0.70500 |    3.1678599991e-07    |    5.1263767122e+03    |    5.0999107648e+03    |
| 0.70600 |    3.1669124053e-07    |    5.1218407338e+03    |    5.0952432355e+03    |
| 0.70700 |    3.1659696362e-07    |    5.1172753157e+03    |    5.0905462135e+03    |
| 0.70800 |    3.1650316960e-07    |    5.1126807878e+03    |    5.0858200269e+03    |
| 0.70900 |    3.1640985882e-07    |    5.1080574815e+03    |    5.0810650054e+03    |
| 0.71000 |    3.1631703165e-07    |    5.1034057298e+03    |    5.0762814799e+03    |
| 0.71100 |    3.1622468842e-07    |    5.0987258673e+03    |    5.0714697829e+03    |
| 0.71200 |    3.1613282943e-07    |    5.0940182300e+03    |    5.0666302484e+03    |
| 0.71300 |    3.1604145497e-07    |    5.0892831553e+03    |    5.0617632115e+03    |
| 0.71400 |    3.1595056530e-07    |    5.0845209822e+03    |    5.0568690088e+03    |
| 0.71500 |    3.1586016066e-07    |    5.0797320509e+03    |    5.0519479782e+03    |
| 0.71600 |    3.1577024127e-07    |    5.0749167031e+03    |    5.0470004587e+03    |
| 0.71700 |    3.1568080734e-07    |    5.0700752817e+03    |    5.0420267907e+03    |
| 0.71800 |    3.1559185902e-07    |    5.0652081310e+03    |    5.0370273156e+03    |
| 0.71900 |    3.1550339648e-07    |    5.0603155965e+03    |    5.0320023761e+03    |
| 0.72000 |    3.1541541985e-07    |    5.0553980249e+03    |    5.0269523159e+03    |
| 0.72100 |    3.1532792923e-07    |    5.0504557640e+03    |    5.0218774797e+03    |
| 0.72200 |    3.1524092471e-07    |    5.0454891628e+03    |    5.0167782133e+03    |
| 0.72300 |    3.1515440636e-07    |    5.0404985714e+03    |    5.0116548636e+03    |
| 0.72400 |    3.1506837422e-07    |    5.0354843410e+03    |    5.0065077782e+03    |
| 0.72500 |    3.1498282830e-07    |    5.0304468236e+03    |    5.0013373058e+03    |
| 0.72600 |    3.1489776862e-07    |    5.0253863725e+03    |    4.9961437958e+03    |
| 0.72700 |    3.1481319514e-07    |    5.0203033417e+03    |    4.9909275986e+03    |
| 0.72800 |    3.1472910781e-07    |    5.0151980861e+03    |    4.9856890652e+03    |
| 0.72900 |    3.1464550659e-07    |    5.0100709617e+03    |    4.9804285473e+03    |
| 0.73000 |    3.1456239137e-07    |    5.0049223249e+03    |    4.9751463976e+03    |
| 0.73100 |    3.1447976205e-07    |    4.9997525333e+03    |    4.9698429692e+03    |
| 0.73200 |    3.1439761850e-07    |    4.9945619449e+03    |    4.9645186157e+03    |
| 0.73300 |    3.1431596056e-07    |    4.9893509186e+03    |    4.9591736916e+03    |
| 0.73400 |    3.1423478807e-07    |    4.9841198139e+03    |    4.9538085517e+03    |
| 0.73500 |    3.1415410082e-07    |    4.9788689908e+03    |    4.9484235513e+03    |
| 0.73600 |    3.1407389861e-07    |    4.9735988101e+03    |    4.9430190462e+03    |
| 0.73700 |    3.1399418120e-07    |    4.9683096329e+03    |    4.9375953924e+03    |
| 0.73800 |    3.1391494832e-07    |    4.9630018208e+03    |    4.9321529466e+03    |
| 0.73900 |    3.1383619971e-07    |    4.9576757360e+03    |    4.9266920654e+03    |
| 0.74000 |    3.1375793506e-07    |    4.9523317408e+03    |    4.9212131059e+03    |
| 0.74100 |    3.1368015405e-07    |    4.9469701982e+03    |    4.9157164254e+03    |
| 0.74200 |    3.1360285634e-07    |    4.9415914713e+03    |    4.9102023813e+03    |
| 0.74300 |    3.1352604157e-07    |    4.9361959235e+03    |    4.9046713311e+03    |
| 0.74400 |    3.1344970936e-07    |    4.9307839183e+03    |    4.8991236324e+03    |
| 0.74500 |    3.1337385931e-07    |    4.9253558196e+03    |    4.8935596429e+03    |
| 0.74600 |    3.1329849098e-07    |    4.9199119912e+03    |    4.8879797201e+03    |
| 0.74700 |    3.1322360395e-07    |    4.9144527972e+03    |    4.8823842216e+03    |
| 0.74800 |    3.1314919775e-07    |    4.9089786015e+03    |    4.8767735048e+03    |
| 0.74900 |    3.1307527190e-07    |    4.9034897682e+03    |    4.8711479270e+03    |
| 0.75000 |    3.1300182589e-07    |    4.8979866611e+03    |    4.8655078453e+03    |
| 0.75100 |    3.1292885919e-07    |    4.8924696443e+03    |    4.8598536163e+03    |
| 0.75200 |    3.1285637128e-07    |    4.8869390813e+03    |    4.8541855967e+03    |
| 0.75300 |    3.1278436158e-07    |    4.8813953357e+03    |    4.8485041426e+03    |
| 0.75400 |    3.1271282952e-07    |    4.8758387706e+03    |    4.8428096097e+03    |
| 0.75500 |    3.1264177449e-07    |    4.8702697492e+03    |    4.8371023534e+03    |
| 0.75600 |    3.1257119587e-07    |    4.8646886341e+03    |    4.8313827283e+03    |
| 0.75700 |    3.1250109303e-07    |    4.8590957875e+03    |    4.8256510888e+03    |
| 0.75800 |    3.1243146530e-07    |    4.8534915712e+03    |    4.8199077885e+03    |
| 0.75900 |    3.1236231202e-07    |    4.8478763467e+03    |    4.8141531805e+03    |
| 0.76000 |    3.1229363247e-07    |    4.8422504748e+03    |    4.8083876170e+03    |
| 0.76100 |    3.1222542595e-07    |    4.8366143158e+03    |    4.8026114498e+03    |
| 0.76200 |    3.1215769173e-07    |    4.8309682293e+03    |    4.7968250295e+03    |
| 0.76300 |    3.1209042905e-07    |    4.8253125744e+03    |    4.7910287062e+03    |
| 0.76400 |    3.1202363714e-07    |    4.8196477093e+03    |    4.7852228289e+03    |
| 0.76500 |    3.1195731521e-07    |    4.8139739917e+03    |    4.7794077459e+03    |
| 0.76600 |    3.1189146245e-07    |    4.8082917783e+03    |    4.7735838043e+03    |
| 0.76700 |    3.1182607805e-07    |    4.8026014250e+03    |    4.7677513503e+03    |
| 0.76800 |    3.1176116115e-07    |    4.7969032867e+03    |    4.7619107288e+03    |
| 0.76900 |    3.1169671090e-07    |    4.7911977177e+03    |    4.7560622840e+03    |
| 0.77000 |    3.1163272642e-07    |    4.7854850710e+03    |    4.7502063585e+03    |
| 0.77100 |    3.1156920681e-07    |    4.7797656987e+03    |    4.7443432940e+03    |
| 0.77200 |    3.1150615116e-07    |    4.7740399517e+03    |    4.7384734306e+03    |
| 0.77300 |    3.1144355854e-07    |    4.7683081800e+03    |    4.7325971074e+03    |
| 0.77400 |    3.1138142800e-07    |    4.7625707322e+03    |    4.7267146620e+03    |
| 0.77500 |    3.1131975857e-07    |    4.7568279557e+03    |    4.7208264305e+03    |
| 0.77600 |    3.1125854928e-07    |    4.7510801969e+03    |    4.7149327477e+03    |
| 0.77700 |    3.1119779912e-07    |    4.7453278006e+03    |    4.7090339467e+03    |
| 0.77800 |    3.1113750708e-07    |    4.7395711104e+03    |    4.7031303593e+03    |
| 0.77900 |    3.1107767213e-07    |    4.7338104685e+03    |    4.6972223155e+03    |
| 0.78000 |    3.1101829323e-07    |    4.7280462156e+03    |    4.6913101437e+03    |
| 0.78100 |    3.1095936930e-07    |    4.7222786909e+03    |    4.6853941706e+03    |
| 0.78200 |    3.1090089926e-07    |    4.7165082322e+03    |    4.6794747211e+03    |
| 0.78300 |    3.1084288203e-07    |    4.7107351756e+03    |    4.6735521185e+03    |
| 0.78400 |    3.1078531648e-07    |    4.7049598555e+03    |    4.6676266840e+03    |
| 0.78500 |    3.1072820150e-07    |    4.6991826050e+03    |    4.6616987371e+03    |
| 0.78600 |    3.1067153593e-07    |    4.6934037551e+03    |    4.6557685953e+03    |
| 0.78700 |    3.1061531862e-07    |    4.6876236352e+03    |    4.6498365742e+03    |
| 0.78800 |    3.1055954839e-07    |    4.6818425731e+03    |    4.6439029874e+03    |
| 0.78900 |    3.1050422406e-07    |    4.6760608944e+03    |    4.6379681461e+03    |
| 0.79000 |    3.1044934443e-07    |    4.6702789231e+03    |    4.6320323600e+03    |
| 0.79100 |    3.1039490826e-07    |    4.6644969813e+03    |    4.6260959360e+03    |
| 0.79200 |    3.1034091433e-07    |    4.6587153889e+03    |    4.6201591794e+03    |
| 0.79300 |    3.1028736139e-07    |    4.6529344642e+03    |    4.6142223927e+03    |
| 0.79400 |    3.1023424819e-07    |    4.6471545230e+03    |    4.6082858767e+03    |
| 0.79500 |    3.1018157343e-07    |    4.6413758794e+03    |    4.6023499293e+03    |
| 0.79600 |    3.1012933583e-07    |    4.6355988453e+03    |    4.5964148466e+03    |
| 0.79700 |    3.1007753408e-07    |    4.6298237304e+03    |    4.5904809218e+03    |
| 0.79800 |    3.1002616688e-07    |    4.6240508421e+03    |    4.5845484459e+03    |
| 0.79900 |    3.0997523287e-07    |    4.6182804858e+03    |    4.5786177075e+03    |
| 0.80000 |    3.0992473072e-07    |    4.6125129646e+03    |    4.5726889925e+03    |
| 0.80100 |    3.0987465907e-07    |    4.6067485792e+03    |    4.5667625844e+03    |
| 0.80200 |    3.0982501654e-07    |    4.6009876281e+03    |    4.5608387638e+03    |
| 0.80300 |    3.0977580175e-07    |    4.5952304073e+03    |    4.5549178090e+03    |
| 0.80400 |    3.0972701329e-07    |    4.5894772104e+03    |    4.5489999955e+03    |
| 0.80500 |    3.0967864976e-07    |    4.5837283288e+03    |    4.5430855960e+03    |
| 0.80600 |    3.0963070973e-07    |    4.5779840512e+03    |    4.5371748806e+03    |
| 0.80700 |    3.0958319177e-07    |    4.5722446639e+03    |    4.5312681165e+03    |
| 0.80800 |    3.0953609442e-07    |    4.5665104506e+03    |    4.5253655681e+03    |
| 0.80900 |    3.0948941622e-07    |    4.5607816926e+03    |    4.5194674970e+03    |
| 0.81000 |    3.0944315569e-07    |    4.5550586685e+03    |    4.5135741618e+03    |
| 0.81100 |    3.0939731136e-07    |    4.5493416543e+03    |    4.5076858184e+03    |
| 0.81200 |    3.0935188171e-07    |    4.5436309234e+03    |    4.5018027196e+03    |
| 0.81300 |    3.0930686525e-07    |    4.5379267465e+03    |    4.4959251150e+03    |
| 0.81400 |    3.0926226045e-07    |    4.5322293915e+03    |    4.4900532517e+03    |
| 0.81500 |    3.0921806577e-07    |    4.5265391239e+03    |    4.4841873733e+03    |
| 0.81600 |    3.0917427967e-07    |    4.5208562061e+03    |    4.4783277205e+03    |
| 0.81700 |    3.0913090060e-07    |    4.5151808979e+03    |    4.4724745309e+03    |
| 0.81800 |    3.0908792698e-07    |    4.5095134563e+03    |    4.4666280390e+03    |
| 0.81900 |    3.0904535725e-07    |    4.5038541356e+03    |    4.4607884760e+03    |
| 0.82000 |    3.0900318980e-07    |    4.4982031871e+03    |    4.4549560702e+03    |
| 0.82100 |    3.0896142305e-07    |    4.4925608593e+03    |    4.4491310464e+03    |
| 0.82200 |    3.0892005538e-07    |    4.4869273979e+03    |    4.4433136263e+03    |
| 0.82300 |    3.0887908516e-07    |    4.4813030456e+03    |    4.4375040284e+03    |
| 0.82400 |    3.0883851078e-07    |    4.4756880423e+03    |    4.4317024678e+03    |
| 0.82500 |    3.0879833059e-07    |    4.4700826249e+03    |    4.4259091564e+03    |
| 0.82600 |    3.0875854293e-07    |    4.4644870275e+03    |    4.4201243027e+03    |
| 0.82700 |    3.0871914615e-07    |    4.4589014811e+03    |    4.4143481119e+03    |
| 0.82800 |    3.0868013858e-07    |    4.4533262139e+03    |    4.4085807859e+03    |
| 0.82900 |    3.0864151854e-07    |    4.4477614510e+03    |    4.4028225231e+03    |
| 0.83000 |    3.0860328433e-07    |    4.4422074146e+03    |    4.3970735187e+03    |
| 0.83100 |    3.0856543426e-07    |    4.4366643239e+03    |    4.3913339644e+03    |
| 0.83200 |    3.0852796662e-07    |    4.4311323951e+03    |    4.3856040483e+03    |
| 0.83300 |    3.0849087969e-07    |    4.4256118414e+03    |    4.3798839554e+03    |
| 0.83400 |    3.0845417174e-07    |    4.4201028730e+03    |    4.3741738669e+03    |
| 0.83500 |    3.0841784105e-07    |    4.4146056972e+03    |    4.3684739609e+03    |
| 0.83600 |    3.0838188586e-07    |    4.4091205181e+03    |    4.3627844118e+03    |
| 0.83700 |    3.0834630442e-07    |    4.4036475369e+03    |    4.3571053905e+03    |
| 0.83800 |    3.0831109498e-07    |    4.3981869519e+03    |    4.3514370645e+03    |
| 0.83900 |    3.0827625576e-07    |    4.3927389581e+03    |    4.3457795979e+03    |
| 0.84000 |    3.0824178499e-07    |    4.3873037478e+03    |    4.3401331511e+03    |
| 0.84100 |    3.0820768088e-07    |    4.3818815102e+03    |    4.3344978810e+03    |
| 0.84200 |    3.0817394163e-07    |    4.3764724314e+03    |    4.3288739413e+03    |
| 0.84300 |    3.0814056545e-07    |    4.3710766946e+03    |    4.3232614817e+03    |
| 0.84400 |    3.0810755052e-07    |    4.3656944802e+03    |    4.3176606488e+03    |
| 0.84500 |    3.0807489503e-07    |    4.3603259652e+03    |    4.3120715855e+03    |
| 0.84600 |    3.0804259715e-07    |    4.3549713242e+03    |    4.3064944311e+03    |
| 0.84700 |    3.0801065505e-07    |    4.3496307284e+03    |    4.3009293216e+03    |
| 0.84800 |    3.0797906689e-07    |    4.3443043462e+03    |    4.2953763894e+03    |
| 0.84900 |    3.0794783083e-07    |    4.3389923432e+03    |    4.2898357632e+03    |
| 0.85000 |    3.0791694501e-07    |    4.3336948821e+03    |    4.2843075684e+03    |
| 0.85100 |    3.0788640757e-07    |    4.3284121227e+03    |    4.2787919269e+03    |
| 0.85200 |    3.0785621665e-07    |    4.3231442217e+03    |    4.2732889570e+03    |
| 0.85300 |    3.0782637036e-07    |    4.3178913334e+03    |    4.2677987737e+03    |
| 0.85400 |    3.0779686684e-07    |    4.3126536091e+03    |    4.2623214882e+03    |
| 0.85500 |    3.0776770418e-07    |    4.3074311971e+03    |    4.2568572085e+03    |
| 0.85600 |    3.0773888050e-07    |    4.3022242432e+03    |    4.2514060391e+03    |
| 0.85700 |    3.0771039390e-07    |    4.2970328906e+03    |    4.2459680809e+03    |
| 0.85800 |    3.0768224247e-07    |    4.2918572795e+03    |    4.2405434316e+03    |
| 0.85900 |    3.0765442430e-07    |    4.2866975475e+03    |    4.2351321854e+03    |
| 0.86000 |    3.0762693747e-07    |    4.2815538298e+03    |    4.2297344329e+03    |
| 0.86100 |    3.0759978005e-07    |    4.2764262587e+03    |    4.2243502616e+03    |
| 0.86200 |    3.0757295013e-07    |    4.2713149641e+03    |    4.2189797555e+03    |
| 0.86300 |    3.0754644575e-07    |    4.2662200734e+03    |    4.2136229952e+03    |
| 0.86400 |    3.0752026499e-07    |    4.2611417115e+03    |    4.2082800581e+03    |
| 0.86500 |    3.0749440588e-07    |    4.2560800009e+03    |    4.2029510182e+03    |
| 0.86600 |    3.0746886649e-07    |    4.2510350616e+03    |    4.1976359462e+03    |
| 0.86700 |    3.0744364486e-07    |    4.2460070112e+03    |    4.1923349096e+03    |
| 0.86800 |    3.0741873901e-07    |    4.2409959654e+03    |    4.1870479726e+03    |
| 0.86900 |    3.0739414699e-07    |    4.2360020371e+03    |    4.1817751963e+03    |
| 0.87000 |    3.0736986683e-07    |    4.2310253374e+03    |    4.1765166384e+03    |
| 0.87100 |    3.0734589653e-07    |    4.2260659752e+03    |    4.1712723537e+03    |
| 0.87200 |    3.0732223413e-07    |    4.2211240571e+03    |    4.1660423936e+03    |
| 0.87300 |    3.0729887764e-07    |    4.2161996879e+03    |    4.1608268066e+03    |
| 0.87400 |    3.0727582506e-07    |    4.2112929703e+03    |    4.1556256380e+03    |
| 0.87500 |    3.0725307440e-07    |    4.2064040052e+03    |    4.1504389301e+03    |
| 0.87600 |    3.0723062366e-07    |    4.2015328915e+03    |    4.1452667222e+03    |
| 0.87700 |    3.0720847083e-07    |    4.1966797264e+03    |    4.1401090507e+03    |
| 0.87800 |    3.0718661391e-07    |    4.1918446055e+03    |    4.1349659488e+03    |
| 0.87900 |    3.0716505089e-07    |    4.1870276225e+03    |    4.1298374470e+03    |
| 0.88000 |    3.0714377974e-07    |    4.1822288698e+03    |    4.1247235728e+03    |
| 0.88100 |    3.0712279844e-07    |    4.1774484380e+03    |    4.1196243510e+03    |
| 0.88200 |    3.0710210498e-07    |    4.1726864164e+03    |    4.1145398035e+03    |
| 0.88300 |    3.0708169732e-07    |    4.1679428932e+03    |    4.1094699494e+03    |
| 0.88400 |    3.0706157344e-07    |    4.1632179549e+03    |    4.1044148052e+03    |
| 0.88500 |    3.0704173129e-07    |    4.1585116871e+03    |    4.0993743845e+03    |
| 0.88600 |    3.0702216884e-07    |    4.1538241742e+03    |    4.0943486983e+03    |
| 0.88700 |    3.0700288404e-07    |    4.1491554996e+03    |    4.0893377552e+03    |
| 0.88800 |    3.0698387486e-07    |    4.1445057457e+03    |    4.0843415611e+03    |
| 0.88900 |    3.0696513924e-07    |    4.1398749941e+03    |    4.0793601191e+03    |
| 0.89000 |    3.0694667512e-07    |    4.1352633258e+03    |    4.0743934303e+03    |
| 0.89100 |    3.0692848047e-07    |    4.1306708210e+03    |    4.0694414930e+03    |
| 0.89200 |    3.0691055321e-07    |    4.1260975592e+03    |    4.0645043031e+03    |
| 0.89300 |    3.0689289130e-07    |    4.1215436198e+03    |    4.0595818544e+03    |
| 0.89400 |    3.0687549266e-07    |    4.1170090816e+03    |    4.0546741382e+03    |
| 0.89500 |    3.0685835523e-07    |    4.1124940233e+03    |    4.0497811434e+03    |
| 0.89600 |    3.0684147695e-07    |    4.1079985233e+03    |    4.0449028569e+03    |
| 0.89700 |    3.0682485573e-07    |    4.1035226601e+03    |    4.0400392633e+03    |
| 0.89800 |    3.0680848952e-07    |    4.0990665123e+03    |    4.0351903452e+03    |
| 0.89900 |    3.0679237624e-07    |    4.0946301587e+03    |    4.0303560829e+03    |
| 0.90000 |    3.0677651380e-07    |    4.0902136785e+03    |    4.0255364547e+03    |
| 0.90100 |    3.0676090013e-07    |    4.0858171511e+03    |    4.0207314370e+03    |
| 0.90200 |    3.0674553315e-07    |    4.0814406568e+03    |    4.0159410042e+03    |
| 0.90300 |    3.0673041078e-07    |    4.0770842764e+03    |    4.0111651288e+03    |
| 0.90400 |    3.0671553093e-07    |    4.0727480917e+03    |    4.0064037814e+03    |
| 0.90500 |    3.0670089152e-07    |    4.0684321854e+03    |    4.0016569307e+03    |
| 0.90600 |    3.0668649045e-07    |    4.0641366413e+03    |    3.9969245439e+03    |
| 0.90700 |    3.0667232564e-07    |    4.0598615447e+03    |    3.9922065862e+03    |
| 0.90800 |    3.0665839501e-07    |    4.0556069820e+03    |    3.9875030213e+03    |
| 0.90900 |    3.0664469645e-07    |    4.0513730414e+03    |    3.9828138111e+03    |
| 0.91000 |    3.0663122787e-07    |    4.0471598127e+03    |    3.9781389160e+03    |
| 0.91100 |    3.0661798719e-07    |    4.0429673878e+03    |    3.9734782951e+03    |
| 0.91200 |    3.0660497230e-07    |    4.0387958604e+03    |    3.9688319055e+03    |
| 0.91300 |    3.0659218111e-07    |    4.0346453266e+03    |    3.9641997034e+03    |
| 0.91400 |    3.0657961153e-07    |    4.0305158850e+03    |    3.9595816431e+03    |
| 0.91500 |    3.0656726146e-07    |    4.0264076366e+03    |    3.9549776779e+03    |
| 0.91600 |    3.0655512879e-07    |    4.0223206853e+03    |    3.9503877598e+03    |
| 0.91700 |    3.0654321144e-07    |    4.0182551379e+03    |    3.9458118391e+03    |
| 0.91800 |    3.0653150731e-07    |    4.0142111046e+03    |    3.9412498655e+03    |
| 0.91900 |    3.0652001429e-07    |    4.0101886986e+03    |    3.9367017870e+03    |
| 0.92000 |    3.0650873029e-07    |    4.0061880370e+03    |    3.9321675508e+03    |
| 0.92100 |    3.0649765321e-07    |    4.0022092407e+03    |    3.9276471029e+03    |
| 0.92200 |    3.0648678095e-07    |    3.9982524345e+03    |    3.9231403881e+03    |
| 0.92300 |    3.0647611141e-07    |    3.9943177477e+03    |    3.9186473504e+03    |
| 0.92400 |    3.0646564251e-07    |    3.9904053138e+03    |    3.9141679329e+03    |
| 0.92500 |    3.0645537213e-07    |    3.9865152715e+03    |    3.9097020774e+03    |
| 0.92600 |    3.0644529818e-07    |    3.9826477641e+03    |    3.9052497253e+03    |
| 0.92700 |    3.0643541858e-07    |    3.9788029406e+03    |    3.9008108168e+03    |
| 0.92800 |    3.0642573121e-07    |    3.9749809553e+03    |    3.8963852914e+03    |
| 0.92900 |    3.0641623400e-07    |    3.9711819686e+03    |    3.8919730879e+03    |
| 0.93000 |    3.0640692484e-07    |    3.9674061469e+03    |    3.8875741443e+03    |
| 0.93100 |    3.0639780165e-07    |    3.9636536632e+03    |    3.8831883980e+03    |
| 0.93200 |    3.0638886234e-07    |    3.9599246973e+03    |    3.8788157856e+03    |
| 0.93300 |    3.0638010481e-07    |    3.9562194362e+03    |    3.8744562431e+03    |
| 0.93400 |    3.0637152698e-07    |    3.9525380745e+03    |    3.8701097062e+03    |
| 0.93500 |    3.0636312676e-07    |    3.9488808145e+03    |    3.8657761096e+03    |
| 0.93600 |    3.0635490208e-07    |    3.9452478669e+03    |    3.8614553877e+03    |
| 0.93700 |    3.0634685085e-07    |    3.9416394512e+03    |    3.8571474746e+03    |
| 0.93800 |    3.0633897099e-07    |    3.9380557958e+03    |    3.8528523037e+03    |
| 0.93900 |    3.0633126042e-07    |    3.9344971386e+03    |    3.8485698080e+03    |
| 0.94000 |    3.0632371707e-07    |    3.9309637277e+03    |    3.8442999201e+03    |
| 0.94100 |    3.0631633888e-07    |    3.9274558217e+03    |    3.8400425725e+03    |
| 0.94200 |    3.0630912376e-07    |    3.9239736901e+03    |    3.8357976970e+03    |
| 0.94300 |    3.0630206965e-07    |    3.9205176138e+03    |    3.8315652252e+03    |
| 0.94400 |    3.0629517450e-07    |    3.9170878859e+03    |    3.8273450886e+03    |
| 0.94500 |    3.0628843623e-07    |    3.9136848123e+03    |    3.8231372183e+03    |
| 0.94600 |    3.0628185280e-07    |    3.9103087120e+03    |    3.8189415451e+03    |
| 0.94700 |    3.0627542215e-07    |    3.9069599177e+03    |    3.8147579998e+03    |
| 0.94800 |    3.0626914223e-07    |    3.9036387772e+03    |    3.8105865128e+03    |
| 0.94900 |    3.0626301100e-07    |    3.9003456531e+03    |    3.8064270146e+03    |
| 0.95000 |    3.0625702641e-07    |    3.8970809244e+03    |    3.8022794352e+03    |
| 0.95100 |    3.0625118643e-07    |    3.8938449866e+03    |    3.7981437048e+03    |
| 0.95200 |    3.0624548902e-07    |    3.8906382532e+03    |    3.7940197533e+03    |
| 0.95300 |    3.0623993215e-07    |    3.8874611560e+03    |    3.7899075108e+03    |
| 0.95400 |    3.0623451381e-07    |    3.8843141464e+03    |    3.7858069070e+03    |
| 0.95500 |    3.0622923196e-07    |    3.8811976962e+03    |    3.7817178718e+03    |
| 0.95600 |    3.0622408460e-07    |    3.8781122986e+03    |    3.7776403350e+03    |
| 0.95700 |    3.0621906972e-07    |    3.8750584697e+03    |    3.7735742264e+03    |
| 0.95800 |    3.0621418531e-07    |    3.8720367489e+03    |    3.7695194758e+03    |
| 0.95900 |    3.0620942938e-07    |    3.8690477010e+03    |    3.7654760130e+03    |
| 0.96000 |    3.0620479992e-07    |    3.8660919168e+03    |    3.7614437679e+03    |
| 0.96100 |    3.0620029497e-07    |    3.8631700149e+03    |    3.7574226705e+03    |
| 0.96200 |    3.0619591252e-07    |    3.8602826431e+03    |    3.7534126506e+03    |
| 0.96300 |    3.0619165062e-07    |    3.8574304798e+03    |    3.7494136386e+03    |
| 0.96400 |    3.0618750729e-07    |    3.8546142358e+03    |    3.7454255644e+03    |
| 0.96500 |    3.0618348057e-07    |    3.8518346562e+03    |    3.7414483585e+03    |
| 0.96600 |    3.0617956851e-07    |    3.8490925222e+03    |    3.7374819511e+03    |
| 0.96700 |    3.0617576915e-07    |    3.8463886528e+03    |    3.7335262729e+03    |
| 0.96800 |    3.0617208057e-07    |    3.8437239074e+03    |    3.7295812546e+03    |
| 0.96900 |    3.0616850082e-07    |    3.8410991878e+03    |    3.7256468269e+03    |
| 0.97000 |    3.0616502798e-07    |    3.8385154409e+03    |    3.7217229209e+03    |
| 0.97100 |    3.0616166013e-07    |    3.8359736613e+03    |    3.7178094677e+03    |
| 0.97200 |    3.0615839537e-07    |    3.8334748938e+03    |    3.7139063987e+03    |
| 0.97300 |    3.0615523180e-07    |    3.8310202368e+03    |    3.7100136454e+03    |
| 0.97400 |    3.0615216751e-07    |    3.8286108453e+03    |    3.7061311395e+03    |
| 0.97500 |    3.0614920064e-07    |    3.8262479345e+03    |    3.7022588131e+03    |
| 0.97600 |    3.0614632929e-07    |    3.8239327833e+03    |    3.6983965982e+03    |
| 0.97700 |    3.0614355162e-07    |    3.8216667386e+03    |    3.6945444273e+03    |
| 0.97800 |    3.0614086576e-07    |    3.8194512193e+03    |    3.6907022329e+03    |
| 0.97900 |    3.0613826987e-07    |    3.8172877214e+03    |    3.6868699480e+03    |
| 0.98000 |    3.0613576211e-07    |    3.8151778224e+03    |    3.6830475056e+03    |
| 0.98100 |    3.0613334065e-07    |    3.8131231873e+03    |    3.6792348391e+03    |
| 0.98200 |    3.0613100368e-07    |    3.8111255739e+03    |    3.6754318822e+03    |
| 0.98300 |    3.0612874940e-07    |    3.8091868393e+03    |    3.6716385687e+03    |
| 0.98400 |    3.0612657600e-07    |    3.8073089471e+03    |    3.6678548328e+03    |
| 0.98500 |    3.0612448172e-07    |    3.8054939744e+03    |    3.6640806089e+03    |
| 0.98600 |    3.0612246476e-07    |    3.8037441197e+03    |    3.6603158320e+03    |
| 0.98700 |    3.0612052339e-07    |    3.8020617119e+03    |    3.6565604369e+03    |
| 0.98800 |    3.0611865584e-07    |    3.8004492198e+03    |    3.6528143591e+03    |
| 0.98900 |    3.0611686038e-07    |    3.7989092621e+03    |    3.6490775342e+03    |
| 0.99000 |    3.0611513529e-07    |    3.7974446192e+03    |    3.6453498983e+03    |
| 0.99100 |    3.0611347886e-07    |    3.7960582450e+03    |    3.6416313878e+03    |
| 0.99200 |    3.0611188939e-07    |    3.7947532800e+03    |    3.6379219392e+03    |
| 0.99300 |    3.0611036519e-07    |    3.7935330670e+03    |    3.6342214896e+03    |
| 0.99400 |    3.0610890460e-07    |    3.7924011663e+03    |    3.6305299765e+03    |
| 0.99500 |    3.0610750595e-07    |    3.7913613735e+03    |    3.6268473375e+03    |
| 0.99600 |    3.0610616761e-07    |    3.7904177391e+03    |    3.6231735108e+03    |
| 0.99700 |    3.0610488794e-07    |    3.7895745902e+03    |    3.6195084349e+03    |
| 0.99800 |    3.0610366533e-07    |    3.7888365530e+03    |    3.6158520487e+03    |
| 0.99900 |    3.0610249818e-07    |    3.7882085791e+03    |    3.6122042914e+03    |
| 1.00000 |    3.0610138492e-07    |    3.7849638042e+03    |    3.6085651027e+03    |
--------------------------------------------------------------------------------------