Число узлов n = 501
--------------------------------------------------------------------------------------
|    x    |          u(z)          |          f(z)          |     f(z) integral      |
--------------------------------------------------------------------------------------
| 0.00000 |    3.9236224127e-07    |    0.0000000000e+00    |    0.0000000000e+00    |
| 0.00200 |    3.9236125223e-07    |    2.4754526817e+01    |    2.3346963207e+01    |
| 0.00400 |    3.9235868907e-07    |    4.7256973865e+01    |    4.6693953959e+01    |
| 0.00600 |    3.9235447100e-07    |    7.0402934604e+01    |    7.0040999121e+01    |
| 0.00800 |    3.9234858647e-07    |    9.3656219399e+01    |    9.3388125180e+01    |
| 0.01000 |    3.9234103163e-07    |    1.1694860885e+02    |    1.1673535843e+02    |
| 0.01200 |    3.9233180471e-07    |    1.4025988014e+02    |    1.4008272478e+02    |
| 0.01400 |    3.9232090477e-07    |    1.6358180919e+02    |    1.6343024965e+02    |
| 0.01600 |    3.9230833123e-07    |    1.8691040632e+02    |    1.8677795782e+02    |
| 0.01800 |    3.9229408372e-07    |    2.1024350145e+02    |    2.1012587338e+02    |
| 0.02000 |    3.9227816196e-07    |    2.3357981528e+02    |    2.3347401956e+02    |
| 0.02200 |    3.9226056576e-07    |    2.5691854725e+02    |    2.5682241866e+02    |
| 0.02400 |    3.9224129497e-07    |    2.8025917294e+02    |    2.8017109197e+02    |
| 0.02600 |    3.9222034947e-07    |    3.0360133618e+02    |    3.0352005959e+02    |
| 0.02800 |    3.9219772917e-07    |    3.2694478783e+02    |    3.2686934041e+02    |
| 0.03000 |    3.9217343398e-07    |    3.5028934937e+02    |    3.5021895195e+02    |
| 0.03200 |    3.9214746384e-07    |    3.7363489007e+02    |    3.7356891027e+02    |
| 0.03400 |    3.9211981868e-07    |    3.9698131236e+02    |    3.9691922987e+02    |
| 0.03600 |    3.9209049844e-07    |    4.2032854201e+02    |    4.2026992360e+02    |
| 0.03800 |    3.9205950309e-07    |    4.4367652141e+02    |    4.4362100250e+02    |
| 0.04000 |    3.9202683256e-07    |    4.6702520487e+02    |    4.6697247579e+02    |
| 0.04200 |    3.9199248684e-07    |    4.9037455520e+02    |    4.9032435066e+02    |
| 0.04400 |    3.9195646587e-07    |    5.1372454122e+02    |    5.1367663225e+02    |
| 0.04600 |    3.9191876963e-07    |    5.3707513587e+02    |    5.3702932350e+02    |
| 0.04800 |    3.9187939809e-07    |    5.6042631485e+02    |    5.6038242507e+02    |
| 0.05000 |    3.9183835123e-07    |    5.8377805543e+02    |    5.8373593519e+02    |
| 0.05200 |    3.9179562902e-07    |    6.0713033562e+02    |    6.0708984964e+02    |
| 0.05400 |    3.9175123145e-07    |    6.3048313346e+02    |    6.3044416155e+02    |
| 0.05600 |    3.9170515850e-07    |    6.5383642645e+02    |    6.5379886137e+02    |
| 0.05800 |    3.9165741018e-07    |    6.7719019103e+02    |    6.7715393674e+02    |
| 0.06000 |    3.9160798646e-07    |    7.0054440226e+02    |    7.0050937235e+02    |
| 0.06200 |    3.9155688737e-07    |    7.2389903340e+02    |    7.2386514990e+02    |
| 0.06400 |    3.9150411289e-07    |    7.4725405563e+02    |    7.4722124795e+02    |
| 0.06600 |    3.9144966306e-07    |    7.7060943781e+02    |    7.7057764185e+02    |
| 0.06800 |    3.9139353788e-07    |    7.9396514622e+02    |    7.9393430358e+02    |
| 0.07000 |    3.9133573738e-07    |    8.1732114435e+02    |    8.1729120172e+02    |
| 0.07200 |    3.9127626160e-07    |    8.4067739274e+02    |    8.4064830128e+02    |
| 0.07400 |    3.9121511058e-07    |    8.6403384872e+02    |    8.6400556364e+02    |
| 0.07600 |    3.9115228436e-07    |    8.8739046632e+02    |    8.8736294642e+02    |
| 0.07800 |    3.9108778301e-07    |    9.1074719610e+02    |    9.1072040340e+02    |
| 0.08000 |    3.9102160659e-07    |    9.3410398494e+02    |    9.3407788438e+02    |
| 0.08200 |    3.9095375518e-07    |    9.5746077599e+02    |    9.5743533512e+02    |
| 0.08400 |    3.9088422887e-07    |    9.8081750843e+02    |    9.8079269720e+02    |
| 0.08600 |    3.9081302775e-07    |    1.0041741174e+03    |    1.0041499079e+03    |
| 0.08800 |    3.9074015193e-07    |    1.0275305340e+03    |    1.0275069002e+03    |
| 0.09000 |    3.9066560154e-07    |    1.0508866847e+03    |    1.0508636026e+03    |
| 0.09200 |    3.9058937671e-07    |    1.0742424920e+03    |    1.0742199389e+03    |
| 0.09400 |    3.9051147760e-07    |    1.0975978733e+03    |    1.0975758284e+03    |
| 0.09600 |    3.9043190435e-07    |    1.1209527419e+03    |    1.1209311854e+03    |
| 0.09800 |    3.9035065716e-07    |    1.1443070059e+03    |    1.1442859194e+03    |
| 0.10000 |    3.9026773621e-07    |    1.1676605687e+03    |    1.1676399351e+03    |
| 0.10200 |    3.9018314172e-07    |    1.1910133287e+03    |    1.1909931317e+03    |
| 0.10400 |    3.9009687391e-07    |    1.2143651791e+03    |    1.2143454036e+03    |
| 0.10600 |    3.9000893303e-07    |    1.2377160079e+03    |    1.2376966396e+03    |
| 0.10800 |    3.8991931933e-07    |    1.2610656978e+03    |    1.2610467232e+03    |
| 0.11000 |    3.8982803311e-07    |    1.2844141259e+03    |    1.2843955326e+03    |
| 0.11200 |    3.8973507467e-07    |    1.3077611639e+03    |    1.3077429400e+03    |
| 0.11400 |    3.8964044433e-07    |    1.3311066779e+03    |    1.3310888121e+03    |
| 0.11600 |    3.8954414243e-07    |    1.3544505281e+03    |    1.3544330098e+03    |
| 0.11800 |    3.8944616935e-07    |    1.3777925687e+03    |    1.3777753881e+03    |
| 0.12000 |    3.8934652547e-07    |    1.4011326482e+03    |    1.4011157959e+03    |
| 0.12200 |    3.8924521122e-07    |    1.4244706088e+03    |    1.4244540759e+03    |
| 0.12400 |    3.8914222704e-07    |    1.4478062867e+03    |    1.4477900647e+03    |
| 0.12600 |    3.8903757340e-07    |    1.4711395116e+03    |    1.4711235927e+03    |
| 0.12800 |    3.8893125079e-07    |    1.4944701070e+03    |    1.4944544835e+03    |
| 0.13000 |    3.8882325973e-07    |    1.5177978897e+03    |    1.5177825547e+03    |
| 0.13200 |    3.8871360078e-07    |    1.5411226701e+03    |    1.5411076167e+03    |
| 0.13400 |    3.8860227453e-07    |    1.5644442516e+03    |    1.5644294736e+03    |
| 0.13600 |    3.8848928158e-07    |    1.5877624312e+03    |    1.5877479225e+03    |
| 0.13800 |    3.8837462258e-07    |    1.6110769988e+03    |    1.6110627537e+03    |
| 0.14000 |    3.8825829822e-07    |    1.6343877371e+03    |    1.6343737502e+03    |
| 0.14200 |    3.8814030921e-07    |    1.6576944220e+03    |    1.6576806882e+03    |
| 0.14400 |    3.8802065629e-07    |    1.6809968220e+03    |    1.6809833365e+03    |
| 0.14600 |    3.8789934024e-07    |    1.7042946984e+03    |    1.7042814566e+03    |
| 0.14800 |    3.8777636190e-07    |    1.7275878051e+03    |    1.7275748027e+03    |
| 0.15000 |    3.8765172213e-07    |    1.7508758884e+03    |    1.7508631213e+03    |
| 0.15200 |    3.8752542181e-07    |    1.7741586872e+03    |    1.7741461514e+03    |
| 0.15400 |    3.8739746190e-07    |    1.7974359324e+03    |    1.7974236242e+03    |
| 0.15600 |    3.8726784337e-07    |    1.8207073474e+03    |    1.8206952634e+03    |
| 0.15800 |    3.8713656725e-07    |    1.8439726475e+03    |    1.8439607845e+03    |
| 0.16000 |    3.8700363461e-07    |    1.8672315402e+03    |    1.8672198950e+03    |
| 0.16200 |    3.8686904656e-07    |    1.8904837248e+03    |    1.8904722944e+03    |
| 0.16400 |    3.8673280426e-07    |    1.9137288925e+03    |    1.9137176742e+03    |
| 0.16600 |    3.8659490893e-07    |    1.9369667262e+03    |    1.9369557174e+03    |
| 0.16800 |    3.8645536180e-07    |    1.9601969005e+03    |    1.9601860987e+03    |
| 0.17000 |    3.8631416420e-07    |    1.9834190813e+03    |    1.9834084843e+03    |
| 0.17200 |    3.8617131747e-07    |    2.0066329265e+03    |    2.0066225319e+03    |
| 0.17400 |    3.8602682304e-07    |    2.0298380847e+03    |    2.0298278907e+03    |
| 0.17600 |    3.8588068235e-07    |    2.0530341964e+03    |    2.0530242009e+03    |
| 0.17800 |    3.8573289693e-07    |    2.0762208928e+03    |    2.0762110942e+03    |
| 0.18000 |    3.8558346835e-07    |    2.0993977966e+03    |    2.0993881931e+03    |
| 0.18200 |    3.8543239824e-07    |    2.1225645213e+03    |    2.1225551112e+03    |
| 0.18400 |    3.8527968830e-07    |    2.1457206712e+03    |    2.1457114533e+03    |
| 0.18600 |    3.8512534026e-07    |    2.1688658418e+03    |    2.1688568146e+03    |
| 0.18800 |    3.8496935595e-07    |    2.1919996192e+03    |    2.1919907814e+03    |
| 0.19000 |    3.8481173723e-07    |    2.2151215800e+03    |    2.2151129305e+03    |
| 0.19200 |    3.8465248604e-07    |    2.2382312916e+03    |    2.2382228294e+03    |
| 0.19400 |    3.8449160439e-07    |    2.2613283120e+03    |    2.2613200360e+03    |
| 0.19600 |    3.8432909435e-07    |    2.2844121893e+03    |    2.2844040988e+03    |
| 0.19800 |    3.8416495804e-07    |    2.3074824623e+03    |    2.3074745563e+03    |
| 0.20000 |    3.8399919768e-07    |    2.3305386599e+03    |    2.3305309378e+03    |
| 0.20200 |    3.8383181555e-07    |    2.3535803012e+03    |    2.3535727622e+03    |
| 0.20400 |    3.8366281399e-07    |    2.3766068954e+03    |    2.3765995391e+03    |
| 0.20600 |    3.8349219542e-07    |    2.3996179419e+03    |    2.3996107677e+03    |
| 0.20800 |    3.8331996235e-07    |    2.4226129299e+03    |    2.4226059375e+03    |
| 0.21000 |    3.8314611734e-07    |    2.4455913386e+03    |    2.4455845275e+03    |
| 0.21200 |    3.8297066305e-07    |    2.4685526371e+03    |    2.4685460070e+03    |
| 0.21400 |    3.8279360222e-07    |    2.4914962840e+03    |    2.4914898347e+03    |
| 0.21600 |    3.8261493764e-07    |    2.5144217278e+03    |    2.5144154592e+03    |
| 0.21800 |    3.8243467222e-07    |    2.5373284067e+03    |    2.5373223186e+03    |
| 0.22000 |    3.8225280893e-07    |    2.5602157483e+03    |    2.5602098406e+03    |
| 0.22200 |    3.8206935083e-07    |    2.5830831697e+03    |    2.5830774425e+03    |
| 0.22400 |    3.8188430108e-07    |    2.6059300775e+03    |    2.6059245308e+03    |
| 0.22600 |    3.8169766290e-07    |    2.6287558677e+03    |    2.6287505017e+03    |
| 0.22800 |    3.8150943963e-07    |    2.6515599255e+03    |    2.6515547403e+03    |
| 0.23000 |    3.8131963467e-07    |    2.6743416256e+03    |    2.6743366213e+03    |
| 0.23200 |    3.8112825155e-07    |    2.6971003316e+03    |    2.6970955086e+03    |
| 0.23400 |    3.8093529386e-07    |    2.7198353964e+03    |    2.7198307550e+03    |
| 0.23600 |    3.8074076529e-07    |    2.7425461620e+03    |    2.7425417025e+03    |
| 0.23800 |    3.8054466965e-07    |    2.7652319596e+03    |    2.7652276823e+03    |
| 0.24000 |    3.8034701083e-07    |    2.7878921090e+03    |    2.7878880145e+03    |
| 0.24200 |    3.8014779282e-07    |    2.8105259193e+03    |    2.8105220081e+03    |
| 0.24400 |    3.7994701972e-07    |    2.8331326885e+03    |    2.8331289610e+03    |
| 0.24600 |    3.7974469572e-07    |    2.8557117033e+03    |    2.8557081601e+03    |
| 0.24800 |    3.7954082512e-07    |    2.8782622393e+03    |    2.8782588810e+03    |
| 0.25000 |    3.7933541233e-07    |    2.9007835610e+03    |    2.9007803881e+03    |
| 0.25200 |    3.7912846187e-07    |    2.9232749214e+03    |    2.9232719348e+03    |
| 0.25400 |    3.7891997836e-07    |    2.9457355626e+03    |    2.9457327628e+03    |
| 0.25600 |    3.7870996653e-07    |    2.9681647150e+03    |    2.9681621028e+03    |
| 0.25800 |    3.7849843123e-07    |    2.9905615979e+03    |    2.9905591741e+03    |
| 0.26000 |    3.7828537743e-07    |    3.0129254192e+03    |    3.0129231846e+03    |
| 0.26200 |    3.7807081018e-07    |    3.0352553754e+03    |    3.0352533308e+03    |
| 0.26400 |    3.7785473468e-07    |    3.0575506516e+03    |    3.0575487979e+03    |
| 0.26600 |    3.7763715625e-07    |    3.0798104214e+03    |    3.0798087595e+03    |
| 0.26800 |    3.7741808031e-07    |    3.1020338472e+03    |    3.1020323780e+03    |
| 0.27000 |    3.7719751240e-07    |    3.1242200796e+03    |    3.1242188041e+03    |
| 0.27200 |    3.7697545821e-07    |    3.1463682581e+03    |    3.1463671772e+03    |
| 0.27400 |    3.7675192351e-07    |    3.1684775104e+03    |    3.1684766252e+03    |
| 0.27600 |    3.7652691424e-07    |    3.1905469530e+03    |    3.1905462644e+03    |
| 0.27800 |    3.7630043645e-07    |    3.2125756907e+03    |    3.2125751998e+03    |
| 0.28000 |    3.7607249629e-07    |    3.2345628169e+03    |    3.2345625249e+03    |
| 0.28200 |    3.7584310009e-07    |    3.2565074137e+03    |    3.2565073216e+03    |
| 0.28400 |    3.7561225427e-07    |    3.2784085516e+03    |    3.2784086604e+03    |
| 0.28600 |    3.7537996541e-07    |    3.3002652894e+03    |    3.3002656005e+03    |
| 0.28800 |    3.7514624020e-07    |    3.3220766750e+03    |    3.3220771894e+03    |
| 0.29000 |    3.7491108549e-07    |    3.3438417445e+03    |    3.3438424634e+03    |
| 0.29200 |    3.7467450825e-07    |    3.3655595226e+03    |    3.3655604472e+03    |
| 0.29400 |    3.7443651559e-07    |    3.3872290227e+03    |    3.3872301543e+03    |
| 0.29600 |    3.7419711476e-07    |    3.4088492470e+03    |    3.4088505868e+03    |
| 0.29800 |    3.7395631315e-07    |    3.4304191862e+03    |    3.4304207355e+03    |
| 0.30000 |    3.7371411831e-07    |    3.4519378198e+03    |    3.4519395798e+03    |
| 0.30200 |    3.7347053791e-07    |    3.4734041159e+03    |    3.4734060879e+03    |
| 0.30400 |    3.7322557978e-07    |    3.4948170315e+03    |    3.4948192170e+03    |
| 0.30600 |    3.7297925188e-07    |    3.5161755127e+03    |    3.5161779128e+03    |
| 0.30800 |    3.7273156233e-07    |    3.5374784940e+03    |    3.5374811101e+03    |
| 0.31000 |    3.7248251940e-07    |    3.5587248992e+03    |    3.5587277327e+03    |
| 0.31200 |    3.7223213150e-07    |    3.5799136410e+03    |    3.5799166933e+03    |
| 0.31400 |    3.7198040721e-07    |    3.6010436211e+03    |    3.6010468936e+03    |
| 0.31600 |    3.7172735524e-07    |    3.6221137305e+03    |    3.6221172245e+03    |
| 0.31800 |    3.7147298446e-07    |    3.6431228493e+03    |    3.6431265662e+03    |
| 0.32000 |    3.7121730391e-07    |    3.6640698467e+03    |    3.6640737881e+03    |
| 0.32200 |    3.7096032277e-07    |    3.6849535816e+03    |    3.6849577487e+03    |
| 0.32400 |    3.7070205038e-07    |    3.7057729020e+03    |    3.7057772964e+03    |
| 0.32600 |    3.7044249624e-07    |    3.7265266456e+03    |    3.7265312688e+03    |
| 0.32800 |    3.7018167001e-07    |    3.7472136398e+03    |    3.7472184931e+03    |
| 0.33000 |    3.6991958150e-07    |    3.7678327014e+03    |    3.7678377864e+03    |
| 0.33200 |    3.6965624071e-07    |    3.7883826373e+03    |    3.7883879554e+03    |
| 0.33400 |    3.6939165776e-07    |    3.8088622442e+03    |    3.8088677969e+03    |
| 0.33600 |    3.6912584298e-07    |    3.8292703087e+03    |    3.8292760975e+03    |
| 0.33800 |    3.6885880682e-07    |    3.8496056078e+03    |    3.8496116342e+03    |
| 0.34000 |    3.6859055993e-07    |    3.8698669085e+03    |    3.8698731740e+03    |
| 0.34200 |    3.6832111311e-07    |    3.8900529683e+03    |    3.8900594744e+03    |
| 0.34400 |    3.6805047732e-07    |    3.9101625352e+03    |    3.9101692835e+03    |
| 0.34600 |    3.6777866370e-07    |    3.9301943478e+03    |    3.9302013398e+03    |
| 0.34800 |    3.6750568356e-07    |    3.9501471355e+03    |    3.9501543727e+03    |
| 0.35000 |    3.6723154837e-07    |    3.9700196186e+03    |    3.9700271025e+03    |
| 0.35200 |    3.6695626977e-07    |    3.9898105085e+03    |    3.9898182407e+03    |
| 0.35400 |    3.6667985958e-07    |    4.0095185078e+03    |    4.0095264898e+03    |
| 0.35600 |    3.6640232978e-07    |    4.0291423106e+03    |    4.0291505439e+03    |
| 0.35800 |    3.6612369254e-07    |    4.0486806023e+03    |    4.0486890885e+03    |
| 0.36000 |    3.6584396018e-07    |    4.0681320601e+03    |    4.0681408007e+03    |
| 0.36200 |    3.6556314520e-07    |    4.0874953533e+03    |    4.0875043499e+03    |
| 0.36400 |    3.6528126028e-07    |    4.1067691431e+03    |    4.1067783972e+03    |
| 0.36600 |    3.6499831828e-07    |    4.1259520829e+03    |    4.1259615960e+03    |
| 0.36800 |    3.6471433220e-07    |    4.1450428186e+03    |    4.1450525923e+03    |
| 0.37000 |    3.6442931527e-07    |    4.1640399889e+03    |    4.1640500247e+03    |
| 0.37200 |    3.6414328084e-07    |    4.1829422251e+03    |    4.1829525246e+03    |
| 0.37400 |    3.6385624246e-07    |    4.2017481517e+03    |    4.2017587164e+03    |
| 0.37600 |    3.6356821387e-07    |    4.2204563865e+03    |    4.2204672180e+03    |
| 0.37800 |    3.6327920896e-07    |    4.2390655408e+03    |    4.2390766405e+03    |
| 0.38000 |    3.6298924181e-07    |    4.2575742194e+03    |    4.2575855889e+03    |
| 0.38200 |    3.6269832666e-07    |    4.2759810213e+03    |    4.2759926622e+03    |
| 0.38400 |    3.6240647794e-07    |    4.2942845397e+03    |    4.2942964533e+03    |
| 0.38600 |    3.6211371026e-07    |    4.3124833619e+03    |    4.3124955499e+03    |
| 0.38800 |    3.6182003840e-07    |    4.3305760704e+03    |    4.3305885342e+03    |
| 0.39000 |    3.6152547730e-07    |    4.3485612420e+03    |    4.3485739832e+03    |
| 0.39200 |    3.6123004210e-07    |    4.3664374494e+03    |    4.3664504694e+03    |
| 0.39400 |    3.6093374811e-07    |    4.3842032601e+03    |    4.3842165605e+03    |
| 0.39600 |    3.6063661079e-07    |    4.4018572379e+03    |    4.4018708201e+03    |
| 0.39800 |    3.6033864580e-07    |    4.4193979421e+03    |    4.4194118076e+03    |
| 0.40000 |    3.6003986898e-07    |    4.4368239288e+03    |    4.4368380790e+03    |
| 0.40200 |    3.5974029631e-07    |    4.4541337503e+03    |    4.4541481867e+03    |
| 0.40400 |    3.5943994398e-07    |    4.4713259560e+03    |    4.4713406801e+03    |
| 0.40600 |    3.5913882832e-07    |    4.4883990924e+03    |    4.4884141056e+03    |
| 0.40800 |    3.5883696587e-07    |    4.5053517036e+03    |    4.5053670073e+03    |
| 0.41000 |    3.5853437330e-07    |    4.5221823313e+03    |    4.5221979270e+03    |
| 0.41200 |    3.5823106747e-07    |    4.5388895158e+03    |    4.5389054048e+03    |
| 0.41400 |    3.5792706542e-07    |    4.5554717953e+03    |    4.5554879791e+03    |
| 0.41600 |    3.5762238434e-07    |    4.5719277072e+03    |    4.5719441871e+03    |
| 0.41800 |    3.5731704159e-07    |    4.5882557878e+03    |    4.5882725654e+03    |
| 0.42000 |    3.5701105470e-07    |    4.6044545732e+03    |    4.6044716496e+03    |
| 0.42200 |    3.5670444138e-07    |    4.6205225991e+03    |    4.6205399758e+03    |
| 0.42400 |    3.5639721947e-07    |    4.6364584014e+03    |    4.6364760797e+03    |
| 0.42600 |    3.5608940701e-07    |    4.6522605167e+03    |    4.6522784979e+03    |
| 0.42800 |    3.5578102219e-07    |    4.6679274825e+03    |    4.6679457679e+03    |
| 0.43000 |    3.5547208333e-07    |    4.6834578375e+03    |    4.6834764284e+03    |
| 0.43200 |    3.5516260896e-07    |    4.6988501222e+03    |    4.6988690200e+03    |
| 0.43400 |    3.5485261773e-07    |    4.7141028793e+03    |    4.7141220852e+03    |
| 0.43600 |    3.5454212846e-07    |    4.7292146538e+03    |    4.7292341691e+03    |
| 0.43800 |    3.5423116012e-07    |    4.7441839937e+03    |    4.7442038196e+03    |
| 0.44000 |    3.5391973183e-07    |    4.7590094503e+03    |    4.7590295880e+03    |
| 0.44200 |    3.5360786288e-07    |    4.7736895784e+03    |    4.7737100292e+03    |
| 0.44400 |    3.5329557268e-07    |    4.7882229373e+03    |    4.7882437024e+03    |
| 0.44600 |    3.5298288080e-07    |    4.8026080906e+03    |    4.8026291711e+03    |
| 0.44800 |    3.5266980697e-07    |    4.8168436068e+03    |    4.8168650040e+03    |
| 0.45000 |    3.5235637104e-07    |    4.8309280601e+03    |    4.8309497751e+03    |
| 0.45200 |    3.5204259300e-07    |    4.8448600304e+03    |    4.8448820643e+03    |
| 0.45400 |    3.5172849301e-07    |    4.8586381039e+03    |    4.8586604579e+03    |
| 0.45600 |    3.5141409132e-07    |    4.8722608736e+03    |    4.8722835488e+03    |
| 0.45800 |    3.5109940834e-07    |    4.8857269397e+03    |    4.8857499371e+03    |
| 0.46000 |    3.5078446463e-07    |    4.8990349101e+03    |    4.8990582309e+03    |
| 0.46200 |    3.5046928083e-07    |    4.9121834008e+03    |    4.9122070461e+03    |
| 0.46400 |    3.5015387775e-07    |    4.9251710366e+03    |    4.9251950074e+03    |
| 0.46600 |    3.4983827631e-07    |    4.9379964512e+03    |    4.9380207485e+03    |
| 0.46800 |    3.4952249753e-07    |    4.9506582880e+03    |    4.9506829129e+03    |
| 0.47000 |    3.4920656258e-07    |    4.9631552005e+03    |    4.9631801539e+03    |
| 0.47200 |    3.4889049273e-07    |    4.9754858526e+03    |    4.9755111355e+03    |
| 0.47400 |    3.4857430935e-07    |    4.9876489195e+03    |    4.9876745329e+03    |
| 0.47600 |    3.4825803394e-07    |    4.9996430878e+03    |    4.9996690327e+03    |
| 0.47800 |    3.4794168810e-07    |    5.0114670563e+03    |    5.0114933337e+03    |
| 0.48000 |    3.4762529353e-07    |    5.0231195363e+03    |    5.0231461471e+03    |
| 0.48200 |    3.4730887202e-07    |    5.0345992524e+03    |    5.0346261974e+03    |
| 0.48400 |    3.4699244547e-07    |    5.0459049424e+03    |    5.0459322226e+03    |
| 0.48600 |    3.4667603586e-07    |    5.0570353588e+03    |    5.0570629751e+03    |
| 0.48800 |    3.4635966528e-07    |    5.0679892684e+03    |    5.0680172216e+03    |
| 0.49000 |    3.4604335588e-07    |    5.0787654533e+03    |    5.0787937443e+03    |
| 0.49200 |    3.4572712990e-07    |    5.0893627114e+03    |    5.0893913411e+03    |
| 0.49400 |    3.4541100968e-07    |    5.0997798568e+03    |    5.0998088259e+03    |
| 0.49600 |    3.4509501760e-07    |    5.1100157205e+03    |    5.1100450299e+03    |
| 0.49800 |    3.4477917612e-07    |    5.1200691507e+03    |    5.1200988012e+03    |
| 0.50000 |    3.4446350779e-07    |    5.1319294618e+03    |    5.1299690061e+03    |
| 0.50200 |    3.4414779031e-07    |    5.1438001217e+03    |    5.1396545316e+03    |
| 0.50400 |    3.4383226852e-07    |    5.1536814577e+03    |    5.1491542836e+03    |
| 0.50600 |    3.4351696509e-07    |    5.1633788495e+03    |    5.1584671858e+03    |
| 0.50800 |    3.4320190272e-07    |    5.1728912242e+03    |    5.1675921820e+03    |
| 0.51000 |    3.4288710418e-07    |    5.1822175290e+03    |    5.1765282364e+03    |
| 0.51200 |    3.4257259226e-07    |    5.1913567315e+03    |    5.1852743346e+03    |
| 0.51400 |    3.4225838982e-07    |    5.2003078204e+03    |    5.1938294841e+03    |
| 0.51600 |    3.4194451973e-07    |    5.2090698063e+03    |    5.2021927144e+03    |
| 0.51800 |    3.4163100492e-07    |    5.2176417217e+03    |    5.2103630782e+03    |
| 0.52000 |    3.4131786833e-07    |    5.2260226221e+03    |    5.2183396516e+03    |
| 0.52200 |    3.4100513292e-07    |    5.2342115864e+03    |    5.2261215345e+03    |
| 0.52400 |    3.4069282169e-07    |    5.2422077171e+03    |    5.2337078516e+03    |
| 0.52600 |    3.4038095762e-07    |    5.2500101416e+03    |    5.2410977527e+03    |
| 0.52800 |    3.4006956373e-07    |    5.2576180120e+03    |    5.2482904132e+03    |
| 0.53000 |    3.3975866303e-07    |    5.2650305062e+03    |    5.2552850348e+03    |
| 0.53200 |    3.3944827853e-07    |    5.2722468282e+03    |    5.2620808460e+03    |
| 0.53400 |    3.3913843324e-07    |    5.2792662088e+03    |    5.2686771028e+03    |
| 0.53600 |    3.3882915016e-07    |    5.2860879058e+03    |    5.2750730888e+03    |
| 0.53800 |    3.3852045226e-07    |    5.2927112053e+03    |    5.2812681164e+03    |
| 0.54000 |    3.3821236251e-07    |    5.2991354215e+03    |    5.2872615267e+03    |
| 0.54200 |    3.3790490383e-07    |    5.3053598975e+03    |    5.2930526907e+03    |
| 0.54400 |    3.3759809913e-07    |    5.3113840061e+03    |    5.2986410092e+03    |
| 0.54600 |    3.3729197128e-07    |    5.3172071500e+03    |    5.3040259139e+03    |
| 0.54800 |    3.3698654311e-07    |    5.3228287627e+03    |    5.3092068674e+03    |
| 0.55000 |    3.3668183738e-07    |    5.3282483086e+03    |    5.3141833642e+03    |
| 0.55200 |    3.3637787682e-07    |    5.3334652840e+03    |    5.3189549310e+03    |
| 0.55400 |    3.3607468411e-07    |    5.3384792172e+03    |    5.3235211273e+03    |
| 0.55600 |    3.3577228184e-07    |    5.3432896693e+03    |    5.3278815458e+03    |
| 0.55800 |    3.3547069255e-07    |    5.3478962347e+03    |    5.3320358129e+03    |
| 0.56000 |    3.3516993872e-07    |    5.3522985417e+03    |    5.3359835895e+03    |
| 0.56200 |    3.3487004270e-07    |    5.3564962527e+03    |    5.3397245712e+03    |
| 0.56400 |    3.3457102682e-07    |    5.3604890650e+03    |    5.3432584888e+03    |
| 0.56600 |    3.3427291327e-07    |    5.3642767111e+03    |    5.3465851090e+03    |
| 0.56800 |    3.3397572416e-07    |    5.3678589595e+03    |    5.3497042347e+03    |
| 0.57000 |    3.3367948151e-07    |    5.3712356148e+03    |    5.3526157054e+03    |
| 0.57200 |    3.3338420722e-07    |    5.3744065184e+03    |    5.3553193979e+03    |
| 0.57400 |    3.3308992307e-07    |    5.3773715489e+03    |    5.3578152266e+03    |
| 0.57600 |    3.3279665074e-07    |    5.3801306228e+03    |    5.3601031440e+03    |
| 0.57800 |    3.3250441178e-07    |    5.3826836945e+03    |    5.3621831411e+03    |
| 0.58000 |    3.3221322760e-07    |    5.3850307572e+03    |    5.3640552478e+03    |
| 0.58200 |    3.3192311949e-07    |    5.3871718428e+03    |    5.3657195332e+03    |
| 0.58400 |    3.3163410858e-07    |    5.3891070231e+03    |    5.3671761065e+03    |
| 0.58600 |    3.3134621587e-07    |    5.3908364095e+03    |    5.3684251166e+03    |
| 0.58800 |    3.3105946221e-07    |    5.3923601536e+03    |    5.3694667533e+03    |
| 0.59000 |    3.3077386827e-07    |    5.3936784478e+03    |    5.3703012471e+03    |
| 0.59200 |    3.3048945459e-07    |    5.3947915256e+03    |    5.3709288697e+03    |
| 0.59400 |    3.3020624151e-07    |    5.3956996618e+03    |    5.3713499344e+03    |
| 0.59600 |    3.2992424922e-07    |    5.3964031729e+03    |    5.3715647966e+03    |
| 0.59800 |    3.2964349771e-07    |    5.3969024177e+03    |    5.3715738536e+03    |
| 0.60000 |    3.2936400679e-07    |    5.3971977973e+03    |    5.3713775454e+03    |
| 0.60200 |    3.2908579609e-07    |    5.3972897556e+03    |    5.3709763548e+03    |
| 0.60400 |    3.2880888503e-07    |    5.3971787795e+03    |    5.3703708076e+03    |
| 0.60600 |    3.2853329284e-07    |    5.3968653992e+03    |    5.3695614731e+03    |
| 0.60800 |    3.2825903854e-07    |    5.3963501886e+03    |    5.3685489638e+03    |
| 0.61000 |    3.2798614093e-07    |    5.3956337654e+03    |    5.3673339364e+03    |
| 0.61200 |    3.2771461860e-07    |    5.3947167915e+03    |    5.3659170912e+03    |
| 0.61400 |    3.2744448992e-07    |    5.3935999728e+03    |    5.3642991730e+03    |
| 0.61600 |    3.2717577302e-07    |    5.3922840601e+03    |    5.3624809708e+03    |
| 0.61800 |    3.2690848582e-07    |    5.3907698487e+03    |    5.3604633179e+03    |
| 0.62000 |    3.2664264596e-07    |    5.3890581788e+03    |    5.3582470925e+03    |
| 0.62200 |    3.2637827089e-07    |    5.3871499355e+03    |    5.3558332174e+03    |
| 0.62400 |    3.2611537777e-07    |    5.3850460492e+03    |    5.3532226600e+03    |
| 0.62600 |    3.2585398353e-07    |    5.3827474954e+03    |    5.3504164330e+03    |
| 0.62800 |    3.2559410483e-07    |    5.3802552952e+03    |    5.3474155936e+03    |
| 0.63000 |    3.2533575809e-07    |    5.3775705148e+03    |    5.3442212442e+03    |
| 0.63200 |    3.2507895942e-07    |    5.3746942660e+03    |    5.3408345322e+03    |
| 0.63400 |    3.2482372471e-07    |    5.3716277061e+03    |    5.3372566496e+03    |
| 0.63600 |    3.2457006953e-07    |    5.3683720379e+03    |    5.3334888336e+03    |
| 0.63800 |    3.2431800921e-07    |    5.3649285095e+03    |    5.3295323662e+03    |
| 0.64000 |    3.2406755876e-07    |    5.3612984147e+03    |    5.3253885739e+03    |
| 0.64200 |    3.2381873292e-07    |    5.3574830925e+03    |    5.3210588282e+03    |
| 0.64400 |    3.2357154613e-07    |    5.3534839271e+03    |    5.3165445448e+03    |
| 0.64600 |    3.2332601254e-07    |    5.3493023481e+03    |    5.3118471838e+03    |
| 0.64800 |    3.2308214601e-07    |    5.3449398299e+03    |    5.3069682495e+03    |
| 0.65000 |    3.2283996006e-07    |    5.3403978920e+03    |    5.3019092902e+03    |
| 0.65200 |    3.2259946794e-07    |    5.3356780985e+03    |    5.2966718976e+03    |
| 0.65400 |    3.2236068256e-07    |    5.3307820578e+03    |    5.2912577072e+03    |
| 0.65600 |    3.2212361654e-07    |    5.3257114229e+03    |    5.2856683975e+03    |
| 0.65800 |    3.2188828216e-07    |    5.3204678905e+03    |    5.2799056897e+03    |
| 0.66000 |    3.2165469139e-07    |    5.3150532012e+03    |    5.2739713476e+03    |
| 0.66200 |    3.2142285587e-07    |    5.3094691388e+03    |    5.2678671772e+03    |
| 0.66400 |    3.2119278692e-07    |    5.3037175304e+03    |    5.2615950261e+03    |
| 0.66600 |    3.2096449553e-07    |    5.2978002456e+03    |    5.2551567831e+03    |
| 0.66800 |    3.2073799233e-07    |    5.2917191963e+03    |    5.2485543781e+03    |
| 0.67000 |    3.2051328766e-07    |    5.2854763363e+03    |    5.2417897810e+03    |
| 0.67200 |    3.2029039149e-07    |    5.2790736608e+03    |    5.2348650019e+03    |
| 0.67400 |    3.2006931344e-07    |    5.2725132061e+03    |    5.2277820898e+03    |
| 0.67600 |    3.1985006283e-07    |    5.2657970486e+03    |    5.2205431329e+03    |
| 0.67800 |    3.1963264859e-07    |    5.2589273050e+03    |    5.2131502570e+03    |
| 0.68000 |    3.1941707933e-07    |    5.2519061311e+03    |    5.2056056258e+03    |
| 0.68200 |    3.1920336330e-07    |    5.2447357215e+03    |    5.1979114396e+03    |
| 0.68400 |    3.1899150840e-07    |    5.2374183089e+03    |    5.1900699349e+03    |
| 0.68600 |    3.1878152219e-07    |    5.2299561635e+03    |    5.1820833838e+03    |
| 0.68800 |    3.1857341186e-07    |    5.2223515924e+03    |    5.1739540928e+03    |
| 0.69000 |    3.1836718426e-07    |    5.2146069386e+03    |    5.1656844024e+03    |
| 0.69200 |    3.1816284588e-07    |    5.2067245808e+03    |    5.1572766864e+03    |
| 0.69400 |    3.1796040285e-07    |    5.1987069320e+03    |    5.1487333506e+03    |
| 0.69600 |    3.1775986094e-07    |    5.1905564390e+03    |    5.1400568323e+03    |
| 0.69800 |    3.1756122558e-07    |    5.1822755820e+03    |    5.1312495992e+03    |
| 0.70000 |    3.1736450182e-07    |    5.1738668728e+03    |    5.1223141489e+03    |
| 0.70200 |    3.1716969436e-07    |    5.1653328549e+03    |    5.1132530072e+03    |
| 0.70400 |    3.1697680755e-07    |    5.1566761020e+03    |    5.1040687278e+03    |
| 0.70600 |    3.1678584538e-07    |    5.1478992171e+03    |    5.0947638910e+03    |
| 0.70800 |    3.1659681145e-07    |    5.1390048321e+03    |    5.0853411026e+03    |
| 0.71000 |    3.1640970906e-07    |    5.1299956059e+03    |    5.0758029931e+03    |
| 0.71200 |    3.1622454109e-07    |    5.1208742242e+03    |    5.0661522163e+03    |
| 0.71400 |    3.1604131011e-07    |    5.1116433980e+03    |    5.0563914482e+03    |
| 0.71600 |    3.1586001831e-07    |    5.1023058628e+03    |    5.0465233863e+03    |
| 0.71800 |    3.1568066754e-07    |    5.0928643774e+03    |    5.0365507478e+03    |
| 0.72000 |    3.1550325927e-07    |    5.0833217225e+03    |    5.0264762688e+03    |
| 0.72200 |    3.1532779464e-07    |    5.0736807002e+03    |    5.0163027029e+03    |
| 0.72400 |    3.1515427442e-07    |    5.0639441323e+03    |    5.0060328201e+03    |
| 0.72600 |    3.1498269905e-07    |    5.0541148593e+03    |    4.9956694054e+03    |
| 0.72800 |    3.1481306861e-07    |    5.0441957391e+03    |    4.9852152575e+03    |
| 0.73000 |    3.1464538282e-07    |    5.0341896461e+03    |    4.9746731876e+03    |
| 0.73200 |    3.1447964108e-07    |    5.0240994693e+03    |    4.9640460179e+03    |
| 0.73400 |    3.1431584242e-07    |    5.0139281120e+03    |    4.9533365804e+03    |
| 0.73600 |    3.1415398555e-07    |    5.0036784893e+03    |    4.9425477153e+03    |
| 0.73800 |    3.1399406883e-07    |    4.9933535279e+03    |    4.9316822699e+03    |
| 0.74000 |    3.1383609027e-07    |    4.9829561642e+03    |    4.9207430969e+03    |
| 0.74200 |    3.1368004758e-07    |    4.9724893430e+03    |    4.9097330530e+03    |
| 0.74400 |    3.1352593810e-07    |    4.9619560162e+03    |    4.8986549977e+03    |
| 0.74600 |    3.1337375888e-07    |    4.9513591416e+03    |    4.8875117916e+03    |
| 0.74800 |    3.1322350660e-07    |    4.9407016812e+03    |    4.8763062947e+03    |
| 0.75000 |    3.1307517764e-07    |    4.9299865999e+03    |    4.8650413654e+03    |
| 0.75200 |    3.1292876807e-07    |    4.9192168645e+03    |    4.8537198589e+03    |
| 0.75400 |    3.1278427363e-07    |    4.9083954417e+03    |    4.8423446251e+03    |
| 0.75600 |    3.1264168974e-07    |    4.8975252969e+03    |    4.8309185079e+03    |
| 0.75800 |    3.1250101151e-07    |    4.8866093929e+03    |    4.8194443431e+03    |
| 0.76000 |    3.1236223377e-07    |    4.8756506885e+03    |    4.8079249569e+03    |
| 0.76200 |    3.1222535100e-07    |    4.8646521368e+03    |    4.7963631648e+03    |
| 0.76400 |    3.1209035742e-07    |    4.8536166839e+03    |    4.7847617694e+03    |
| 0.76600 |    3.1195724694e-07    |    4.8425472675e+03    |    4.7731235593e+03    |
| 0.76800 |    3.1182601318e-07    |    4.8314468155e+03    |    4.7614513075e+03    |
| 0.77000 |    3.1169664945e-07    |    4.8203182446e+03    |    4.7497477696e+03    |
| 0.77200 |    3.1156914881e-07    |    4.8091644587e+03    |    4.7380156826e+03    |
| 0.77400 |    3.1144350401e-07    |    4.7979883476e+03    |    4.7262577631e+03    |
| 0.77600 |    3.1131970755e-07    |    4.7867927857e+03    |    4.7144767057e+03    |
| 0.77800 |    3.1119775164e-07    |    4.7755806303e+03    |    4.7026751817e+03    |
| 0.78000 |    3.1107762822e-07    |    4.7643547208e+03    |    4.6908558377e+03    |
| 0.78200 |    3.1095932898e-07    |    4.7531178766e+03    |    4.6790212936e+03    |
| 0.78400 |    3.1084284533e-07    |    4.7418728963e+03    |    4.6671741415e+03    |
| 0.78600 |    3.1072816845e-07    |    4.7306225564e+03    |    4.6553169442e+03    |
| 0.78800 |    3.1061528925e-07    |    4.7193696095e+03    |    4.6434522334e+03    |
| 0.79000 |    3.1050419840e-07    |    4.7081167837e+03    |    4.6315825088e+03    |
| 0.79200 |    3.1039488632e-07    |    4.6968667808e+03    |    4.6197102363e+03    |
| 0.79400 |    3.1028734321e-07    |    4.6856222754e+03    |    4.6078378468e+03    |
| 0.79600 |    3.1018155902e-07    |    4.6743859136e+03    |    4.5959677345e+03    |
| 0.79800 |    3.1007752348e-07    |    4.6631603119e+03    |    4.5841022560e+03    |
| 0.80000 |    3.0997522610e-07    |    4.6519480561e+03    |    4.5722437289e+03    |
| 0.80200 |    3.0987465615e-07    |    4.6407517005e+03    |    4.5603944302e+03    |
| 0.80400 |    3.0977580271e-07    |    4.6295737661e+03    |    4.5485565955e+03    |
| 0.80600 |    3.0967865462e-07    |    4.6184167407e+03    |    4.5367324174e+03    |
| 0.80800 |    3.0958320055e-07    |    4.6072830770e+03    |    4.5249240445e+03    |
| 0.81000 |    3.0948942895e-07    |    4.5961751925e+03    |    4.5131335806e+03    |
| 0.81200 |    3.0939732805e-07    |    4.5850954682e+03    |    4.5013630830e+03    |
| 0.81400 |    3.0930688594e-07    |    4.5740462481e+03    |    4.4896145619e+03    |
| 0.81600 |    3.0921809046e-07    |    4.5630298383e+03    |    4.4778899792e+03    |
| 0.81800 |    3.0913092932e-07    |    4.5520485064e+03    |    4.4661912478e+03    |
| 0.82000 |    3.0904539002e-07    |    4.5411044815e+03    |    4.4545202305e+03    |
| 0.82200 |    3.0896145989e-07    |    4.5301999526e+03    |    4.4428787390e+03    |
| 0.82400 |    3.0887912609e-07    |    4.5193370693e+03    |    4.4312685337e+03    |
| 0.82600 |    3.0879837563e-07    |    4.5085179409e+03    |    4.4196913222e+03    |
| 0.82800 |    3.0871919532e-07    |    4.4977446361e+03    |    4.4081487595e+03    |
| 0.83000 |    3.0864157184e-07    |    4.4870191830e+03    |    4.3966424464e+03    |
| 0.83200 |    3.0856549172e-07    |    4.4763435690e+03    |    4.3851739299e+03    |
| 0.83400 |    3.0849094133e-07    |    4.4657197408e+03    |    4.3737447021e+03    |
| 0.83600 |    3.0841790688e-07    |    4.4551496045e+03    |    4.3623561999e+03    |
| 0.83800 |    3.0834637447e-07    |    4.4446350255e+03    |    4.3510098048e+03    |
| 0.84000 |    3.0827633003e-07    |    4.4341778295e+03    |    4.3397068425e+03    |
| 0.84200 |    3.0820775938e-07    |    4.4237798020e+03    |    4.3284485827e+03    |
| 0.84400 |    3.0814064820e-07    |    4.4134426896e+03    |    4.3172362389e+03    |
| 0.84600 |    3.0807498205e-07    |    4.4031682000e+03    |    4.3060709682e+03    |
| 0.84800 |    3.0801074635e-07    |    4.3929580033e+03    |    4.2949538717e+03    |
| 0.85000 |    3.0794792643e-07    |    4.3828137322e+03    |    4.2838859942e+03    |
| 0.85200 |    3.0788650747e-07    |    4.3727369837e+03    |    4.2728683241e+03    |
| 0.85400 |    3.0782647457e-07    |    4.3627293194e+03    |    4.2619017944e+03    |
| 0.85600 |    3.0776781272e-07    |    4.3527922676e+03    |    4.2509872821e+03    |
| 0.85800 |    3.0771050677e-07    |    4.3429273238e+03    |    4.2401256090e+03    |
| 0.86000 |    3.0765454152e-07    |    4.3331359530e+03    |    4.2293175419e+03    |
| 0.86200 |    3.0759990163e-07    |    4.3234195907e+03    |    4.2185637935e+03    |
| 0.86400 |    3.0754657169e-07    |    4.3137796451e+03    |    4.2078650222e+03    |
| 0.86600 |    3.0749453620e-07    |    4.3042174989e+03    |    4.1972218334e+03    |
| 0.86800 |    3.0744377955e-07    |    4.2947345113e+03    |    4.1866347800e+03    |
| 0.87000 |    3.0739428607e-07    |    4.2853320207e+03    |    4.1761043627e+03    |
| 0.87200 |    3.0734604001e-07    |    4.2760113466e+03    |    4.1656310316e+03    |
| 0.87400 |    3.0729902551e-07    |    4.2667737926e+03    |    4.1552151865e+03    |
| 0.87600 |    3.0725322668e-07    |    4.2576206492e+03    |    4.1448571778e+03    |
| 0.87800 |    3.0720862752e-07    |    4.2485531966e+03    |    4.1345573079e+03    |
| 0.88000 |    3.0716521199e-07    |    4.2395727081e+03    |    4.1243158321e+03    |
| 0.88200 |    3.0712296396e-07    |    4.2306804534e+03    |    4.1141329593e+03    |
| 0.88400 |    3.0708186726e-07    |    4.2218777024e+03    |    4.1040088540e+03    |
| 0.88600 |    3.0704190565e-07    |    4.2131657289e+03    |    4.0939436364e+03    |
| 0.88800 |    3.0700306282e-07    |    4.2045458148e+03    |    4.0839373848e+03    |
| 0.89000 |    3.0696532244e-07    |    4.1960192547e+03    |    4.0739901361e+03    |
| 0.89200 |    3.0692866810e-07    |    4.1875873599e+03    |    4.0641018872e+03    |
| 0.89400 |    3.0689308335e-07    |    4.1792514643e+03    |    4.0542725967e+03    |
| 0.89600 |    3.0685855171e-07    |    4.1710129287e+03    |    4.0445021863e+03    |
| 0.89800 |    3.0682505663e-07    |    4.1628731471e+03    |    4.0347905417e+03    |
| 0.90000 |    3.0679258155e-07    |    4.1548335521e+03    |    4.0251375145e+03    |
| 0.90200 |    3.0676110986e-07    |    4.1468956218e+03    |    4.0155429236e+03    |
| 0.90400 |    3.0673062492e-07    |    4.1390608857e+03    |    4.0060065566e+03    |
| 0.90600 |    3.0670111006e-07    |    4.1313309326e+03    |    3.9965281713e+03    |
| 0.90800 |    3.0667254859e-07    |    4.1237074179e+03    |    3.9871074971e+03    |
| 0.91000 |    3.0664492379e-07    |    4.1161920715e+03    |    3.9777442366e+03    |
| 0.91200 |    3.0661821891e-07    |    4.1087867069e+03    |    3.9684380671e+03    |
| 0.91400 |    3.0659241722e-07    |    4.1014932302e+03    |    3.9591886421e+03    |
| 0.91600 |    3.0656750193e-07    |    4.0943136502e+03    |    3.9499955925e+03    |
| 0.91800 |    3.0654345628e-07    |    4.0872500889e+03    |    3.9408585284e+03    |
| 0.92000 |    3.0652026347e-07    |    4.0803047932e+03    |    3.9317770404e+03    |
| 0.92200 |    3.0649790673e-07    |    4.0734801470e+03    |    3.9227507007e+03    |
| 0.92400 |    3.0647636926e-07    |    4.0667786846e+03    |    3.9137790650e+03    |
| 0.92600 |    3.0645563429e-07    |    4.0602031051e+03    |    3.9048616735e+03    |
| 0.92800 |    3.0643568504e-07    |    4.0537562880e+03    |    3.8959980522e+03    |
| 0.93000 |    3.0641650474e-07    |    4.0474413100e+03    |    3.8871877143e+03    |
| 0.93200 |    3.0639807666e-07    |    4.0412614633e+03    |    3.8784301613e+03    |
| 0.93400 |    3.0638038407e-07    |    4.0352202759e+03    |    3.8697248843e+03    |
| 0.93600 |    3.0636341026e-07    |    4.0293215330e+03    |    3.8610713649e+03    |
| 0.93800 |    3.0634713856e-07    |    4.0235693012e+03    |    3.8524690766e+03    |
| 0.94000 |    3.0633155232e-07    |    4.0179679544e+03    |    3.8439174855e+03    |
| 0.94200 |    3.0631663495e-07    |    4.0125222029e+03    |    3.8354160515e+03    |
| 0.94400 |    3.0630236987e-07    |    4.0072371247e+03    |    3.8269642292e+03    |
| 0.94600 |    3.0628874058e-07    |    4.0021182010e+03    |    3.8185614685e+03    |
| 0.94800 |    3.0627573060e-07    |    3.9971713545e+03    |    3.8102072158e+03    |
| 0.95000 |    3.0626332353e-07    |    3.9924029923e+03    |    3.8019009145e+03    |
| 0.95200 |    3.0625150300e-07    |    3.9878200541e+03    |    3.7936420060e+03    |
| 0.95400 |    3.0624025275e-07    |    3.9834300649e+03    |    3.7854299299e+03    |
| 0.95600 |    3.0622955655e-07    |    3.9792411950e+03    |    3.7772641250e+03    |
| 0.95800 |    3.0621939826e-07    |    3.9752623264e+03    |    3.7691440298e+03    |
| 0.96000 |    3.0620976185e-07    |    3.9715031275e+03    |    3.7610690829e+03    |
| 0.96200 |    3.0620063134e-07    |    3.9679741377e+03    |    3.7530387237e+03    |
| 0.96400 |    3.0619199085e-07    |    3.9646868623e+03    |    3.7450523924e+03    |
| 0.96600 |    3.0618382463e-07    |    3.9616538808e+03    |    3.7371095310e+03    |
| 0.96800 |    3.0617611700e-07    |    3.9588889683e+03    |    3.7292095835e+03    |
| 0.97000 |    3.0616885241e-07    |    3.9564072359e+03    |    3.7213519958e+03    |
| 0.97200 |    3.0616201543e-07    |    3.9542252892e+03    |    3.7135362166e+03    |
| 0.97400 |    3.0615559077e-07    |    3.9523614108e+03    |    3.7057616976e+03    |
| 0.97600 |    3.0614956323e-07    |    3.9508357703e+03    |    3.6980278936e+03    |
| 0.97800 |    3.0614391779e-07    |    3.9496706659e+03    |    3.6903342626e+03    |
| 0.98000 |    3.0613863957e-07    |    3.9488908043e+03    |    3.6826802668e+03    |
| 0.98200 |    3.0613371384e-07    |    3.9485236264e+03    |    3.6750653720e+03    |
| 0.98400 |    3.0612912602e-07    |    3.9485996863e+03    |    3.6674890484e+03    |
| 0.98600 |    3.0612486173e-07    |    3.9491530963e+03    |    3.6599507706e+03    |
| 0.98800 |    3.0612090673e-07    |    3.9502220495e+03    |    3.6524500180e+03    |
| 0.99000 |    3.0611724700e-07    |    3.9518494376e+03    |    3.6449862747e+03    |
| 0.99200 |    3.0611386870e-07    |    3.9540835847e+03    |    3.6375590303e+03    |
| 0.99400 |    3.0611075819e-07    |    3.9569791227e+03    |    3.6301677797e+03    |
| 0.99600 |    3.0610790206e-07    |    3.9605980417e+03    |    3.6228120234e+03    |
| 0.99800 |    3.0610528709e-07    |    3.9650109577e+03    |    3.6154912679e+03    |
| 1.00000 |    3.0610290031e-07    |    3.9592073164e+03    |    3.6082050261e+03    |
--------------------------------------------------------------------------------------